1.51595658,13.0176,3.56057,1.53869,73.1084,0.72036,7.9048,0.0,0.0,negative
1.51812068,13.33015,3.84793,1.24979,72.778,0.52164,8.12,0.0,0.0,negative
1.51629828,12.7117,3.33158,1.49054,73.282,0.67068,8.23836,0.0,0.0,negative
1.52121876,14.0284,3.75813,0.5789,71.7924,0.11178,9.64792,0.0,0.0,negative
1.51793844,13.21045,3.47975,1.41029,72.638,0.58995,8.43204,0.0,0.0,positive
1.51916856,14.1481,0.0,2.09081,72.7388,0.0,10.88532,0.0,0.0,negative
1.51831787,13.46492,3.56268,0.96225,72.4008,0.23108,9.05538,0.0,0.0178,positive
1.517379,14.417,3.46824,1.20522,73.0206,0.66015,9.00034,0.0,0.0,positive
1.51727782,14.70005,0.0,2.34119,73.282,0.0,8.94852,0.6615,0.0,negative
1.52296065,13.71047,3.39656,1.33204,72.6377,0.68931,9.50183,0.00212,0.0,positive
1.52126432,14.321,3.90181,0.82928,71.5012,0.0,9.48652,0.0,0.0,negative
1.51613882,13.922,3.52016,1.24979,72.8788,0.3726,7.93708,0.0,0.0714,negative
1.51916705,14.35958,3.26151,1.28104,71.5683,0.22673,10.568,0.0,0.0,positive
1.51846238,13.40995,3.88834,1.33004,72.3804,0.50922,8.2814,0.0,0.0,negative
1.5166172,12.85135,3.51118,1.43918,73.0076,0.6831,8.2276,0.5985,0.1275,negative
1.51130946,13.68925,3.20137,1.81154,72.8116,1.75743,5.43,1.1907,0.0,negative
1.51850794,13.19715,3.62792,1.07003,72.8284,0.57132,8.41052,0.09135,0.0867,negative
1.51818902,12.6186,2.76135,0.82928,73.8084,0.34776,9.42196,0.0,0.102,negative
1.51299518,14.4008,1.74212,1.53869,74.5476,0.0,7.59276,0.0,0.0,negative
1.53393,12.2994,0.0,0.99941,70.1628,0.11799,16.19,0.0,0.1224,negative
1.51828014,13.23705,3.90181,1.41029,72.33,0.55269,8.31368,0.0,0.051,negative
1.51796122,12.7383,3.47975,1.3493,72.9572,0.63963,8.67952,0.0,0.0,positive
1.51624735,13.80409,3.45287,1.26434,73.1251,0.57519,10.40822,0.00261,0.0025,positive
1.52222108,13.21045,3.7716,0.79076,71.9884,0.13041,10.2452,0.0,0.0,positive
1.52320062,13.7225,3.72221,0.51149,71.7476,0.08694,10.568,0.0,0.0816,positive
1.5160477,12.8979,3.43934,1.44881,73.58,0.44091,8.27064,0.0,0.0,negative
1.51748284,12.858,3.56057,1.26905,73.2092,0.54027,8.37824,0.0,0.0867,positive
1.51256631,14.07109,3.73723,0.83886,73.2265,0.6441,8.50734,0.0,0.0,positive
1.51412147,14.02598,3.90134,1.26495,71.3947,0.32634,8.71101,0.22607,0.0,positive
1.51720948,13.3767,3.5022,1.15028,72.8508,0.50301,8.43204,0.0,0.0,positive
1.51689056,13.33015,3.53812,1.60931,72.5428,0.6831,8.10924,0.0,0.0,negative
1.52043453,14.37682,3.63928,1.08301,71.3826,0.23302,9.64577,0.0,0.0,positive
1.51408862,14.24785,3.08912,2.08118,72.2796,1.09917,7.07628,0.0,0.0,negative
1.52013582,12.46952,3.84654,1.11812,72.9361,0.67205,10.568,0.0,0.0008,positive
1.52725546,13.8023,3.15198,0.65915,70.5716,0.08073,11.63852,0.0,0.0,negative
1.51556932,13.8688,0.0,2.54021,73.2316,0.14283,9.4112,0.80955,0.0051,negative
1.5163894,12.5521,3.47975,1.86932,73.2316,0.62721,8.07696,0.0,0.459,negative
1.52365622,15.79065,1.83192,1.31078,70.4316,0.3105,8.61496,1.67895,0.0,negative
1.523679,13.4432,0.0,1.58042,72.218,0.32292,12.24108,0.0,0.0,negative
1.51789288,13.1905,3.90181,1.30115,72.33,0.55269,8.4428,0.0,0.1428,negative
1.52210718,14.188,3.78058,0.90953,71.3612,0.22977,9.1422,0.0,0.1887,negative
1.52613924,13.70255,0.0,1.35893,71.238,0.19251,13.43544,0.0,0.051,negative
1.51761952,12.79815,3.65935,1.26905,73.0076,0.60237,8.56116,0.0,0.0,positive
1.51898632,13.58285,3.34954,1.23053,72.078,0.58995,8.90548,0.0,0.0,positive
1.52212996,14.20795,3.82099,0.46976,71.77,0.11178,9.5726,0.0,0.0,positive
1.51761952,12.61195,3.592,1.31078,73.2876,0.57753,8.4966,0.0,0.0,positive
1.52088502,13.28413,3.99125,1.18249,72.3543,0.55143,7.88981,0.02527,0.0,positive
1.51595658,12.7915,3.60996,1.61894,72.9684,0.63963,8.0662,0.0,0.1326,positive
1.51768786,12.65185,3.56057,1.30115,73.0804,0.60858,8.69028,0.0,0.0714,positive
1.52119598,12.97105,0.32777,1.5098,73.3884,0.13041,11.27268,0.0,0.1428,negative
1.51784732,13.7745,3.48873,1.27868,72.862,0.60237,8.48584,0.0,0.0,positive
1.5170728,13.7225,3.6818,1.81154,72.0612,0.63963,7.88328,0.0,0.0,negative
1.51800484,13.79955,3.78819,1.3056,72.3656,0.51861,10.54601,0.0,0.0012,positive
1.5215149,13.11735,3.57853,0.8999,72.2012,0.22977,9.82008,0.0,0.0816,positive
1.51645774,14.93945,0.0,1.86932,73.1084,0.0,8.66876,1.3797,0.0,negative
1.51796122,13.50305,3.35852,1.62857,71.938,0.57132,8.80864,0.0,0.459,negative
1.5174145,13.2703,3.61894,1.24016,73.0804,0.55269,8.0662,0.0,0.0,positive
1.5184396,13.25035,3.75813,1.32041,72.4028,0.57753,8.42128,0.0,0.0,negative
1.51782454,12.69175,3.53812,1.33967,72.9516,0.57132,8.75484,0.0,0.0,positive
1.51720948,12.8713,3.47975,1.33004,73.0412,0.5589,8.43204,0.0,0.0,positive
1.51884189,13.07884,3.6163,1.04206,72.2301,0.55129,8.16305,0.0,0.0,positive
1.52006531,13.34913,3.70406,1.20743,73.2599,0.58431,10.42816,0.0,0.0,positive
1.51670832,13.23705,3.56955,1.3814,72.6996,0.5589,8.4428,0.0,0.051,negative
1.52266023,14.39988,3.6306,1.08112,72.6986,0.34683,8.81812,0.0,0.016,positive
1.52315506,13.4432,3.34056,1.23053,72.3804,0.60237,8.83016,0.0,0.0,negative
1.52444243,13.50231,3.57104,1.13584,72.4386,0.58767,8.40069,0.0,0.0,positive
1.51115,17.38,0.0,0.34136,75.41,0.0,6.64588,0.0,0.0,negative
1.51755118,12.7117,3.42138,1.19843,73.198,0.58995,8.63648,0.0,0.0,positive
1.5196925,12.63855,0.0,1.65104,73.7524,0.37881,11.53092,0.0,0.0,negative
1.52159709,14.40603,3.7155,1.4139,72.5039,0.07732,7.77568,0.0,0.0,positive
1.51761952,13.88875,3.60098,1.35893,72.7276,0.47817,7.82948,0.0,0.0,positive
1.52218654,13.3767,3.93252,0.94723,72.7586,0.0,8.27253,0.01327,0.0227,positive
1.52210718,13.72915,3.83895,0.72014,71.7588,0.16767,9.74476,0.0,0.0,positive
1.5193508,13.6427,3.53812,0.74903,72.6492,0.16146,8.89472,0.1512,0.1224,negative
1.51976084,13.80895,3.57853,1.32041,71.7196,0.11799,8.66876,0.68985,0.0,positive
1.5167311,12.7915,3.52016,1.53869,73.3604,0.65826,7.9048,0.0,0.0,negative
1.51663998,12.93115,3.53812,1.61894,72.9572,0.63963,8.03392,0.0,0.1071,negative
1.5161616,14.95275,0.0,2.27057,73.2988,0.0,8.7118,0.67095,0.0,negative
1.52143563,14.17962,3.5655,1.26196,72.59,0.43372,10.568,0.0,0.0,positive
1.51925968,13.19715,3.33158,1.27868,72.358,0.60237,9.1422,0.0,0.0561,positive
1.52328303,13.83527,3.85237,1.08288,73.0558,0.10824,7.88466,0.63341,0.0217,positive
1.52171992,11.56125,1.88131,1.56116,72.862,0.47196,11.41256,0.0,0.0,negative
1.52030555,13.62426,3.61879,0.93936,71.5452,0.0,8.62435,0.17481,0.0077,positive
1.51789473,13.6465,3.63945,0.59427,72.3407,0.57122,8.5554,0.0,0.0,positive
1.51588824,13.11735,3.40791,1.58042,73.2596,0.06831,8.389,0.0,0.0969,negative
1.51831665,14.12776,3.73875,1.1448,72.57,0.29182,9.04833,0.0,0.0,positive
1.52171992,13.4831,3.74017,0.8999,72.0108,0.18009,9.60488,0.0,0.0357,positive
1.51777898,13.21045,3.38995,1.33004,72.7612,0.58995,8.59344,0.0,0.0,positive
1.5175284,12.57205,3.47077,1.3814,73.3884,0.60237,8.5504,0.0,0.0306,positive
1.5266404,11.22875,0.0,0.7715,73.2092,0.0,14.6836,0.0,0.0,negative
1.5277794,12.63855,0.0,0.66878,72.022,0.0621,14.40384,0.0,0.0,negative
1.51919134,14.417,3.57853,1.36856,72.078,0.5589,8.30292,0.0,0.0,positive
1.51215232,14.417,3.66447,1.24251,72.0705,0.50047,8.1177,0.0,0.0,positive
1.51622994,14.14145,0.0,2.88047,72.61,0.08073,9.18524,1.06155,0.0,negative
1.5167311,12.8713,3.56057,1.64141,73.142,0.65205,7.99088,0.0,0.0,negative
1.51784732,12.67845,3.66833,1.15991,73.1084,0.60858,8.70104,0.0,0.0,positive
1.51643496,12.15975,3.52016,1.3493,72.89,0.57132,8.52888,0.0,0.0,negative
1.52172464,14.417,3.37272,1.09917,72.9686,0.65715,8.69809,0.0,0.0,positive
1.5177562,12.85135,3.47975,1.23053,72.9684,0.60858,8.56116,0.09135,0.1122,positive
1.51846238,13.0974,3.96916,1.1888,72.442,0.60237,8.43204,0.0,0.0,negative
1.52176548,13.7491,1.01025,1.35893,72.19,0.32913,11.14356,0.0,0.0,negative
1.51841682,13.0176,3.61894,1.0604,72.3412,0.63963,9.13144,0.0,0.0765,negative
1.5159338,13.09075,3.52016,1.55153,72.8676,0.6831,8.04468,0.0,0.459,negative
1.52222108,14.4274,0.0,0.99941,72.6716,0.09936,11.52016,0.0,0.0408,negative
1.5151365,14.853,0.0,2.42144,73.7188,0.0,8.389,0.5607,0.0,negative
1.5165033,14.38085,0.0,1.93994,73.6124,0.0,8.47508,1.5687,0.0,negative
1.51743728,12.19965,3.25076,1.15991,73.5508,0.621,8.89472,0.0,0.1224,negative
1.51907728,12.65661,3.6003,0.61304,73.3282,0.64393,10.25069,0.0,0.0,positive
1.52042146,13.3767,0.0,1.40066,72.2516,0.32913,12.49932,0.0,0.0,negative
1.51768786,12.55875,3.52016,1.42955,73.1476,0.57132,8.53964,0.0,0.0,positive
1.51682222,14.5604,0.0,1.97846,73.2876,0.0,8.51812,1.5687,0.0357,negative
1.51805234,12.99765,3.79854,1.07966,73.0692,0.5589,8.37824,0.0,0.0612,negative
1.51545542,14.14145,0.0,2.68145,73.3884,0.08073,9.06688,0.6111,0.0255,negative
1.51602492,14.853,0.0,2.37971,73.282,0.0,8.75484,0.63945,0.459,negative
1.52058092,12.85135,1.61191,2.17106,72.1788,0.75762,9.70172,0.2394,0.2601,negative
1.52133107,13.74564,3.46057,1.12556,72.3197,0.67978,10.19932,0.0,0.0001,positive
1.5205993,13.74157,3.81965,0.82978,72.5774,0.6566,9.14932,0.0,0.0,positive
1.51693612,12.858,3.57853,1.31078,72.61,0.60858,8.78712,0.0,0.0,negative
1.51645774,13.4033,3.48873,1.51943,72.6492,0.67068,8.07696,0.0,0.051,negative
1.51657164,14.7998,0.0,1.9913,73.1084,0.0,8.2814,1.71045,0.0,negative
1.515706,12.71835,3.46179,1.56116,73.198,0.67068,8.08772,0.0,0.1224,positive
1.51609326,13.42325,3.39893,1.2209,72.6884,0.58995,8.32444,0.0,0.0,negative
1.52171992,13.5097,3.8614,0.88064,71.7924,0.22977,9.54032,0.0,0.0561,positive
1.51839404,12.85135,3.66833,1.24016,72.5708,0.621,8.67952,0.0,0.1785,negative
1.51637623,13.92489,3.38685,1.33234,72.1404,0.45369,10.17027,0.01609,0.0,positive
1.51765891,13.69867,3.3844,1.05383,71.35,0.37778,10.568,0.0,0.0119,positive
1.51711836,14.2279,0.0,2.08118,73.3604,0.0,8.61496,1.6695,0.0,negative
1.51360172,13.32501,3.52883,1.08121,73.3306,0.45827,9.13655,0.0,0.0,positive
1.51746006,12.83805,3.5022,1.14065,73.2708,0.5589,8.5504,0.0,0.0,positive
1.51848516,13.6427,3.87038,1.26905,71.9604,0.54027,8.32444,0.0,0.1632,negative
1.51853072,14.08825,2.19112,1.66067,72.6716,0.0,9.32512,0.0,0.0,negative
1.51905466,13.6028,3.61894,1.10855,72.638,0.14283,8.75484,0.0,0.0,positive
1.51736894,12.7782,3.61894,1.29152,72.7892,0.58995,8.70104,0.0,0.0,positive
1.51937358,13.789,2.41113,1.1888,72.7612,0.0,9.76628,0.0,0.0,negative
1.52408904,13.8289,2.90054,1.16954,71.1484,0.08073,10.78848,0.0,0.0,negative
1.51591102,13.23705,3.34056,1.47128,73.0972,0.39123,8.21684,0.0,0.0,negative
1.52248148,13.65841,3.69276,1.10291,72.5594,0.54843,9.96421,0.0,0.0939,positive
1.51777898,13.21045,2.81074,1.29152,72.9796,0.50922,9.02384,0.0,0.459,positive
1.51871296,12.93115,3.65935,1.56116,72.5092,0.57753,8.5504,0.0,0.0612,negative
1.51430597,13.37432,3.76225,1.18496,72.4963,0.68931,8.48616,0.0,0.0009,positive
1.52173666,13.53248,3.6996,0.46976,71.4807,0.60184,9.37492,0.0,0.0,positive
1.5159338,13.09075,3.592,1.51943,73.0972,0.67068,7.82948,0.0,0.0,negative
1.51470989,13.6102,3.87938,1.20399,72.9634,0.42434,8.10601,0.0,0.1028,positive
1.51689056,12.6718,2.87809,1.70882,73.2092,0.73278,8.53964,0.0,0.0,negative
1.51609326,15.126,0.0,2.51132,73.0524,0.04968,8.83016,0.5292,0.0,negative
1.51711836,12.89125,3.61894,1.57079,72.9572,0.60858,8.10924,0.0,0.0,negative
1.51837126,13.1373,2.84217,1.27868,72.8508,0.55269,9.06688,0.0,0.0,positive
1.51768786,12.45235,2.71196,1.29152,73.702,0.5589,9.05612,0.0,0.1224,positive
1.51215232,12.991,3.47077,1.12139,72.9796,0.621,8.34596,0.0,0.1581,positive
1.51654886,12.7516,2.85115,1.43918,73.2708,0.57132,8.78712,0.11025,0.1122,negative
1.51910022,13.90205,3.73119,1.17917,72.1228,0.0621,8.89472,0.0,0.0,positive
1.51732338,14.95275,0.0,1.7987,72.9908,0.0,8.61496,1.5498,0.0,negative
1.52348389,13.62324,3.49653,1.08343,72.4736,0.30169,10.568,0.0,0.0482,positive
1.52075258,13.57621,3.38478,0.63296,72.5211,0.3861,10.568,0.0,0.0,positive
1.5177562,13.52965,3.40791,1.51943,72.0388,0.57753,8.78712,0.0,0.0,negative
1.52056292,13.34324,3.44545,0.69191,72.5678,0.25613,10.40778,0.0,0.0307,positive
1.52176548,13.19715,3.6818,1.15028,72.75,0.54027,8.51812,0.0,0.0,negative
1.51686778,13.2304,3.53812,1.48091,72.8396,0.5589,8.09848,0.0,0.0,negative
1.5229956,13.3102,3.57853,0.81965,71.9884,0.11799,10.17516,0.0,0.0153,positive
1.5215149,13.05085,3.65037,0.87101,72.3188,0.19251,9.85236,0.0,0.0867,positive
1.51632106,13.3368,3.56955,1.57079,72.8676,0.60858,7.89404,0.0,0.0,negative
1.51830292,14.3875,0.0,1.82117,72.862,1.40967,6.47372,2.8791,0.0,negative
1.51734616,13.0176,3.53812,1.68956,72.7276,0.54027,8.4428,0.0,0.0357,positive
1.52474966,11.4482,0.0,1.87895,72.19,0.8073,13.24176,0.0,0.1734,negative
1.51487371,12.75103,3.62365,1.15597,71.35,0.5862,9.42727,0.0612,0.0006,positive
1.52268021,13.23514,3.78937,1.12519,72.6718,0.5367,8.79103,0.07446,0.0,positive
1.5183257,13.33015,3.34056,1.53869,72.1396,0.5589,8.99156,0.0,0.0,negative
1.51812068,13.4299,3.97814,1.17917,72.4924,0.57753,8.15228,0.0,0.0,negative
1.52244685,14.37971,3.79769,0.90339,71.4345,0.5561,8.88106,0.0,0.0066,positive
1.51572878,14.85965,3.66833,1.74092,71.8708,0.16146,7.35604,0.0,0.0612,negative
1.51994308,13.2703,0.0,1.76018,73.03,0.47196,11.31572,0.0,0.0,negative
1.51316715,13.50909,3.55241,1.02514,73.5155,0.48881,10.568,0.0,0.1655,positive
1.51869018,13.1905,3.37199,1.17917,72.722,0.57132,8.83016,0.0,0.0816,positive
1.52739214,11.0226,0.0,0.74903,73.0804,0.0,14.96336,0.0,0.0,negative
1.51823458,12.8713,3.47975,1.29152,72.9516,0.60237,8.43204,0.0,0.0,positive
1.51807512,13.4299,2.86911,1.1888,72.8396,0.55269,9.0346,0.0,0.0,positive
1.51709558,12.99765,3.47077,1.78907,72.722,0.65826,8.18456,0.0,0.0,negative
1.51613882,13.8821,1.77804,1.78907,73.0972,0.0,8.66876,0.75915,0.0,negative
1.51568322,13.23705,3.48873,1.47128,73.2484,0.37881,8.03392,0.0,0.0,negative
1.51755118,13.39,3.65935,1.1888,72.7892,0.57132,8.27064,0.0,0.0561,positive
1.52131131,12.94451,3.71389,1.68956,71.5918,0.61483,8.86997,0.68985,0.0,positive
1.5236271,13.23704,3.59939,1.23938,72.1441,0.62674,9.98465,0.0,0.0,positive
1.52429797,13.81378,3.95821,1.18621,72.8007,0.54986,9.15393,0.00996,0.0137,positive
1.5173006,12.3526,2.72094,1.62857,72.8676,0.70173,9.22828,0.0,0.0,negative
1.51761952,12.81145,3.53812,1.23053,73.2372,0.57753,8.389,0.0,0.0,positive
1.51768786,13.64935,3.65935,1.10855,72.7724,0.11178,8.6042,0.0,0.0,negative
1.51591102,12.858,3.52016,2.1197,72.6604,0.68931,7.96936,0.0,0.0,negative
1.51798645,14.417,3.66217,0.48426,72.0383,0.62671,9.123,0.0,0.0138,positive
1.51812068,12.95775,2.95891,1.42955,72.918,0.60237,8.78712,0.1386,0.0,negative
1.52666318,13.9885,3.69976,0.71051,71.5684,0.01863,9.82008,0.0,0.051,positive
1.52207059,14.24018,3.56666,0.99121,72.2376,0.40797,10.28439,0.0,0.0113,positive
1.5163894,14.36755,0.0,2.73923,72.8508,0.0,9.45424,0.53865,0.0,negative
1.5132002,12.99765,0.0,3.0185,70.7004,6.21,6.92564,0.0,0.0,negative
1.51654886,13.40995,3.38995,1.27868,72.638,0.52164,8.64724,0.0,0.0,negative
1.51740954,13.12743,3.74476,1.30331,72.8463,0.24493,8.98514,0.0,0.0,positive
1.51821401,13.3492,3.49701,1.23171,72.2309,0.68931,9.08162,0.0,0.0,positive
1.51315464,13.0176,0.0,3.04097,70.482,6.21,6.95792,0.0,0.0,negative
1.51645774,13.40995,3.55159,1.24979,72.8116,0.6831,8.09848,0.0,0.0,negative
1.5162755,12.99765,3.57853,1.53869,72.8284,0.60858,8.04468,0.0,0.0,negative
1.51591102,12.8181,3.52016,1.90142,72.862,0.68931,7.96936,0.0,0.0,negative
1.51632778,14.10167,3.79733,1.25351,72.6679,0.16442,9.91432,0.03236,0.0,positive
1.52212996,14.20795,3.82099,0.46976,71.77,0.11178,9.5726,0.0,0.0,positive
1.51666276,12.9378,3.60996,1.25942,72.75,0.5589,8.6042,0.0,0.0,negative
1.5178701,12.73165,3.43036,1.1888,72.9516,0.621,8.75484,0.0,0.153,positive
1.51663998,13.1373,3.44832,1.76018,72.4812,0.60237,8.37824,0.0,0.0867,negative
1.52079395,14.17423,3.59507,1.10024,72.0816,0.10346,9.2149,0.00511,0.0231,positive
1.51755118,13.1506,3.60996,1.05077,73.2372,0.57132,8.23836,0.0,0.0,positive
1.51524161,13.5838,3.77455,1.13155,72.9617,0.26886,9.35495,0.0,0.0015,positive
1.51749903,13.43588,3.6072,1.24231,72.5059,0.62414,8.76357,0.0,0.0114,positive
1.5167311,13.2969,3.64139,1.52906,72.5316,0.65205,8.03392,0.0,0.1479,negative
1.51841682,12.93115,3.74017,1.10855,72.2796,0.63963,8.95928,0.0,0.1122,negative
1.52064926,14.3609,0.0,2.02019,73.422,0.0,8.4428,1.64115,0.0,negative
1.5170728,13.4831,3.47975,1.70882,72.5204,0.621,7.99088,0.0,0.0,negative
1.5205098,13.37876,3.67072,1.14313,71.35,0.56751,8.57897,0.0,0.0397,positive
1.51618438,13.52965,3.55159,1.53869,72.9908,0.39123,7.77568,0.0,0.0,positive
1.5124068,13.20607,3.72287,1.21269,71.7738,0.54338,10.12887,0.0,0.0101,positive
1.52226664,14.16805,3.81201,0.78113,71.35,0.0,9.69096,0.0,0.0,positive
1.51618438,13.01095,3.5022,1.48091,72.89,0.60237,8.12,0.0,0.0,negative
1.52022308,14.2558,3.6664,1.1913,72.1953,0.62924,7.96385,0.0,0.0,positive
1.52666318,14.417,3.53155,1.46609,72.4034,0.68931,10.2716,0.0,0.0,positive
1.51882027,13.71887,3.57654,1.12741,72.6458,0.64917,9.11765,0.0,0.0432,positive
1.52101374,13.6427,4.49,1.09892,71.7812,0.0621,8.75484,0.0,0.0,positive
1.51800678,13.7092,3.92875,1.53869,71.8092,0.54027,8.20608,0.0,0.0765,negative
1.52003307,12.70143,3.46931,1.39445,72.4915,0.15583,8.91006,0.0,0.0081,positive
1.51625272,13.35675,3.57853,1.49054,72.722,0.44712,8.20608,0.0,0.0,negative
1.5151365,14.00845,2.68053,3.5,69.8884,1.68291,5.87116,2.1987,0.0,negative
1.5159338,13.25035,3.44832,1.42955,73.17,0.60858,7.86176,0.0,0.0,negative
1.52019366,13.98185,1.35149,1.62857,71.7588,0.39123,10.56252,0.0,0.51,negative
1.51659963,14.417,3.65548,0.46976,72.9721,0.24214,8.81595,0.0,0.0186,positive
1.51910022,13.88875,3.52914,1.32041,71.8092,0.50922,8.77636,0.11025,0.0,positive
1.51809405,12.89532,3.44975,1.59131,71.3678,0.67192,10.37957,0.00379,0.0017,positive
1.51766508,13.21045,3.69078,1.29152,72.61,0.57132,8.21684,0.0,0.0,positive
1.5190091,13.48975,3.47975,1.3493,71.9492,0.55269,9.00232,0.0,0.0,positive
1.51588824,12.87795,3.43036,1.40066,73.282,0.68931,8.04468,0.0,0.1224,positive
1.51652608,13.5629,3.56955,1.47128,72.4476,0.63963,7.9586,0.0,0.0,negative
1.51743728,13.2969,3.60098,1.14065,73.0916,0.57753,8.1738,0.0,0.0,positive
1.51473764,14.417,3.3718,0.84451,73.1141,0.21034,10.568,0.0,0.0,positive
1.52113837,13.08172,3.41339,1.27347,72.9963,0.48608,9.18359,0.23242,0.0,positive
1.51818902,13.7225,0.0,0.55964,74.4524,0.0,10.99292,0.0,0.0,negative
1.51591102,13.0176,3.57853,1.5098,73.1196,0.68931,7.9586,0.0,0.0,negative
1.51793844,12.7915,3.5022,1.12139,73.03,0.63963,8.7656,0.0,0.0,positive
1.5176423,12.9777,3.53812,1.21127,73.002,0.65205,8.52888,0.0,0.0,positive
1.5215149,13.05085,3.65037,0.87101,72.218,0.19251,9.85236,0.0,0.0867,positive
1.51905466,14.0018,2.38868,1.56116,72.3692,0.0,9.5726,0.0,0.0,negative
1.51828014,14.46065,2.24051,1.61894,72.3804,0.0,9.26056,0.0,0.0,negative
1.5171867,14.75325,0.0,2.00093,73.0188,0.0,8.52888,1.59075,0.0408,negative
1.51914578,12.73165,1.84988,1.85969,72.6884,0.60237,10.08908,0.0,0.0,negative
1.5170813,13.45005,3.45802,1.29676,71.5384,0.58865,10.12946,0.0,0.0,positive
1.51645774,13.03755,3.39893,1.25942,73.0076,0.52164,8.58268,0.0,0.0,negative
1.51730408,14.417,3.72921,1.13507,72.1544,0.50284,8.04641,0.02734,0.0029,positive
1.51617267,13.49448,3.34057,1.24121,72.4151,0.57354,8.7047,0.0,0.0499,positive
1.51622994,14.2013,0.0,2.79059,73.4612,0.03726,9.04536,0.40005,0.459,negative
1.51865278,13.91355,3.72256,1.07294,72.4113,0.01789,8.63843,0.00958,0.0,positive
1.51645774,13.4432,3.60996,1.53869,72.3916,0.65826,8.03392,0.0,0.0,negative
1.51566044,13.29025,3.44832,1.21127,72.7388,0.5589,8.57192,0.0,0.0,positive
1.51609326,13.33015,3.52914,1.33967,72.6716,0.5589,8.3352,0.0,0.0,negative
1.52247166,14.85965,2.2001,2.05871,70.258,0.75762,9.75552,0.0,0.0,negative
1.51887242,14.99265,0.78126,1.74092,72.498,0.0,9.9492,0.0,0.0,negative
