7.8,0.88,0.0,2.6,0.098,25.0,67.0,0.9968,3.2,0.68,9.8,negative
11.2,0.28,0.56,1.9,0.075,17.0,60.0,0.998,3.16,0.58,9.8,negative
7.9,0.32,0.51,1.8,0.341,17.0,56.0,0.9969,3.04,1.08,9.2,negative
7.6,0.39,0.31,2.3,0.082,23.0,71.0,0.9982,3.52,0.65,9.7,negative
8.5,0.49,0.11,2.3,0.084,9.0,67.0,0.9968,3.17,0.53,9.4,negative
6.3,0.39,0.16,1.4,0.08,11.0,23.0,0.9955,3.34,0.56,9.3,negative
6.7,0.675,0.07,2.4,0.089,17.0,82.0,0.9958,3.35,0.54,10.1,negative
8.8,0.61,0.3,2.8,0.088,17.0,46.0,0.9976,3.26,0.51,9.3,positive
7.5,0.49,0.2,2.6,0.332,8.0,14.0,0.9968,3.21,0.9,10.5,negative
8.1,0.66,0.22,2.2,0.069,9.0,23.0,0.9968,3.3,1.2,10.3,negative
7.6,0.51,0.15,2.8,0.11,33.0,73.0,0.9955,3.17,0.63,10.2,negative
8.8,0.4,0.4,2.2,0.079,19.0,52.0,0.998,3.44,0.64,9.2,negative
7.7,0.49,0.26,1.9,0.062,9.0,31.0,0.9966,3.39,0.64,9.6,negative
8.1,0.545,0.18,1.9,0.08,13.0,35.0,0.9972,3.3,0.59,9.0,negative
8.1,0.785,0.52,2.0,0.122,37.0,153.0,0.9969,3.21,0.69,9.3,negative
7.8,0.56,0.12,2.0,0.082,7.0,28.0,0.997,3.37,0.5,9.4,negative
8.8,0.55,0.04,2.2,0.119,14.0,56.0,0.9962,3.21,0.6,10.9,negative
7.8,0.5,0.17,1.6,0.082,21.0,102.0,0.996,3.39,0.48,9.5,negative
7.2,0.415,0.36,2.0,0.081,13.0,45.0,0.9972,3.48,0.64,9.2,negative
7.6,0.95,0.03,2.0,0.09,7.0,20.0,0.9959,3.2,0.56,9.6,negative
7.3,0.38,0.21,2.0,0.08,7.0,35.0,0.9961,3.33,0.47,9.5,negative
6.8,0.61,0.2,1.8,0.077,11.0,65.0,0.9971,3.54,0.58,9.3,negative
8.9,0.31,0.57,2.0,0.111,26.0,85.0,0.9971,3.26,0.53,9.7,negative
7.3,0.58,0.3,2.4,0.074,15.0,55.0,0.9968,3.46,0.59,10.2,negative
8.2,0.57,0.26,2.2,0.06,28.0,65.0,0.9959,3.3,0.43,10.1,negative
5.2,0.48,0.04,1.6,0.054,19.0,106.0,0.9927,3.54,0.62,12.2,negative
8.5,0.37,0.2,2.8,0.09,18.0,58.0,0.998,3.34,0.7,9.6,negative
8.9,0.635,0.37,1.7,0.263,5.0,62.0,0.9971,3.0,1.09,9.3,negative
7.7,0.58,0.1,1.8,0.102,28.0,109.0,0.99565,3.08,0.49,9.8,negative
15.0,0.21,0.44,2.2,0.075,10.0,24.0,1.00005,3.07,0.84,9.2,negative
7.1,0.6,0.0,1.8,0.074,16.0,34.0,0.9972,3.47,0.7,9.9,negative
7.7,0.41,0.76,1.8,0.611,8.0,45.0,0.9968,3.06,1.26,9.4,negative
7.9,0.37,0.23,1.8,0.077,23.0,49.0,0.9963,3.28,0.67,9.3,negative
11.5,0.18,0.51,4.0,0.104,4.0,23.0,0.9996,3.28,0.97,10.1,negative
11.6,0.42,0.53,3.3,0.105,33.0,98.0,1.001,3.2,0.95,9.2,negative
10.4,0.55,0.23,2.7,0.091,18.0,48.0,0.9994,3.22,0.64,10.3,negative
7.2,0.65,0.02,2.3,0.094,5.0,31.0,0.9993,3.67,0.8,9.7,negative
9.6,0.77,0.12,2.9,0.082,30.0,74.0,0.99865,3.3,0.64,10.4,negative
10.0,0.49,0.2,11.0,0.071,13.0,50.0,1.0015,3.16,0.69,9.2,negative
10.0,0.49,0.2,11.0,0.071,13.0,50.0,1.0015,3.16,0.69,9.2,negative
8.0,0.58,0.28,3.2,0.066,21.0,114.0,0.9973,3.22,0.54,9.4,negative
9.1,0.785,0.0,2.6,0.093,11.0,28.0,0.9994,3.36,0.86,9.4,negative
12.6,0.38,0.66,2.6,0.088,10.0,41.0,1.001,3.17,0.68,9.8,negative
7.4,0.55,0.22,2.2,0.106,12.0,72.0,0.9959,3.05,0.63,9.2,negative
7.4,0.63,0.07,2.4,0.09,11.0,37.0,0.9979,3.43,0.76,9.7,negative
5.6,0.85,0.05,1.4,0.045,12.0,88.0,0.9924,3.56,0.82,12.9,negative
13.7,0.415,0.68,2.9,0.085,17.0,43.0,1.0014,3.06,0.8,10.0,negative
11.9,0.38,0.51,2.0,0.121,7.0,20.0,0.9996,3.24,0.76,10.4,negative
10.4,0.41,0.55,3.2,0.076,22.0,54.0,0.9996,3.15,0.89,9.9,negative
7.0,0.62,0.18,1.5,0.062,7.0,50.0,0.9951,3.08,0.6,9.3,negative
12.5,0.38,0.6,2.6,0.081,31.0,72.0,0.9996,3.1,0.73,10.5,negative
8.4,0.37,0.53,1.8,0.413,9.0,26.0,0.9979,3.06,1.06,9.1,negative
11.3,0.62,0.67,5.2,0.086,6.0,19.0,0.9988,3.22,0.69,13.4,negative
11.0,0.26,0.68,2.55,0.085,10.0,25.0,0.997,3.18,0.61,11.8,negative
12.5,0.37,0.55,2.6,0.083,25.0,68.0,0.9995,3.15,0.82,10.4,negative
10.6,0.28,0.39,15.5,0.069,6.0,23.0,1.0026,3.12,0.66,9.2,negative
10.0,0.59,0.31,2.2,0.09,26.0,62.0,0.9994,3.18,0.63,10.2,negative
11.9,0.38,0.49,2.7,0.098,12.0,42.0,1.0004,3.16,0.61,10.3,negative
9.9,0.63,0.24,2.4,0.077,6.0,33.0,0.9974,3.09,0.57,9.4,negative
8.1,0.825,0.24,2.1,0.084,5.0,13.0,0.9972,3.37,0.77,10.7,negative
11.2,0.66,0.24,2.5,0.085,16.0,53.0,0.9993,3.06,0.72,11.0,negative
9.4,0.43,0.24,2.8,0.092,14.0,45.0,0.998,3.19,0.73,10.0,negative
15.5,0.645,0.49,4.2,0.095,10.0,23.0,1.00315,2.92,0.74,11.1,negative
9.9,0.5,0.24,2.3,0.103,6.0,14.0,0.9978,3.34,0.52,10.0,positive
10.2,0.29,0.49,2.6,0.059,5.0,13.0,0.9976,3.05,0.74,10.5,negative
13.2,0.46,0.52,2.2,0.071,12.0,35.0,1.0006,3.1,0.56,9.0,negative
9.6,0.6,0.5,2.3,0.079,28.0,71.0,0.9997,3.5,0.57,9.7,negative
11.3,0.37,0.41,2.3,0.088,6.0,16.0,0.9988,3.09,0.8,9.3,negative
6.8,0.69,0.0,5.6,0.124,21.0,58.0,0.9997,3.46,0.72,10.2,negative
8.7,0.84,0.0,1.4,0.065,24.0,33.0,0.9954,3.27,0.55,9.7,negative
9.6,0.88,0.28,2.4,0.086,30.0,147.0,0.9979,3.24,0.53,9.4,negative
9.5,0.885,0.27,2.3,0.084,31.0,145.0,0.9978,3.24,0.53,9.4,negative
9.5,0.59,0.44,2.3,0.071,21.0,68.0,0.9992,3.46,0.63,9.5,negative
7.8,0.64,0.1,6.0,0.115,5.0,11.0,0.9984,3.37,0.69,10.1,negative
6.7,0.42,0.27,8.6,0.068,24.0,148.0,0.9948,3.16,0.57,11.3,negative
7.2,0.52,0.07,1.4,0.074,5.0,20.0,0.9973,3.32,0.81,9.6,negative
9.8,1.24,0.34,2.0,0.079,32.0,151.0,0.998,3.15,0.53,9.5,negative
8.2,0.73,0.21,1.7,0.074,5.0,13.0,0.9968,3.2,0.52,9.5,negative
7.1,0.65,0.18,1.8,0.07,13.0,40.0,0.997,3.44,0.6,9.1,negative
9.2,0.92,0.24,2.6,0.087,12.0,93.0,0.9998,3.48,0.54,9.8,negative
8.4,1.035,0.15,6.0,0.073,11.0,54.0,0.999,3.37,0.49,9.9,negative
7.0,0.45,0.34,2.7,0.082,16.0,72.0,0.998,3.55,0.6,9.5,negative
7.2,0.5,0.18,2.1,0.071,12.0,31.0,0.99761,3.52,0.72,9.6,negative
8.3,0.65,0.1,2.9,0.089,17.0,40.0,0.99803,3.29,0.55,9.5,negative
7.8,0.91,0.07,1.9,0.058,22.0,47.0,0.99525,3.51,0.43,10.7,negative
6.3,0.98,0.01,2.0,0.057,15.0,33.0,0.99488,3.6,0.46,11.2,negative
7.1,0.59,0.02,2.3,0.082,24.0,94.0,0.99744,3.55,0.53,9.7,negative
9.0,0.82,0.05,2.4,0.081,26.0,96.0,0.99814,3.36,0.53,10.0,negative
10.1,0.27,0.54,2.3,0.065,7.0,26.0,0.99531,3.17,0.53,12.5,negative
8.7,0.46,0.31,2.5,0.126,24.0,64.0,0.99746,3.1,0.74,9.6,negative
6.9,0.56,0.03,1.5,0.086,36.0,46.0,0.99522,3.53,0.57,10.6,negative
8.9,0.31,0.36,2.6,0.056,10.0,39.0,0.99562,3.4,0.69,11.8,negative
6.8,0.59,0.06,6.0,0.06,11.0,18.0,0.9962,3.41,0.59,10.8,negative
9.1,0.28,0.46,9.0,0.114,3.0,9.0,0.99901,3.18,0.6,10.9,negative
6.8,0.41,0.31,8.8,0.084,26.0,45.0,0.99824,3.38,0.64,10.1,negative
10.2,0.44,0.58,4.1,0.092,11.0,24.0,0.99745,3.29,0.99,12.0,negative
8.2,0.31,0.4,2.2,0.058,6.0,10.0,0.99536,3.31,0.68,11.2,negative
9.0,0.4,0.43,2.4,0.068,29.0,46.0,0.9943,3.2,0.6,12.2,negative
8.4,0.59,0.29,2.6,0.109,31.0,119.0,0.99801,3.15,0.5,9.1,negative
12.2,0.45,0.49,1.4,0.075,3.0,6.0,0.9969,3.13,0.63,10.4,negative
9.7,0.295,0.4,1.5,0.073,14.0,21.0,0.99556,3.14,0.51,10.9,negative
7.5,0.43,0.3,2.2,0.062,6.0,12.0,0.99495,3.44,0.72,11.5,negative
7.0,0.5,0.14,1.8,0.078,10.0,23.0,0.99636,3.53,0.61,10.4,negative
8.2,0.32,0.42,2.3,0.098,3.0,9.0,0.99506,3.27,0.55,12.3,negative
7.7,0.58,0.01,1.8,0.088,12.0,18.0,0.99568,3.32,0.56,10.5,negative
8.9,0.5,0.21,2.2,0.088,21.0,39.0,0.99692,3.33,0.83,11.1,negative
9.5,0.39,0.41,8.9,0.069,18.0,39.0,0.99859,3.29,0.81,10.9,negative
7.1,0.43,0.17,1.8,0.082,27.0,51.0,0.99634,3.49,0.64,10.4,negative
11.6,0.23,0.57,1.8,0.074,3.0,8.0,0.9981,3.14,0.7,9.9,negative
7.9,0.3,0.68,8.3,0.05,37.5,278.0,0.99316,3.01,0.51,12.3,negative
8.4,0.34,0.42,2.1,0.072,23.0,36.0,0.99392,3.11,0.78,12.4,negative
6.3,0.57,0.28,2.1,0.048,13.0,49.0,0.99374,3.41,0.6,12.8,negative
7.9,0.33,0.41,1.5,0.056,6.0,35.0,0.99396,3.29,0.71,11.0,negative
9.1,0.6,0.0,1.9,0.058,5.0,10.0,0.9977,3.18,0.63,10.4,negative
10.4,0.52,0.45,2.0,0.08,6.0,13.0,0.99774,3.22,0.76,11.4,negative
6.9,0.45,0.11,2.4,0.043,6.0,12.0,0.99354,3.3,0.65,11.4,negative
10.6,0.36,0.57,2.3,0.087,6.0,20.0,0.99676,3.14,0.72,11.1,negative
9.0,0.785,0.24,1.7,0.078,10.0,21.0,0.99692,3.29,0.67,10.0,negative
9.0,0.785,0.24,1.7,0.078,10.0,21.0,0.99692,3.29,0.67,10.0,negative
8.2,0.33,0.39,2.5,0.074,29.0,48.0,0.99528,3.32,0.88,12.4,negative
6.8,0.65,0.02,2.1,0.078,8.0,15.0,0.99498,3.35,0.62,10.4,negative
8.2,0.34,0.37,1.9,0.057,43.0,74.0,0.99408,3.23,0.81,12.0,negative
10.9,0.32,0.52,1.8,0.132,17.0,44.0,0.99734,3.28,0.77,11.5,negative
7.8,0.815,0.01,2.6,0.074,48.0,90.0,0.99621,3.38,0.62,10.8,negative
6.0,0.33,0.32,12.9,0.054,6.0,113.0,0.99572,3.3,0.56,11.5,positive
8.1,0.73,0.0,2.5,0.081,12.0,24.0,0.99798,3.38,0.46,9.6,positive
9.0,0.4,0.41,2.0,0.058,15.0,40.0,0.99414,3.22,0.6,12.2,negative
6.9,0.41,0.33,2.2,0.081,22.0,36.0,0.9949,3.41,0.75,11.1,negative
9.8,0.45,0.38,2.5,0.081,34.0,66.0,0.99726,3.15,0.58,9.8,negative
7.2,0.57,0.05,2.3,0.081,16.0,36.0,0.99564,3.38,0.6,10.3,negative
5.0,0.38,0.01,1.6,0.048,26.0,60.0,0.99084,3.7,0.75,14.0,negative
5.9,0.46,0.0,1.9,0.077,25.0,44.0,0.99385,3.5,0.53,11.2,negative
9.8,0.3,0.39,1.7,0.062,3.0,9.0,0.9948,3.14,0.57,11.5,negative
7.2,0.53,0.14,2.1,0.064,15.0,29.0,0.99323,3.35,0.61,12.1,negative
9.1,0.76,0.68,1.7,0.414,18.0,64.0,0.99652,2.9,1.33,9.1,negative
6.7,0.46,0.24,1.7,0.077,18.0,34.0,0.9948,3.39,0.6,10.6,negative
9.0,0.6,0.29,2.0,0.069,32.0,73.0,0.99654,3.34,0.57,10.0,negative
7.2,0.58,0.03,2.3,0.077,7.0,28.0,0.99568,3.35,0.52,10.0,negative
6.1,0.34,0.25,1.8,0.084,4.0,28.0,0.99464,3.36,0.44,10.1,negative
8.7,0.78,0.51,1.7,0.415,12.0,66.0,0.99623,3.0,1.17,9.2,negative
7.6,0.41,0.33,2.5,0.078,6.0,23.0,0.9957,3.3,0.58,11.2,negative
7.9,0.18,0.4,2.2,0.049,38.0,67.0,0.996,3.33,0.93,11.3,negative
6.1,0.4,0.16,1.8,0.069,11.0,25.0,0.9955,3.42,0.74,10.1,negative
10.2,0.54,0.37,15.4,0.214,55.0,95.0,1.00369,3.18,0.77,9.0,negative
7.3,0.67,0.02,2.2,0.072,31.0,92.0,0.99566,3.32,0.68,11.0666666666667,negative
6.9,0.63,0.02,1.9,0.078,18.0,30.0,0.99712,3.4,0.75,9.8,negative
8.4,0.29,0.4,1.7,0.067,8.0,20.0,0.99603,3.39,0.6,10.5,negative
7.3,0.48,0.32,2.1,0.062,31.0,54.0,0.99728,3.3,0.65,10.0,negative
7.0,0.655,0.16,2.1,0.074,8.0,25.0,0.99606,3.37,0.55,9.7,negative
5.6,0.54,0.04,1.7,0.049,5.0,13.0,0.9942,3.72,0.58,11.4,negative
7.7,0.54,0.26,1.9,0.089,23.0,147.0,0.99636,3.26,0.59,9.7,negative
6.5,0.53,0.06,2.0,0.063,29.0,44.0,0.99489,3.38,0.83,10.3,negative
6.9,0.48,0.2,1.9,0.082,9.0,23.0,0.99585,3.39,0.43,9.05,positive
6.6,0.44,0.09,2.2,0.063,9.0,18.0,0.99444,3.42,0.69,11.3,negative
6.2,0.64,0.09,2.5,0.081,15.0,26.0,0.99538,3.57,0.63,12.0,negative
8.4,0.37,0.43,2.3,0.063,12.0,19.0,0.9955,3.17,0.81,11.2,negative
6.6,0.855,0.02,2.4,0.062,15.0,23.0,0.99627,3.54,0.6,11.0,negative
7.2,0.695,0.13,2.0,0.076,12.0,20.0,0.99546,3.29,0.54,10.1,negative
7.2,0.695,0.13,2.0,0.076,12.0,20.0,0.99546,3.29,0.54,10.1,negative
6.3,0.55,0.15,1.8,0.077,26.0,35.0,0.99314,3.32,0.82,11.6,negative
