7.4,0.7,0.0,1.9,0.076,11.0,34.0,0.9978,3.51,0.56,9.4,negative
7.9,0.6,0.06,1.6,0.069,15.0,59.0,0.9964,3.3,0.46,9.4,negative
7.3,0.65,0.0,1.2,0.065,15.0,21.0,0.9946,3.39,0.47,10.0,negative
7.5,0.5,0.36,6.1,0.071,17.0,102.0,0.9978,3.35,0.8,10.5,negative
8.3,0.655,0.12,2.3,0.083,15.0,113.0,0.9966,3.17,0.66,9.8,negative
8.1,0.38,0.28,2.1,0.066,13.0,30.0,0.9968,3.23,0.73,9.7,negative
7.7,0.69,0.22,1.9,0.084,18.0,94.0,0.9961,3.31,0.48,9.5,negative
8.3,0.675,0.26,2.1,0.084,11.0,43.0,0.9976,3.31,0.53,9.2,positive
8.3,0.625,0.2,1.5,0.08,27.0,119.0,0.9972,3.16,1.12,9.1,positive
6.3,0.3,0.48,1.8,0.069,18.0,61.0,0.9959,3.44,0.78,10.3,negative
8.6,0.49,0.28,1.9,0.11,20.0,136.0,0.9972,2.93,1.95,9.9,negative
7.0,0.5,0.25,2.0,0.07,3.0,22.0,0.9963,3.25,0.63,9.2,negative
7.8,0.5,0.3,1.9,0.075,8.0,22.0,0.9959,3.31,0.56,10.4,negative
8.0,0.33,0.53,2.5,0.091,18.0,80.0,0.9976,3.37,0.8,9.6,negative
7.8,0.56,0.19,1.8,0.104,12.0,47.0,0.9964,3.19,0.93,9.5,negative
8.4,0.62,0.09,2.2,0.084,11.0,108.0,0.9964,3.15,0.66,9.8,negative
10.1,0.31,0.44,2.3,0.08,22.0,46.0,0.9988,3.32,0.67,9.7,negative
8.2,1.33,0.0,1.7,0.081,3.0,12.0,0.9964,3.53,0.49,10.9,negative
7.6,0.49,0.26,1.6,0.236,10.0,88.0,0.9968,3.11,0.8,9.3,negative
6.8,0.64,0.1,2.1,0.085,18.0,101.0,0.9956,3.34,0.52,10.2,negative
8.0,0.42,0.17,2.0,0.073,6.0,18.0,0.9972,3.29,0.61,9.2,negative
7.0,0.805,0.0,2.5,0.068,7.0,20.0,0.9969,3.48,0.56,9.6,negative
7.6,0.55,0.21,2.2,0.071,7.0,28.0,0.9964,3.28,0.55,9.7,negative
7.0,0.43,0.36,1.6,0.089,14.0,37.0,0.99615,3.34,0.56,9.2,negative
6.9,0.52,0.25,2.6,0.081,10.0,37.0,0.99685,3.46,0.5,11.0,negative
6.9,0.52,0.25,2.6,0.081,10.0,37.0,0.99685,3.46,0.5,11.0,negative
8.2,1.0,0.09,2.3,0.065,7.0,37.0,0.99685,3.32,0.55,9.0,negative
7.1,0.68,0.07,1.9,0.075,16.0,51.0,0.99685,3.38,0.52,9.5,negative
7.1,0.6,0.0,1.8,0.074,16.0,34.0,0.9972,3.47,0.7,9.9,negative
6.6,0.695,0.0,2.1,0.075,12.0,56.0,0.9968,3.49,0.67,9.2,negative
11.5,0.18,0.51,4.0,0.104,4.0,23.0,0.9996,3.28,0.97,10.1,negative
7.7,0.27,0.68,3.5,0.358,5.0,10.0,0.9972,3.25,1.08,9.9,negative
10.6,0.83,0.37,2.6,0.086,26.0,70.0,0.9981,3.16,0.52,9.9,negative
7.4,0.67,0.12,1.6,0.186,5.0,21.0,0.996,3.39,0.54,9.5,negative
10.3,0.41,0.42,2.4,0.213,6.0,14.0,0.9994,3.19,0.62,9.5,negative
8.6,0.47,0.3,3.0,0.076,30.0,135.0,0.9976,3.3,0.53,9.4,negative
9.6,0.56,0.23,3.4,0.102,37.0,92.0,0.9996,3.3,0.65,10.1,negative
11.9,0.695,0.53,3.4,0.128,7.0,21.0,0.9992,3.17,0.84,12.2,negative
11.9,0.57,0.5,2.6,0.082,6.0,32.0,1.0006,3.12,0.78,10.7,negative
6.1,0.21,0.4,1.4,0.066,40.5,165.0,0.9912,3.25,0.59,11.9,negative
10.5,0.42,0.66,2.95,0.116,12.0,29.0,0.997,3.24,0.75,11.7,negative
11.4,0.625,0.66,6.2,0.088,6.0,24.0,0.9988,3.11,0.99,13.3,negative
13.7,0.415,0.68,2.9,0.085,17.0,43.0,1.0014,3.06,0.8,10.0,negative
7.7,0.51,0.28,2.1,0.087,23.0,54.0,0.998,3.42,0.74,9.2,negative
7.8,0.54,0.26,2.0,0.088,23.0,48.0,0.9981,3.41,0.74,9.2,negative
12.0,0.39,0.66,3.0,0.093,12.0,30.0,0.9996,3.18,0.63,10.8,negative
12.3,0.39,0.63,2.3,0.091,6.0,18.0,1.0004,3.16,0.49,9.5,negative
8.3,0.615,0.22,2.6,0.087,6.0,19.0,0.9982,3.26,0.61,9.3,negative
10.6,0.36,0.59,2.2,0.152,6.0,18.0,0.9986,3.04,1.05,9.4,negative
8.7,0.69,0.31,3.0,0.086,23.0,81.0,1.0002,3.48,0.74,11.6,negative
10.0,0.59,0.31,2.2,0.09,26.0,62.0,0.9994,3.18,0.63,10.2,negative
8.2,0.42,0.49,2.6,0.084,32.0,55.0,0.9988,3.34,0.75,8.7,negative
11.2,0.5,0.74,5.15,0.1,5.0,17.0,0.9996,3.22,0.62,11.2,negative
9.5,0.46,0.49,6.3,0.064,5.0,17.0,0.9988,3.21,0.73,11.0,negative
15.5,0.645,0.49,4.2,0.095,10.0,23.0,1.00315,2.92,0.74,11.1,negative
12.7,0.6,0.49,2.8,0.075,5.0,19.0,0.9994,3.14,0.57,11.4,negative
11.7,0.49,0.49,2.2,0.083,5.0,15.0,1.0,3.19,0.43,9.2,negative
12.0,0.28,0.49,1.9,0.074,10.0,21.0,0.9976,2.98,0.66,9.9,negative
11.8,0.33,0.49,3.4,0.093,54.0,80.0,1.0002,3.3,0.76,10.7,negative
11.1,0.31,0.49,2.7,0.094,16.0,47.0,0.9986,3.12,1.02,10.6,negative
9.0,0.45,0.49,2.6,0.084,21.0,75.0,0.9987,3.35,0.57,9.7,negative
13.2,0.46,0.52,2.2,0.071,12.0,35.0,1.0006,3.1,0.56,9.0,negative
7.7,0.835,0.0,2.6,0.081,6.0,14.0,0.9975,3.3,0.52,9.3,negative
8.2,0.39,0.38,1.5,0.058,10.0,29.0,0.9962,3.26,0.74,9.8,negative
7.6,0.685,0.23,2.3,0.111,20.0,84.0,0.9964,3.21,0.61,9.3,negative
10.4,0.28,0.54,2.7,0.105,5.0,19.0,0.9988,3.25,0.63,9.5,negative
7.2,0.52,0.07,1.4,0.074,5.0,20.0,0.9973,3.32,0.81,9.6,negative
7.5,0.42,0.31,1.6,0.08,15.0,42.0,0.9978,3.31,0.64,9.0,negative
7.2,0.57,0.06,1.6,0.076,9.0,27.0,0.9972,3.36,0.7,9.6,negative
10.1,0.28,0.46,1.8,0.05,5.0,13.0,0.9974,3.04,0.79,10.2,negative
11.8,0.38,0.55,2.1,0.071,5.0,19.0,0.9986,3.11,0.62,10.8,negative
7.0,0.64,0.02,2.1,0.067,9.0,23.0,0.997,3.47,0.67,9.4,negative
9.1,0.765,0.04,1.6,0.078,4.0,14.0,0.998,3.29,0.54,9.7,positive
8.0,0.43,0.36,2.3,0.075,10.0,48.0,0.9976,3.34,0.46,9.4,negative
8.4,0.56,0.04,2.0,0.082,10.0,22.0,0.9976,3.22,0.44,9.6,negative
10.8,0.45,0.33,2.5,0.099,20.0,38.0,0.99818,3.24,0.71,10.8,negative
10.8,0.29,0.42,1.6,0.084,19.0,27.0,0.99545,3.28,0.73,11.9,negative
6.6,0.66,0.0,3.0,0.115,21.0,31.0,0.99629,3.45,0.63,10.3,negative
8.2,0.26,0.34,2.5,0.073,16.0,47.0,0.99594,3.4,0.78,11.3,negative
9.0,0.8,0.12,2.4,0.083,8.0,28.0,0.99836,3.33,0.65,10.4,negative
10.1,0.45,0.23,1.9,0.082,10.0,18.0,0.99774,3.22,0.65,9.3,negative
7.3,0.305,0.39,1.2,0.059,7.0,11.0,0.99331,3.29,0.52,11.5,negative
7.3,0.305,0.39,1.2,0.059,7.0,11.0,0.99331,3.29,0.52,11.5,negative
8.4,0.62,0.12,1.8,0.072,38.0,46.0,0.99504,3.38,0.89,11.8,negative
8.6,0.22,0.36,1.9,0.064,53.0,77.0,0.99604,3.47,0.87,11.0,negative
8.9,0.12,0.45,1.8,0.075,10.0,21.0,0.99552,3.41,0.76,11.9,negative
10.2,0.34,0.48,2.1,0.052,5.0,9.0,0.99458,3.2,0.69,12.1,negative
8.5,0.47,0.27,1.9,0.058,18.0,38.0,0.99518,3.16,0.85,11.1,negative
7.7,0.39,0.12,1.7,0.097,19.0,27.0,0.99596,3.16,0.49,9.4,negative
8.2,0.43,0.29,1.6,0.081,27.0,45.0,0.99603,3.25,0.54,10.3,negative
8.0,0.18,0.37,0.9,0.049,36.0,109.0,0.99007,2.89,0.44,12.7,negative
7.7,0.58,0.01,1.8,0.088,12.0,18.0,0.99568,3.32,0.56,10.5,negative
8.1,0.82,0.0,4.1,0.095,5.0,14.0,0.99854,3.36,0.53,9.6,negative
8.9,0.745,0.18,2.5,0.077,15.0,48.0,0.99739,3.2,0.47,9.7,negative
7.6,0.42,0.25,3.9,0.104,28.0,90.0,0.99784,3.15,0.57,9.1,negative
8.6,0.37,0.65,6.4,0.08,3.0,8.0,0.99817,3.27,0.58,11.0,negative
7.2,0.38,0.3,1.8,0.073,31.0,70.0,0.99685,3.42,0.59,9.5,negative
8.7,0.42,0.45,2.4,0.072,32.0,59.0,0.99617,3.33,0.77,12.0,negative
7.9,0.19,0.42,1.6,0.057,18.0,30.0,0.994,3.29,0.69,11.2,negative
6.6,0.725,0.09,5.5,0.117,9.0,17.0,0.99655,3.35,0.49,10.8,negative
7.4,0.49,0.27,2.1,0.071,14.0,25.0,0.99388,3.35,0.63,12.0,negative
8.2,0.23,0.42,1.9,0.069,9.0,17.0,0.99376,3.21,0.54,12.3,negative
8.3,0.53,0.0,1.4,0.07,6.0,14.0,0.99593,3.25,0.64,10.0,negative
7.1,0.39,0.12,2.1,0.065,14.0,24.0,0.99252,3.3,0.53,13.3,negative
5.6,0.66,0.0,2.5,0.066,7.0,15.0,0.99256,3.52,0.58,12.9,negative
10.0,0.43,0.33,2.7,0.095,28.0,89.0,0.9984,3.22,0.68,10.0,negative
8.2,0.2,0.43,2.5,0.076,31.0,51.0,0.99672,3.53,0.81,10.4,negative
10.0,0.41,0.45,6.2,0.071,6.0,14.0,0.99702,3.21,0.49,11.8,negative
6.7,0.41,0.43,2.8,0.076,22.0,54.0,0.99572,3.42,1.16,10.6,negative
8.5,0.32,0.42,2.3,0.075,12.0,19.0,0.99434,3.14,0.71,11.8,negative
8.2,0.35,0.33,2.4,0.076,11.0,47.0,0.99599,3.27,0.81,11.0,negative
6.4,0.885,0.0,2.3,0.166,6.0,12.0,0.99551,3.56,0.51,10.8,negative
7.9,0.58,0.23,2.3,0.076,23.0,94.0,0.99686,3.21,0.58,9.5,negative
7.1,0.6,0.01,2.3,0.079,24.0,37.0,0.99514,3.4,0.61,10.9,negative
7.1,0.72,0.0,1.8,0.123,6.0,14.0,0.99627,3.45,0.58,9.8,negative
6.1,0.64,0.02,2.4,0.069,26.0,46.0,0.99358,3.47,0.45,11.0,negative
6.8,0.64,0.0,2.7,0.123,15.0,33.0,0.99538,3.44,0.63,11.3,negative
6.9,0.41,0.31,2.0,0.079,21.0,51.0,0.99668,3.47,0.55,9.5,negative
8.0,0.715,0.22,2.3,0.075,13.0,81.0,0.99688,3.24,0.54,9.5,negative
11.3,0.37,0.5,1.8,0.09,20.0,47.0,0.99734,3.15,0.57,10.5,negative
8.2,0.635,0.1,2.1,0.073,25.0,60.0,0.99638,3.29,0.75,10.9,negative
7.6,1.58,0.0,2.1,0.137,5.0,9.0,0.99476,3.5,0.4,10.9,negative
6.7,0.86,0.07,2.0,0.1,20.0,57.0,0.99598,3.6,0.74,11.7,negative
9.7,0.69,0.32,2.5,0.088,22.0,91.0,0.9979,3.29,0.62,10.1,negative
7.5,0.63,0.27,2.0,0.083,17.0,91.0,0.99616,3.26,0.58,9.8,negative
6.7,0.46,0.24,1.7,0.077,18.0,34.0,0.9948,3.39,0.6,10.6,negative
7.4,0.6,0.26,2.1,0.083,17.0,91.0,0.99616,3.29,0.56,9.8,negative
8.4,0.39,0.1,1.7,0.075,6.0,25.0,0.99581,3.09,0.43,9.7,negative
11.5,0.42,0.48,2.6,0.077,8.0,20.0,0.99852,3.09,0.53,11.0,negative
7.6,0.645,0.03,1.9,0.086,14.0,57.0,0.9969,3.37,0.46,10.3,negative
7.6,0.645,0.03,1.9,0.086,14.0,57.0,0.9969,3.37,0.46,10.3,negative
7.3,0.43,0.24,2.5,0.078,27.0,67.0,0.99648,3.6,0.59,11.1,negative
11.6,0.475,0.4,1.4,0.091,6.0,28.0,0.99704,3.07,0.65,10.0333333333333,negative
6.6,0.61,0.0,1.6,0.069,4.0,8.0,0.99396,3.33,0.37,10.4,positive
7.2,0.45,0.15,2.0,0.078,10.0,28.0,0.99609,3.29,0.51,9.9,negative
8.0,0.81,0.25,3.4,0.076,34.0,85.0,0.99668,3.19,0.42,9.2,negative
7.4,0.64,0.07,1.8,0.1,8.0,23.0,0.9961,3.3,0.58,9.6,negative
8.7,0.675,0.1,1.6,0.09,4.0,11.0,0.99745,3.31,0.65,9.55,negative
7.9,0.69,0.21,2.1,0.08,33.0,141.0,0.9962,3.25,0.51,9.9,negative
7.7,0.28,0.3,2.0,0.062,18.0,34.0,0.9952,3.28,0.9,11.3,negative
7.3,0.34,0.33,2.5,0.064,21.0,37.0,0.9952,3.35,0.77,12.1,negative
7.5,0.4,0.18,1.6,0.079,24.0,58.0,0.9965,3.34,0.58,9.4,negative
7.0,0.54,0.0,2.1,0.079,39.0,55.0,0.9956,3.39,0.84,11.4,negative
7.0,0.59,0.0,1.7,0.052,3.0,8.0,0.996,3.41,0.47,10.3,negative
11.7,0.45,0.63,2.2,0.073,7.0,23.0,0.99974,3.21,0.69,10.9,negative
6.8,0.91,0.06,2.0,0.06,4.0,11.0,0.99592,3.53,0.64,10.9,positive
6.4,0.36,0.21,2.2,0.047,26.0,48.0,0.99661,3.47,0.77,9.7,negative
6.1,0.32,0.25,2.3,0.071,23.0,58.0,0.99633,3.42,0.97,10.6,negative
6.7,0.48,0.08,2.1,0.064,18.0,34.0,0.99552,3.33,0.64,9.7,negative
6.1,0.705,0.1,2.8,0.081,13.0,28.0,0.99631,3.6,0.66,10.2,negative
7.2,0.53,0.13,2.0,0.058,18.0,22.0,0.99573,3.21,0.68,9.9,negative
8.0,0.39,0.3,1.9,0.074,32.0,84.0,0.99717,3.39,0.61,9.0,negative
7.0,0.56,0.17,1.7,0.065,15.0,24.0,0.99514,3.44,0.68,10.55,negative
7.8,0.6,0.26,2.0,0.08,31.0,131.0,0.99622,3.21,0.52,9.9,negative
6.2,0.7,0.15,5.1,0.076,13.0,27.0,0.99622,3.54,0.6,11.9,negative
6.8,0.67,0.15,1.8,0.118,13.0,20.0,0.9954,3.42,0.67,11.3,negative
7.2,0.39,0.44,2.6,0.066,22.0,48.0,0.99494,3.3,0.84,11.5,negative
5.8,0.61,0.11,1.8,0.066,18.0,28.0,0.99483,3.55,0.66,10.9,negative
5.9,0.645,0.12,2.0,0.075,32.0,44.0,0.99547,3.57,0.71,10.2,negative
