8.5,0.28,0.56,1.8,0.092,35.0,103.0,0.9969,3.3,0.75,10.5,negative
7.6,0.41,0.24,1.8,0.08,4.0,11.0,0.9962,3.28,0.59,9.5,negative
6.8,0.67,0.02,1.8,0.05,5.0,11.0,0.9962,3.48,0.52,9.5,negative
7.7,0.62,0.04,3.8,0.084,25.0,45.0,0.9978,3.34,0.53,9.5,negative
6.6,0.705,0.07,1.6,0.076,6.0,15.0,0.9962,3.44,0.58,10.7,negative
6.2,0.45,0.2,1.6,0.069,3.0,15.0,0.9958,3.41,0.56,9.2,negative
7.0,0.62,0.08,1.8,0.076,8.0,24.0,0.9978,3.48,0.53,9.0,negative
7.9,0.52,0.26,1.9,0.079,42.0,140.0,0.9964,3.23,0.54,9.5,negative
5.0,1.02,0.04,1.4,0.045,41.0,85.0,0.9938,3.75,0.48,10.5,positive
6.2,0.63,0.31,1.7,0.088,15.0,64.0,0.9969,3.46,0.79,9.3,negative
8.0,0.59,0.16,1.8,0.065,3.0,16.0,0.9962,3.42,0.92,10.5,negative
6.1,0.38,0.15,1.8,0.072,6.0,19.0,0.9955,3.42,0.57,9.4,negative
7.3,0.33,0.47,2.1,0.077,5.0,11.0,0.9958,3.33,0.53,10.3,negative
9.2,0.52,1.0,3.4,0.61,32.0,69.0,0.9996,2.74,2.0,9.4,positive
7.5,0.6,0.03,1.8,0.095,25.0,99.0,0.995,3.35,0.54,10.1,negative
8.0,0.42,0.17,2.0,0.073,6.0,18.0,0.9972,3.29,0.61,9.2,negative
7.4,0.39,0.48,2.0,0.082,14.0,67.0,0.9972,3.34,0.55,9.2,negative
12.8,0.3,0.74,2.6,0.095,9.0,28.0,0.9994,3.2,0.77,10.8,negative
7.8,0.53,0.33,2.4,0.08,24.0,144.0,0.99655,3.3,0.6,9.5,negative
7.7,0.43,0.25,2.6,0.073,29.0,63.0,0.99615,3.37,0.58,10.5,negative
8.2,1.0,0.09,2.3,0.065,7.0,37.0,0.99685,3.32,0.55,9.0,negative
7.2,0.645,0.0,1.9,0.097,15.0,39.0,0.99675,3.37,0.58,9.2,negative
7.3,0.66,0.0,2.0,0.084,6.0,23.0,0.9983,3.61,0.96,9.9,negative
7.7,0.53,0.06,1.7,0.074,9.0,39.0,0.99615,3.35,0.48,9.8,negative
11.1,0.35,0.48,3.1,0.09,5.0,21.0,0.9986,3.17,0.53,10.5,negative
12.5,0.56,0.49,2.4,0.064,5.0,27.0,0.9999,3.08,0.87,10.9,negative
7.9,0.545,0.06,4.0,0.087,27.0,61.0,0.9965,3.36,0.67,10.7,negative
10.3,0.32,0.45,6.4,0.073,5.0,13.0,0.9976,3.23,0.82,12.6,negative
8.7,0.52,0.09,2.5,0.091,20.0,49.0,0.9976,3.34,0.86,10.6,negative
6.9,0.36,0.25,2.4,0.098,5.0,16.0,0.9964,3.41,0.6,10.1,negative
7.5,0.53,0.06,2.6,0.086,20.0,44.0,0.9965,3.38,0.59,10.7,negative
8.4,0.65,0.6,2.1,0.112,12.0,90.0,0.9973,3.2,0.52,9.2,negative
10.3,0.53,0.48,2.5,0.063,6.0,25.0,0.9998,3.12,0.59,9.3,negative
10.7,0.46,0.39,2.0,0.061,7.0,15.0,0.9981,3.18,0.62,9.5,negative
10.2,0.36,0.64,2.9,0.122,10.0,41.0,0.998,3.23,0.66,12.5,negative
10.4,0.575,0.61,2.6,0.076,11.0,24.0,1.0,3.16,0.69,9.0,negative
8.3,0.42,0.38,2.5,0.094,24.0,60.0,0.9979,3.31,0.7,10.8,negative
8.3,0.26,0.42,2.0,0.08,11.0,27.0,0.9974,3.21,0.8,9.4,negative
7.8,0.46,0.26,1.9,0.088,23.0,53.0,0.9981,3.43,0.74,9.2,negative
9.5,0.37,0.52,2.0,0.082,6.0,26.0,0.998,3.18,0.51,9.5,negative
8.7,0.765,0.22,2.3,0.064,9.0,42.0,0.9963,3.1,0.55,9.4,negative
8.7,0.31,0.46,1.4,0.059,11.0,25.0,0.9966,3.36,0.76,10.1,negative
8.6,0.725,0.24,6.6,0.117,31.0,134.0,1.0014,3.32,1.07,9.3,negative
6.4,0.67,0.08,2.1,0.045,19.0,48.0,0.9949,3.49,0.49,11.4,negative
12.3,0.39,0.63,2.3,0.091,6.0,18.0,1.0004,3.16,0.49,9.5,negative
10.4,0.33,0.63,2.8,0.084,5.0,22.0,0.9998,3.26,0.74,11.2,negative
8.1,0.66,0.7,2.2,0.098,25.0,129.0,0.9972,3.08,0.53,9.0,negative
10.6,0.36,0.6,2.2,0.152,7.0,18.0,0.9986,3.04,1.06,9.4,negative
10.2,0.67,0.39,1.9,0.054,6.0,17.0,0.9976,3.17,0.47,10.0,negative
8.9,0.4,0.51,2.6,0.052,13.0,27.0,0.995,3.32,0.9,13.4,negative
7.2,0.34,0.32,2.5,0.09,43.0,113.0,0.9966,3.32,0.79,11.1,negative
10.5,0.26,0.47,1.9,0.078,6.0,24.0,0.9976,3.18,1.04,10.9,negative
13.3,0.29,0.75,2.8,0.084,23.0,43.0,0.9986,3.04,0.68,11.4,negative
9.8,0.25,0.49,2.7,0.088,15.0,33.0,0.9982,3.42,0.9,10.0,negative
9.9,0.63,0.24,2.4,0.077,6.0,33.0,0.9974,3.09,0.57,9.4,negative
9.1,0.22,0.24,2.1,0.078,1.0,28.0,0.999,3.41,0.87,10.3,negative
9.3,0.715,0.24,2.1,0.07,5.0,20.0,0.9966,3.12,0.59,9.9,negative
7.5,0.55,0.24,2.0,0.078,10.0,28.0,0.9983,3.45,0.78,9.5,negative
9.5,0.46,0.24,2.7,0.092,14.0,44.0,0.998,3.12,0.74,10.0,negative
12.7,0.6,0.49,2.8,0.075,5.0,19.0,0.9994,3.14,0.57,11.4,negative
10.2,0.24,0.49,2.4,0.075,10.0,28.0,0.9978,3.14,0.61,10.4,negative
7.6,0.51,0.24,2.4,0.091,8.0,38.0,0.998,3.47,0.66,9.6,negative
6.3,0.36,0.19,3.2,0.075,15.0,39.0,0.9956,3.56,0.52,12.7,negative
8.8,0.24,0.54,2.5,0.083,25.0,57.0,0.9983,3.39,0.54,9.2,negative
7.9,0.51,0.25,2.9,0.077,21.0,45.0,0.9974,3.49,0.96,12.1,negative
8.8,0.6,0.29,2.2,0.098,5.0,15.0,0.9988,3.36,0.49,9.1,negative
9.9,0.54,0.45,2.3,0.071,16.0,40.0,0.9991,3.39,0.62,9.4,negative
10.7,0.43,0.39,2.2,0.106,8.0,32.0,0.9986,2.89,0.5,9.6,negative
10.8,0.26,0.45,3.3,0.06,20.0,49.0,0.9972,3.13,0.54,9.6,negative
7.7,0.66,0.04,1.6,0.039,4.0,9.0,0.9962,3.4,0.47,9.4,negative
7.0,0.65,0.02,2.1,0.066,8.0,25.0,0.9972,3.47,0.67,9.5,negative
7.0,0.78,0.08,2.0,0.093,10.0,19.0,0.9956,3.4,0.47,10.0,negative
7.6,0.46,0.11,2.6,0.079,12.0,49.0,0.9968,3.21,0.57,10.0,negative
9.5,0.55,0.66,2.3,0.387,12.0,37.0,0.9982,3.17,0.67,9.6,negative
9.0,0.69,0.0,2.4,0.088,19.0,38.0,0.999,3.35,0.6,9.3,negative
8.8,0.59,0.18,2.9,0.089,12.0,74.0,0.99738,3.14,0.54,9.4,negative
7.5,0.6,0.32,2.7,0.103,13.0,98.0,0.99938,3.45,0.62,9.5,negative
7.9,0.4,0.29,1.8,0.157,1.0,44.0,0.9973,3.3,0.92,9.5,negative
7.1,0.52,0.03,2.6,0.076,21.0,92.0,0.99745,3.5,0.6,9.8,negative
10.0,0.56,0.24,2.2,0.079,19.0,58.0,0.9991,3.18,0.56,10.1,negative
9.3,0.37,0.44,1.6,0.038,21.0,42.0,0.99526,3.24,0.81,10.8,negative
9.4,0.5,0.34,3.6,0.082,5.0,14.0,0.9987,3.29,0.52,10.7,negative
9.4,0.5,0.34,3.6,0.082,5.0,14.0,0.9987,3.29,0.52,10.7,negative
9.8,0.51,0.19,3.2,0.081,8.0,30.0,0.9984,3.23,0.58,10.5,negative
6.7,0.54,0.13,2.0,0.076,15.0,36.0,0.9973,3.61,0.64,9.8,negative
7.1,0.46,0.14,2.8,0.076,15.0,37.0,0.99624,3.36,0.49,10.7,negative
7.5,0.27,0.34,2.3,0.05,4.0,8.0,0.9951,3.4,0.64,11.0,negative
7.5,0.685,0.07,2.5,0.058,5.0,9.0,0.99632,3.38,0.55,10.9,positive
10.4,0.44,0.42,1.5,0.145,34.0,48.0,0.99832,3.38,0.86,9.9,negative
9.2,0.56,0.18,1.6,0.078,10.0,21.0,0.99576,3.15,0.49,9.9,negative
7.2,0.6,0.04,2.5,0.076,18.0,88.0,0.99745,3.53,0.55,9.5,negative
8.8,0.61,0.19,4.0,0.094,30.0,69.0,0.99787,3.22,0.5,10.0,negative
7.2,0.66,0.03,2.3,0.078,16.0,86.0,0.99743,3.53,0.57,9.7,negative
8.3,1.02,0.02,3.4,0.084,6.0,11.0,0.99892,3.48,0.49,11.0,negative
8.4,0.36,0.32,2.2,0.081,32.0,79.0,0.9964,3.3,0.72,11.0,negative
8.4,0.67,0.19,2.2,0.093,11.0,75.0,0.99736,3.2,0.59,9.2,positive
6.2,0.46,0.17,1.6,0.073,7.0,11.0,0.99425,3.61,0.54,11.4,negative
8.9,0.12,0.45,1.8,0.075,10.0,21.0,0.99552,3.41,0.76,11.9,negative
7.6,0.43,0.4,2.7,0.082,6.0,11.0,0.99538,3.44,0.54,12.2,negative
9.0,0.36,0.52,2.1,0.111,5.0,10.0,0.99568,3.31,0.62,11.3,negative
8.0,0.59,0.05,2.0,0.089,12.0,32.0,0.99735,3.36,0.61,10.0,negative
5.6,0.66,0.0,2.2,0.087,3.0,11.0,0.99378,3.71,0.63,12.8,negative
6.8,0.36,0.32,1.8,0.067,4.0,8.0,0.9928,3.36,0.55,12.8,negative
8.9,0.28,0.45,1.7,0.067,7.0,12.0,0.99354,3.25,0.55,12.3,negative
8.0,0.58,0.16,2.0,0.12,3.0,7.0,0.99454,3.22,0.58,11.2,negative
6.4,0.795,0.0,2.2,0.065,28.0,52.0,0.99378,3.49,0.52,11.6,negative
7.1,0.59,0.0,2.1,0.091,9.0,14.0,0.99488,3.42,0.55,11.5,negative
10.1,0.37,0.34,2.4,0.085,5.0,17.0,0.99683,3.17,0.65,10.6,negative
7.6,0.31,0.34,2.5,0.082,26.0,35.0,0.99356,3.22,0.59,12.5,negative
8.7,0.41,0.41,6.2,0.078,25.0,42.0,0.9953,3.24,0.77,12.6,negative
8.5,0.46,0.59,1.4,0.414,16.0,45.0,0.99702,3.03,1.34,9.2,negative
8.3,0.33,0.42,2.3,0.07,9.0,20.0,0.99426,3.38,0.77,12.7,negative
8.2,0.64,0.27,2.0,0.095,5.0,77.0,0.99747,3.13,0.62,9.1,negative
9.3,0.33,0.45,1.5,0.057,19.0,37.0,0.99498,3.18,0.89,11.1,negative
7.5,0.77,0.2,8.1,0.098,30.0,92.0,0.99892,3.2,0.58,9.2,negative
7.2,0.38,0.3,1.8,0.073,31.0,70.0,0.99685,3.42,0.59,9.5,negative
7.9,0.34,0.42,2.0,0.086,8.0,19.0,0.99546,3.35,0.6,11.4,negative
7.0,0.69,0.07,2.5,0.091,15.0,21.0,0.99572,3.38,0.6,11.3,negative
6.3,0.47,0.0,1.4,0.055,27.0,33.0,0.9922,3.45,0.48,12.3,negative
5.8,0.29,0.26,1.7,0.063,3.0,11.0,0.9915,3.39,0.54,13.5,negative
7.0,0.22,0.3,1.8,0.065,16.0,20.0,0.99672,3.61,0.82,10.0,negative
10.2,0.4,0.4,2.5,0.068,41.0,54.0,0.99754,3.38,0.86,10.5,negative
7.7,0.57,0.21,1.5,0.069,4.0,9.0,0.99458,3.16,0.54,9.8,negative
7.2,0.36,0.46,2.1,0.074,24.0,44.0,0.99534,3.4,0.85,11.0,negative
7.1,0.75,0.01,2.2,0.059,11.0,18.0,0.99242,3.39,0.4,12.8,negative
7.5,0.59,0.22,1.8,0.082,43.0,60.0,0.99499,3.1,0.42,9.2,negative
6.3,1.02,0.0,2.0,0.083,17.0,24.0,0.99437,3.59,0.55,11.2,positive
8.5,0.37,0.32,1.8,0.066,26.0,51.0,0.99456,3.38,0.72,11.8,negative
7.2,0.57,0.05,2.3,0.081,16.0,36.0,0.99564,3.38,0.6,10.3,negative
7.5,0.58,0.2,2.0,0.073,34.0,44.0,0.99494,3.1,0.43,9.3,negative
7.1,0.16,0.44,2.5,0.068,17.0,31.0,0.99328,3.35,0.54,12.4,negative
7.0,0.6,0.3,4.5,0.068,20.0,110.0,0.99914,3.3,1.17,10.2,negative
5.9,0.395,0.13,2.4,0.056,14.0,28.0,0.99362,3.62,0.67,12.4,negative
7.5,0.61,0.26,1.9,0.073,24.0,88.0,0.99612,3.3,0.53,9.8,negative
7.8,0.87,0.26,3.8,0.107,31.0,67.0,0.99668,3.26,0.46,9.2,negative
7.5,0.51,0.02,1.7,0.084,13.0,31.0,0.99538,3.36,0.54,10.5,negative
7.2,0.655,0.03,1.8,0.078,7.0,12.0,0.99587,3.34,0.39,9.5,negative
7.3,0.74,0.08,1.7,0.094,10.0,45.0,0.99576,3.24,0.5,9.8,negative
6.8,0.815,0.0,1.2,0.267,16.0,29.0,0.99471,3.32,0.51,9.8,negative
8.2,0.885,0.2,1.4,0.086,7.0,31.0,0.9946,3.11,0.46,10.0,negative
5.2,0.49,0.26,2.3,0.09,23.0,74.0,0.9953,3.71,0.62,12.2,negative
8.0,0.6,0.22,2.1,0.08,25.0,105.0,0.99613,3.3,0.49,9.9,negative
7.1,0.755,0.15,1.8,0.107,20.0,84.0,0.99593,3.19,0.5,9.5,negative
8.0,0.64,0.22,2.4,0.094,5.0,33.0,0.99612,3.37,0.58,11.0,negative
6.9,0.58,0.01,1.9,0.08,40.0,54.0,0.99683,3.4,0.73,9.7,negative
7.6,0.35,0.6,2.6,0.073,23.0,44.0,0.99656,3.38,0.79,11.1,negative
5.3,0.47,0.11,2.2,0.048,16.0,89.0,0.99182,3.54,0.88,13.6,negative
8.2,0.28,0.6,3.0,0.104,10.0,22.0,0.99828,3.39,0.68,10.6,negative
6.6,0.895,0.04,2.3,0.068,7.0,13.0,0.99582,3.53,0.58,10.8,negative
7.5,0.725,0.04,1.5,0.076,8.0,15.0,0.99508,3.26,0.53,9.6,negative
6.8,0.81,0.05,2.0,0.07,6.0,14.0,0.99562,3.51,0.66,10.8,negative
6.4,0.79,0.04,2.2,0.061,11.0,17.0,0.99588,3.53,0.65,10.4,negative
6.9,0.84,0.21,4.1,0.074,16.0,65.0,0.99842,3.53,0.72,9.23333333333333,negative
6.9,0.84,0.21,4.1,0.074,16.0,65.0,0.99842,3.53,0.72,9.25,negative
7.1,0.53,0.07,1.7,0.071,15.0,24.0,0.9951,3.29,0.66,10.8,negative
7.4,0.25,0.29,2.2,0.054,19.0,49.0,0.99666,3.4,0.76,10.9,negative
6.3,0.6,0.1,1.6,0.048,12.0,26.0,0.99306,3.55,0.51,12.1,negative
6.9,0.63,0.33,6.7,0.235,66.0,115.0,0.99787,3.22,0.56,9.5,negative
7.2,0.695,0.13,2.0,0.076,12.0,20.0,0.99546,3.29,0.54,10.1,negative
7.3,0.69,0.32,2.2,0.069,35.0,104.0,0.99632,3.33,0.51,9.5,negative
