7.9,0.43,0.21,1.6,0.106,10.0,37.0,0.9966,3.17,0.91,9.5,negative
7.8,0.645,0.0,2.0,0.082,8.0,16.0,0.9964,3.38,0.59,9.8,negative
8.6,0.38,0.36,3.0,0.081,30.0,119.0,0.997,3.2,0.56,9.4,negative
7.7,0.69,0.49,1.8,0.115,20.0,112.0,0.9968,3.21,0.71,9.3,negative
7.5,0.52,0.11,1.5,0.079,11.0,39.0,0.9968,3.42,0.58,9.6,negative
8.0,0.705,0.05,1.9,0.074,8.0,19.0,0.9962,3.34,0.95,10.5,negative
8.6,0.49,0.29,2.0,0.11,19.0,133.0,0.9972,2.93,1.98,9.8,negative
7.3,0.695,0.0,2.5,0.075,3.0,13.0,0.998,3.49,0.52,9.2,negative
7.8,0.56,0.19,2.1,0.081,15.0,105.0,0.9962,3.33,0.54,9.5,negative
8.4,0.745,0.11,1.9,0.09,16.0,63.0,0.9965,3.19,0.82,9.6,negative
6.8,0.63,0.07,2.1,0.089,11.0,44.0,0.9953,3.47,0.55,10.4,negative
7.9,0.885,0.03,1.8,0.058,4.0,8.0,0.9972,3.36,0.33,9.1,positive
7.4,0.62,0.05,1.9,0.068,24.0,42.0,0.9961,3.42,0.57,11.5,negative
8.2,0.5,0.35,2.9,0.077,21.0,127.0,0.9976,3.23,0.62,9.4,negative
11.5,0.3,0.6,2.0,0.067,12.0,27.0,0.9981,3.11,0.97,10.1,negative
5.4,0.835,0.08,1.2,0.046,13.0,93.0,0.9924,3.57,0.85,13.0,negative
9.7,0.53,0.6,2.0,0.039,5.0,19.0,0.99585,3.3,0.86,12.4,negative
6.8,0.61,0.04,1.5,0.057,5.0,10.0,0.99525,3.42,0.6,9.5,negative
7.7,0.43,0.25,2.6,0.073,29.0,63.0,0.99615,3.37,0.58,10.5,negative
7.7,0.775,0.42,1.9,0.092,8.0,86.0,0.9959,3.23,0.59,9.5,negative
9.4,0.34,0.37,2.2,0.075,5.0,13.0,0.998,3.22,0.62,9.2,negative
11.8,0.26,0.52,1.8,0.071,6.0,10.0,0.9968,3.2,0.72,10.2,negative
11.5,0.18,0.51,4.0,0.104,4.0,23.0,0.9996,3.28,0.97,10.1,negative
7.6,0.52,0.12,3.0,0.067,12.0,53.0,0.9971,3.36,0.57,9.1,negative
7.5,0.4,0.12,3.0,0.092,29.0,53.0,0.9967,3.37,0.7,10.3,negative
10.8,0.5,0.46,2.5,0.073,5.0,27.0,1.0001,3.05,0.64,9.5,negative
9.8,0.66,0.39,3.2,0.083,21.0,59.0,0.9989,3.37,0.71,11.5,negative
9.8,0.66,0.39,3.2,0.083,21.0,59.0,0.9989,3.37,0.71,11.5,negative
7.8,0.62,0.05,2.3,0.079,6.0,18.0,0.99735,3.29,0.63,9.3,negative
10.2,0.36,0.64,2.9,0.122,10.0,41.0,0.998,3.23,0.66,12.5,negative
9.1,0.28,0.48,1.8,0.067,26.0,46.0,0.9967,3.32,1.04,10.6,negative
8.3,0.66,0.15,1.9,0.079,17.0,42.0,0.9972,3.31,0.54,9.6,negative
10.5,0.24,0.47,2.1,0.066,6.0,24.0,0.9978,3.15,0.9,11.0,negative
9.3,0.48,0.29,2.1,0.127,6.0,16.0,0.9968,3.22,0.72,11.2,negative
8.6,0.53,0.22,2.0,0.1,7.0,27.0,0.9967,3.2,0.56,10.2,negative
11.9,0.39,0.69,2.8,0.095,17.0,35.0,0.9994,3.1,0.61,10.8,negative
8.9,0.59,0.39,2.3,0.095,5.0,22.0,0.9986,3.37,0.58,10.3,negative
9.6,0.68,0.24,2.2,0.087,5.0,28.0,0.9988,3.14,0.6,10.2,negative
9.4,0.3,0.56,2.8,0.08,6.0,17.0,0.9964,3.15,0.92,11.7,negative
10.6,0.44,0.68,4.1,0.114,6.0,24.0,0.997,3.06,0.66,13.4,negative
6.5,0.39,0.23,8.3,0.051,28.0,91.0,0.9952,3.44,0.55,12.1,negative
8.7,0.69,0.31,3.0,0.086,23.0,81.0,1.0002,3.48,0.74,11.6,negative
10.4,0.61,0.49,2.1,0.2,5.0,16.0,0.9994,3.16,0.63,8.4,negative
10.9,0.21,0.49,2.8,0.088,11.0,32.0,0.9972,3.22,0.68,11.7,negative
7.3,0.365,0.49,2.5,0.088,39.0,106.0,0.9966,3.36,0.78,11.0,negative
9.3,0.4,0.49,2.5,0.085,38.0,142.0,0.9978,3.22,0.55,9.4,negative
10.4,0.64,0.24,2.8,0.105,29.0,53.0,0.9998,3.24,0.67,9.9,negative
12.9,0.35,0.49,5.8,0.066,5.0,35.0,1.0014,3.2,0.66,12.0,negative
9.2,0.59,0.24,3.3,0.101,20.0,47.0,0.9988,3.26,0.67,9.6,negative
15.6,0.645,0.49,4.2,0.095,10.0,23.0,1.00315,2.92,0.74,11.1,negative
8.7,0.7,0.24,2.5,0.226,5.0,15.0,0.9991,3.32,0.6,9.0,negative
12.3,0.5,0.49,2.2,0.089,5.0,14.0,1.0002,3.19,0.44,9.6,negative
12.3,0.5,0.49,2.2,0.089,5.0,14.0,1.0002,3.19,0.44,9.6,negative
7.3,0.73,0.24,1.9,0.108,18.0,102.0,0.9967,3.26,0.59,9.3,negative
9.9,0.49,0.58,3.5,0.094,9.0,43.0,1.0004,3.29,0.58,9.0,negative
8.7,0.54,0.26,2.5,0.097,7.0,31.0,0.9976,3.27,0.6,9.3,negative
8.3,0.845,0.01,2.2,0.07,5.0,14.0,0.9967,3.32,0.58,11.0,positive
9.4,0.33,0.59,2.8,0.079,9.0,30.0,0.9976,3.12,0.54,12.0,negative
9.7,0.55,0.17,2.9,0.087,20.0,53.0,1.0004,3.14,0.61,9.4,negative
8.1,0.78,0.23,2.6,0.059,5.0,15.0,0.997,3.37,0.56,11.3,negative
9.4,0.615,0.28,3.2,0.087,18.0,72.0,1.0001,3.31,0.53,9.7,negative
10.6,1.02,0.43,2.9,0.076,26.0,88.0,0.9984,3.08,0.57,10.1,negative
7.4,0.49,0.19,3.0,0.077,16.0,37.0,0.9966,3.37,0.51,10.5,negative
9.7,0.31,0.47,1.6,0.062,13.0,33.0,0.9983,3.27,0.66,10.0,negative
9.9,0.74,0.28,2.6,0.078,21.0,77.0,0.998,3.28,0.51,9.8,negative
7.6,0.42,0.08,2.7,0.084,15.0,48.0,0.9968,3.21,0.59,10.0,negative
7.1,0.31,0.3,2.2,0.053,36.0,127.0,0.9965,2.94,1.62,9.5,negative
8.1,0.72,0.09,2.8,0.084,18.0,49.0,0.9994,3.43,0.72,11.1,negative
6.4,0.57,0.02,1.8,0.067,4.0,11.0,0.997,3.46,0.68,9.5,negative
7.3,0.51,0.18,2.1,0.07,12.0,28.0,0.99768,3.52,0.73,9.5,negative
9.1,0.68,0.11,2.8,0.093,11.0,44.0,0.99888,3.31,0.55,9.5,negative
9.2,0.67,0.1,3.0,0.091,12.0,48.0,0.99888,3.31,0.54,9.5,negative
7.1,0.59,0.02,2.3,0.082,24.0,94.0,0.99744,3.55,0.53,9.7,negative
6.9,0.635,0.17,2.4,0.241,6.0,18.0,0.9961,3.4,0.59,10.3,negative
8.2,0.28,0.4,2.4,0.052,4.0,10.0,0.99356,3.33,0.7,12.8,negative
7.0,0.685,0.0,1.9,0.099,9.0,22.0,0.99606,3.34,0.6,9.7,negative
4.9,0.42,0.0,2.1,0.048,16.0,42.0,0.99154,3.71,0.74,14.0,negative
5.9,0.61,0.08,2.1,0.071,16.0,24.0,0.99376,3.56,0.77,11.1,negative
9.9,0.25,0.46,1.7,0.062,26.0,42.0,0.9959,3.18,0.83,10.6,negative
6.4,0.64,0.21,1.8,0.081,14.0,31.0,0.99689,3.59,0.66,9.8,negative
9.3,0.36,0.39,1.5,0.08,41.0,55.0,0.99652,3.47,0.73,10.9,negative
7.2,0.62,0.06,2.7,0.077,15.0,85.0,0.99746,3.51,0.54,9.5,negative
5.8,1.01,0.66,2.0,0.039,15.0,88.0,0.99357,3.66,0.6,11.5,negative
10.4,0.38,0.46,2.1,0.104,6.0,10.0,0.99664,3.12,0.65,11.8,negative
8.3,0.31,0.39,2.4,0.078,17.0,43.0,0.99444,3.31,0.77,12.5,negative
7.4,0.52,0.13,2.4,0.078,34.0,61.0,0.99528,3.43,0.59,10.8,negative
9.4,0.395,0.46,4.6,0.094,3.0,10.0,0.99639,3.27,0.64,12.2,negative
5.3,0.715,0.19,1.5,0.161,7.0,62.0,0.99395,3.62,0.61,11.0,negative
9.6,0.41,0.37,2.3,0.091,10.0,23.0,0.99786,3.24,0.56,10.5,negative
8.7,0.33,0.38,3.3,0.063,10.0,19.0,0.99468,3.3,0.73,12.0,negative
7.4,0.61,0.01,2.0,0.074,13.0,38.0,0.99748,3.48,0.65,9.8,negative
12.0,0.63,0.5,1.4,0.071,6.0,26.0,0.99791,3.07,0.6,10.4,positive
9.0,0.38,0.41,2.4,0.103,6.0,10.0,0.99604,3.13,0.58,11.9,negative
6.5,0.4,0.1,2.0,0.076,30.0,47.0,0.99554,3.36,0.48,9.4,negative
9.1,0.29,0.33,2.05,0.063,13.0,27.0,0.99516,3.26,0.84,11.7,negative
7.3,0.91,0.1,1.8,0.074,20.0,56.0,0.99672,3.35,0.56,9.2,negative
9.3,0.49,0.36,1.7,0.081,3.0,14.0,0.99702,3.27,0.78,10.9,negative
9.3,0.5,0.36,1.8,0.084,6.0,17.0,0.99704,3.27,0.77,10.8,negative
5.6,0.605,0.05,2.4,0.073,19.0,25.0,0.99258,3.56,0.55,12.9,negative
11.1,0.31,0.53,2.2,0.06,3.0,10.0,0.99572,3.02,0.83,10.9,negative
11.1,0.31,0.53,2.2,0.06,3.0,10.0,0.99572,3.02,0.83,10.9,negative
8.5,0.34,0.4,4.7,0.055,3.0,9.0,0.99738,3.38,0.66,11.6,negative
10.0,0.26,0.54,1.9,0.083,42.0,74.0,0.99451,2.98,0.63,11.8,negative
6.6,0.725,0.09,5.5,0.117,9.0,17.0,0.99655,3.35,0.49,10.8,negative
9.4,0.4,0.47,2.5,0.087,6.0,20.0,0.99772,3.15,0.5,10.5,negative
8.6,0.52,0.38,1.5,0.096,5.0,18.0,0.99666,3.2,0.52,9.4,negative
5.4,0.42,0.27,2.0,0.092,23.0,55.0,0.99471,3.78,0.64,12.3,negative
7.0,0.69,0.07,2.5,0.091,15.0,21.0,0.99572,3.38,0.6,11.3,negative
7.9,0.54,0.34,2.5,0.076,8.0,17.0,0.99235,3.2,0.72,13.1,negative
6.5,0.58,0.0,2.2,0.096,3.0,13.0,0.99557,3.62,0.62,11.5,positive
7.4,0.36,0.34,1.8,0.075,18.0,38.0,0.9933,3.38,0.88,13.6,negative
8.5,0.28,0.35,1.7,0.061,6.0,15.0,0.99524,3.3,0.74,11.8,negative
8.3,0.6,0.25,2.2,0.118,9.0,38.0,0.99616,3.15,0.53,9.8,negative
8.8,0.45,0.43,1.4,0.076,12.0,21.0,0.99551,3.21,0.75,10.2,negative
6.5,0.34,0.27,2.8,0.067,8.0,44.0,0.99384,3.21,0.56,12.0,negative
7.6,0.36,0.31,1.7,0.079,26.0,65.0,0.99716,3.46,0.62,9.5,negative
5.6,0.915,0.0,2.1,0.041,17.0,78.0,0.99346,3.68,0.73,11.4,negative
8.2,0.35,0.33,2.4,0.076,11.0,47.0,0.99599,3.27,0.81,11.0,negative
6.8,0.66,0.07,1.6,0.07,16.0,61.0,0.99572,3.29,0.6,9.3,negative
7.2,0.25,0.37,2.5,0.063,11.0,41.0,0.99439,3.52,0.8,12.4,negative
9.6,0.38,0.42,1.9,0.071,5.0,13.0,0.99659,3.15,0.75,10.5,negative
9.0,0.39,0.4,1.3,0.044,25.0,50.0,0.99478,3.2,0.83,10.9,negative
12.6,0.39,0.49,2.5,0.08,8.0,20.0,0.9992,3.07,0.82,10.3,negative
7.6,0.43,0.29,2.1,0.075,19.0,66.0,0.99718,3.4,0.64,9.5,negative
6.5,0.67,0.0,4.3,0.057,11.0,20.0,0.99488,3.45,0.56,11.8,positive
7.4,0.74,0.07,1.7,0.086,15.0,48.0,0.99502,3.12,0.48,10.0,negative
7.4,0.55,0.19,1.8,0.082,15.0,34.0,0.99655,3.49,0.68,10.5,negative
7.1,0.46,0.2,1.9,0.077,28.0,54.0,0.9956,3.37,0.64,10.4,negative
6.6,0.63,0.0,4.3,0.093,51.0,77.5,0.99558,3.2,0.45,9.5,negative
5.2,0.645,0.0,2.15,0.08,15.0,28.0,0.99444,3.78,0.61,12.5,negative
9.1,0.37,0.32,2.1,0.064,4.0,15.0,0.99576,3.3,0.8,11.2,negative
8.2,0.44,0.24,2.3,0.063,10.0,28.0,0.99613,3.25,0.53,10.2,negative
7.2,0.62,0.01,2.3,0.065,8.0,46.0,0.99332,3.32,0.51,11.8,negative
7.2,0.605,0.02,1.9,0.096,10.0,31.0,0.995,3.46,0.53,11.8,negative
8.7,0.78,0.51,1.7,0.415,12.0,66.0,0.99623,3.0,1.17,9.2,negative
7.1,0.62,0.06,1.3,0.07,5.0,12.0,0.9942,3.17,0.48,9.8,negative
8.6,0.685,0.1,1.6,0.092,3.0,12.0,0.99745,3.31,0.65,9.55,negative
8.0,0.5,0.39,2.6,0.082,12.0,46.0,0.9985,3.43,0.62,10.7,negative
6.0,0.51,0.0,2.1,0.064,40.0,54.0,0.995,3.54,0.93,10.7,negative
6.6,0.96,0.0,1.8,0.082,5.0,16.0,0.9936,3.5,0.44,11.9,negative
9.9,0.57,0.25,2.0,0.104,12.0,89.0,0.9963,3.04,0.9,10.1,negative
10.0,0.32,0.59,2.2,0.077,3.0,15.0,0.9994,3.2,0.78,9.6,negative
8.3,0.26,0.37,1.4,0.076,8.0,23.0,0.9974,3.26,0.7,9.6,negative
7.8,0.64,0.0,1.9,0.072,27.0,55.0,0.9962,3.31,0.63,11.0,negative
6.8,0.915,0.29,4.8,0.07,15.0,39.0,0.99577,3.53,0.54,11.1,negative
7.3,0.67,0.02,2.2,0.072,31.0,92.0,0.99566,3.32,0.68,11.1,negative
7.6,0.49,0.33,1.9,0.074,27.0,85.0,0.99706,3.41,0.58,9.0,negative
7.6,0.49,0.33,1.9,0.074,27.0,85.0,0.99706,3.41,0.58,9.0,negative
6.4,0.42,0.09,2.3,0.054,34.0,64.0,0.99724,3.41,0.68,10.4,negative
6.8,0.64,0.03,2.3,0.075,14.0,31.0,0.99545,3.36,0.58,10.4,negative
5.6,0.54,0.04,1.7,0.049,5.0,13.0,0.9942,3.72,0.58,11.4,negative
6.9,0.74,0.03,2.3,0.054,7.0,16.0,0.99508,3.45,0.63,11.5,negative
6.7,0.76,0.02,1.8,0.078,6.0,12.0,0.996,3.55,0.63,9.95,negative
6.1,0.32,0.25,2.3,0.071,23.0,58.0,0.99633,3.42,0.97,10.6,negative
7.4,0.47,0.46,2.2,0.114,7.0,20.0,0.99647,3.32,0.63,10.5,negative
7.1,0.68,0.0,2.3,0.087,17.0,26.0,0.99783,3.45,0.53,9.5,negative
6.6,0.88,0.04,2.2,0.066,12.0,20.0,0.99636,3.53,0.56,9.9,negative
7.8,0.6,0.26,2.0,0.08,31.0,131.0,0.99622,3.21,0.52,9.9,negative
6.7,0.16,0.64,2.1,0.059,24.0,52.0,0.99494,3.34,0.71,11.2,negative
7.4,0.35,0.33,2.4,0.068,9.0,26.0,0.9947,3.36,0.6,11.9,negative
