8.9,0.62,0.19,3.9,0.17,51.0,148.0,0.9986,3.17,0.93,9.2,negative
8.1,0.56,0.28,1.7,0.368,16.0,56.0,0.9968,3.11,1.28,9.3,negative
7.4,0.59,0.08,4.4,0.086,6.0,29.0,0.9974,3.38,0.5,9.0,positive
7.9,0.43,0.21,1.6,0.106,10.0,37.0,0.9966,3.17,0.91,9.5,negative
7.1,0.71,0.0,1.9,0.08,14.0,35.0,0.9972,3.47,0.55,9.4,negative
6.6,0.5,0.04,2.1,0.068,6.0,14.0,0.9955,3.39,0.64,9.4,negative
10.2,0.42,0.57,3.4,0.07,4.0,10.0,0.9971,3.04,0.63,9.6,negative
7.5,0.52,0.16,1.9,0.085,12.0,35.0,0.9968,3.38,0.62,9.5,negative
7.0,0.735,0.05,2.0,0.081,13.0,54.0,0.9966,3.39,0.57,9.8,negative
7.2,0.725,0.05,4.65,0.086,4.0,11.0,0.9962,3.41,0.39,10.9,negative
6.9,0.55,0.15,2.2,0.076,19.0,40.0,0.9961,3.41,0.59,10.1,negative
8.6,0.49,0.28,1.9,0.11,20.0,136.0,0.9972,2.93,1.95,9.9,negative
7.6,0.9,0.06,2.5,0.079,5.0,10.0,0.9967,3.39,0.56,9.8,negative
9.4,0.4,0.31,2.2,0.09,13.0,62.0,0.9966,3.07,0.63,10.5,negative
7.0,0.69,0.08,1.8,0.097,22.0,89.0,0.9959,3.34,0.54,9.2,negative
6.3,0.39,0.08,1.7,0.066,3.0,20.0,0.9954,3.34,0.58,9.4,negative
8.1,0.67,0.55,1.8,0.117,32.0,141.0,0.9968,3.17,0.62,9.4,negative
8.2,0.4,0.44,2.8,0.089,11.0,43.0,0.9975,3.53,0.61,10.5,negative
7.1,0.43,0.42,5.5,0.07,29.0,129.0,0.9973,3.42,0.72,10.5,negative
7.8,0.53,0.04,1.7,0.076,17.0,31.0,0.9964,3.33,0.56,10.0,negative
7.8,0.63,0.48,1.7,0.1,14.0,96.0,0.9961,3.19,0.62,9.5,negative
6.4,0.37,0.25,1.9,0.074,21.0,49.0,0.9974,3.57,0.62,9.8,negative
7.6,0.55,0.21,2.2,0.071,7.0,28.0,0.9964,3.28,0.55,9.7,negative
7.8,0.59,0.33,2.0,0.074,24.0,120.0,0.9968,3.25,0.54,9.4,negative
8.8,0.37,0.48,2.1,0.097,39.0,145.0,0.9975,3.04,1.03,9.3,negative
8.7,0.625,0.16,2.0,0.101,13.0,49.0,0.9962,3.14,0.57,11.0,negative
6.9,0.54,0.04,3.0,0.077,7.0,27.0,0.9987,3.69,0.91,9.4,negative
8.4,0.715,0.2,2.4,0.076,10.0,38.0,0.99735,3.31,0.64,9.4,negative
8.7,0.52,0.09,2.5,0.091,20.0,49.0,0.9976,3.34,0.86,10.6,negative
11.0,0.2,0.48,2.0,0.343,6.0,18.0,0.9979,3.3,0.71,10.5,negative
8.9,0.43,0.45,1.9,0.052,6.0,16.0,0.9948,3.35,0.7,12.5,negative
6.7,0.75,0.01,2.4,0.078,17.0,32.0,0.9955,3.55,0.61,12.8,negative
12.8,0.615,0.66,5.8,0.083,7.0,42.0,1.0022,3.07,0.73,10.0,negative
11.5,0.45,0.5,3.0,0.078,19.0,47.0,1.0003,3.26,1.11,11.0,negative
12.0,0.37,0.76,4.2,0.066,7.0,38.0,1.0004,3.22,0.6,13.0,negative
11.5,0.59,0.59,2.6,0.087,13.0,49.0,0.9988,3.18,0.65,11.0,negative
7.7,0.26,0.3,1.7,0.059,20.0,38.0,0.9949,3.29,0.47,10.8,negative
7.1,0.735,0.16,1.9,0.1,15.0,77.0,0.9966,3.27,0.64,9.3,negative
9.9,0.4,0.53,6.7,0.097,6.0,19.0,0.9986,3.27,0.82,11.7,negative
7.0,0.58,0.12,1.9,0.091,34.0,124.0,0.9956,3.44,0.48,10.5,negative
10.5,0.24,0.47,2.1,0.066,6.0,24.0,0.9978,3.15,0.9,11.0,negative
10.4,0.33,0.63,2.8,0.084,5.0,22.0,0.9998,3.26,0.74,11.2,negative
10.0,0.29,0.4,2.9,0.098,10.0,26.0,1.0006,3.48,0.91,9.7,negative
10.5,0.28,0.51,1.7,0.08,10.0,24.0,0.9982,3.2,0.89,9.4,negative
9.3,0.39,0.4,2.6,0.073,10.0,26.0,0.9984,3.34,0.75,10.2,negative
7.8,0.52,0.25,1.9,0.081,14.0,38.0,0.9984,3.43,0.65,9.0,negative
10.4,0.24,0.46,1.8,0.075,6.0,21.0,0.9976,3.25,1.02,10.8,negative
10.5,0.51,0.64,2.4,0.107,6.0,15.0,0.9973,3.09,0.66,11.8,negative
7.6,0.41,0.49,2.0,0.088,16.0,43.0,0.998,3.48,0.64,9.1,negative
9.2,0.43,0.49,2.4,0.086,23.0,116.0,0.9976,3.23,0.64,9.5,negative
11.9,0.38,0.49,2.7,0.098,12.0,42.0,1.0004,3.16,0.61,10.3,negative
14.3,0.31,0.74,1.8,0.075,6.0,15.0,1.0008,2.86,0.79,8.4,negative
10.9,0.53,0.49,4.6,0.118,10.0,17.0,1.0002,3.07,0.56,11.7,negative
8.7,0.7,0.24,2.5,0.226,5.0,15.0,0.9991,3.32,0.6,9.0,negative
8.8,0.48,0.41,3.3,0.092,26.0,52.0,0.9982,3.31,0.53,10.5,negative
8.7,0.54,0.26,2.5,0.097,7.0,31.0,0.9976,3.27,0.6,9.3,negative
7.6,0.41,0.14,3.0,0.087,21.0,43.0,0.9964,3.32,0.57,10.5,negative
10.1,0.935,0.22,3.4,0.105,11.0,86.0,1.001,3.43,0.64,11.3,positive
9.9,0.54,0.45,2.3,0.071,16.0,40.0,0.9991,3.39,0.62,9.4,negative
7.1,0.84,0.02,4.4,0.096,5.0,13.0,0.997,3.41,0.57,11.0,positive
10.0,0.73,0.43,2.3,0.059,15.0,31.0,0.9966,3.15,0.57,11.0,negative
10.8,0.4,0.41,2.2,0.084,7.0,17.0,0.9984,3.08,0.67,9.3,negative
8.5,0.46,0.31,2.25,0.078,32.0,58.0,0.998,3.33,0.54,9.8,negative
8.6,0.49,0.51,2.0,0.422,16.0,62.0,0.9979,3.03,1.17,9.0,negative
7.0,0.65,0.02,2.1,0.066,8.0,25.0,0.9972,3.47,0.67,9.5,negative
8.0,0.43,0.36,2.3,0.075,10.0,48.0,0.9976,3.34,0.46,9.4,negative
7.2,0.49,0.18,2.7,0.069,13.0,34.0,0.9967,3.29,0.48,9.2,negative
6.4,0.57,0.02,1.8,0.067,4.0,11.0,0.997,3.46,0.68,9.5,negative
9.0,0.58,0.25,2.8,0.075,9.0,104.0,0.99779,3.23,0.57,9.7,negative
8.8,0.7,0.0,1.7,0.069,8.0,19.0,0.99701,3.31,0.53,10.0,negative
7.9,0.4,0.3,1.8,0.157,2.0,45.0,0.99727,3.31,0.91,9.5,negative
8.3,0.43,0.3,3.4,0.079,7.0,34.0,0.99788,3.36,0.61,10.5,negative
7.0,0.57,0.0,2.0,0.19,12.0,45.0,0.99676,3.31,0.6,9.4,negative
7.1,0.59,0.01,2.5,0.077,20.0,85.0,0.99746,3.55,0.59,9.8,negative
8.6,0.63,0.17,2.9,0.099,21.0,119.0,0.998,3.09,0.52,9.3,negative
7.4,0.53,0.12,1.9,0.165,4.0,12.0,0.99702,3.26,0.86,9.2,negative
7.1,0.46,0.14,2.8,0.076,15.0,37.0,0.99624,3.36,0.49,10.7,negative
6.4,0.63,0.21,1.6,0.08,12.0,32.0,0.99689,3.58,0.66,9.8,negative
7.6,0.735,0.02,2.5,0.071,10.0,14.0,0.99538,3.51,0.71,11.7,negative
6.8,0.56,0.22,1.8,0.074,15.0,24.0,0.99438,3.4,0.82,11.2,negative
8.8,0.31,0.4,2.8,0.109,7.0,16.0,0.99614,3.31,0.79,11.8,negative
8.8,0.61,0.19,4.0,0.094,30.0,69.0,0.99787,3.22,0.5,10.0,negative
8.4,0.31,0.29,3.1,0.194,14.0,26.0,0.99536,3.22,0.78,12.0,negative
7.2,0.63,0.03,2.2,0.08,17.0,88.0,0.99745,3.53,0.58,9.8,negative
7.1,0.59,0.01,2.3,0.08,27.0,43.0,0.9955,3.42,0.58,10.7,negative
7.4,0.635,0.1,2.4,0.08,16.0,33.0,0.99736,3.58,0.69,10.8,negative
8.4,0.62,0.12,1.8,0.072,38.0,46.0,0.99504,3.38,0.89,11.8,negative
8.6,0.47,0.27,2.3,0.055,14.0,28.0,0.99516,3.18,0.8,11.2,negative
9.6,0.33,0.52,2.2,0.074,13.0,25.0,0.99509,3.36,0.76,12.4,negative
8.3,0.3,0.49,3.8,0.09,11.0,24.0,0.99498,3.27,0.64,12.1,negative
8.3,0.34,0.4,2.4,0.065,24.0,48.0,0.99554,3.34,0.86,11.0,negative
10.1,0.38,0.5,2.4,0.104,6.0,13.0,0.99643,3.22,0.65,11.6,negative
12.2,0.45,0.49,1.4,0.075,3.0,6.0,0.9969,3.13,0.63,10.4,negative
10.0,0.35,0.45,2.5,0.092,20.0,88.0,0.99918,3.15,0.43,9.4,negative
7.7,0.6,0.06,2.0,0.079,19.0,41.0,0.99697,3.39,0.62,10.1,negative
9.1,0.3,0.34,2.0,0.064,12.0,25.0,0.99516,3.26,0.84,11.7,negative
7.3,0.55,0.01,1.8,0.093,9.0,15.0,0.99514,3.35,0.58,11.0,negative
7.5,0.57,0.08,2.6,0.089,14.0,27.0,0.99592,3.3,0.59,10.4,negative
6.4,0.39,0.33,3.3,0.046,12.0,53.0,0.99294,3.36,0.62,12.2,negative
9.9,0.53,0.57,2.4,0.093,30.0,52.0,0.9971,3.19,0.76,11.6,negative
8.0,0.38,0.44,1.9,0.098,6.0,15.0,0.9956,3.3,0.64,11.4,negative
10.2,0.29,0.65,2.4,0.075,6.0,17.0,0.99565,3.22,0.63,11.8,negative
9.1,0.25,0.34,2.0,0.071,45.0,67.0,0.99769,3.44,0.86,10.2,negative
8.6,0.37,0.65,6.4,0.08,3.0,8.0,0.99817,3.27,0.58,11.0,negative
11.6,0.41,0.54,1.5,0.095,22.0,41.0,0.99735,3.02,0.76,9.9,negative
8.0,0.48,0.34,2.2,0.073,16.0,25.0,0.9936,3.28,0.66,12.4,negative
7.0,0.69,0.07,2.5,0.091,15.0,21.0,0.99572,3.38,0.6,11.3,negative
10.5,0.43,0.35,3.3,0.092,24.0,70.0,0.99798,3.21,0.69,10.5,negative
5.9,0.19,0.21,1.7,0.045,57.0,135.0,0.99341,3.32,0.44,9.5,negative
7.8,0.5,0.12,1.8,0.178,6.0,21.0,0.996,3.28,0.87,9.8,negative
10.0,0.35,0.47,2.0,0.061,6.0,11.0,0.99585,3.23,0.52,12.0,negative
8.2,0.33,0.32,2.8,0.067,4.0,12.0,0.99473,3.3,0.76,12.8,negative
6.6,0.58,0.0,2.2,0.1,50.0,63.0,0.99544,3.59,0.68,11.4,negative
7.6,0.36,0.31,1.7,0.079,26.0,65.0,0.99716,3.46,0.62,9.5,negative
6.7,0.64,0.23,2.1,0.08,11.0,119.0,0.99538,3.36,0.7,10.9,negative
9.1,0.4,0.57,4.6,0.08,6.0,20.0,0.99652,3.28,0.57,12.5,negative
6.2,0.43,0.22,1.8,0.078,21.0,56.0,0.99633,3.52,0.6,9.5,negative
7.9,0.34,0.36,1.9,0.065,5.0,10.0,0.99419,3.27,0.54,11.2,negative
8.6,0.42,0.39,1.8,0.068,6.0,12.0,0.99516,3.35,0.69,11.7,negative
8.2,0.4,0.31,1.9,0.082,8.0,24.0,0.996,3.24,0.69,10.6,negative
7.1,0.75,0.01,2.2,0.059,11.0,18.0,0.99242,3.39,0.4,12.8,negative
5.9,0.29,0.25,13.4,0.067,72.0,160.0,0.99721,3.33,0.54,10.3,negative
7.8,0.7,0.06,1.9,0.079,20.0,35.0,0.99628,3.4,0.69,10.9,negative
6.8,0.64,0.0,2.7,0.123,15.0,33.0,0.99538,3.44,0.63,11.3,negative
8.2,0.78,0.0,2.2,0.089,13.0,26.0,0.9978,3.37,0.46,9.6,positive
7.3,0.44,0.2,1.6,0.049,24.0,64.0,0.9935,3.38,0.57,11.7,negative
7.0,0.69,0.0,1.9,0.114,3.0,10.0,0.99636,3.35,0.6,9.7,negative
7.9,0.765,0.0,2.0,0.084,9.0,22.0,0.99619,3.33,0.68,10.9,negative
7.0,0.42,0.19,2.3,0.071,18.0,36.0,0.99476,3.39,0.56,10.9,negative
6.6,0.63,0.0,4.3,0.093,51.0,77.5,0.99558,3.2,0.45,9.5,negative
6.5,0.51,0.15,3.0,0.064,12.0,27.0,0.9929,3.33,0.59,12.8,negative
6.0,0.5,0.0,1.4,0.057,15.0,26.0,0.99448,3.36,0.45,9.5,negative
6.0,0.5,0.0,1.4,0.057,15.0,26.0,0.99448,3.36,0.45,9.5,negative
8.3,0.85,0.14,2.5,0.093,13.0,54.0,0.99724,3.36,0.54,10.1,negative
8.0,0.83,0.27,2.0,0.08,11.0,63.0,0.99652,3.29,0.48,9.8,positive
7.7,0.75,0.27,3.8,0.11,34.0,89.0,0.99664,3.24,0.45,9.3,negative
7.3,0.59,0.26,2.0,0.08,17.0,104.0,0.99584,3.28,0.52,9.9,negative
8.2,0.24,0.34,5.1,0.062,8.0,22.0,0.9974,3.22,0.94,10.9,negative
7.7,0.23,0.37,1.8,0.046,23.0,60.0,0.9971,3.41,0.71,12.1,negative
10.2,0.54,0.37,15.4,0.214,55.0,95.0,1.00369,3.18,0.77,9.0,negative
7.4,0.785,0.19,5.2,0.094,19.0,98.0,0.99713,3.16,0.52,9.56666666666667,negative
6.8,0.67,0.0,1.9,0.08,22.0,39.0,0.99701,3.4,0.74,9.7,negative
6.0,0.54,0.06,1.8,0.05,38.0,89.0,0.99236,3.3,0.5,10.55,negative
7.9,0.2,0.35,1.7,0.054,7.0,15.0,0.99458,3.32,0.8,11.9,negative
6.7,1.04,0.08,2.3,0.067,19.0,32.0,0.99648,3.52,0.57,11.0,positive
7.3,0.48,0.32,2.1,0.062,31.0,54.0,0.99728,3.3,0.65,10.0,negative
7.3,0.98,0.05,2.1,0.061,20.0,49.0,0.99705,3.31,0.55,9.7,negative
9.9,0.5,0.5,13.8,0.205,48.0,82.0,1.00242,3.16,0.75,8.8,negative
9.9,0.5,0.5,13.8,0.205,48.0,82.0,1.00242,3.16,0.75,8.8,negative
7.0,0.43,0.02,1.9,0.08,15.0,28.0,0.99492,3.35,0.81,10.6,negative
7.3,0.585,0.18,2.4,0.078,15.0,60.0,0.99638,3.31,0.54,9.8,negative
7.5,0.38,0.57,2.3,0.106,5.0,12.0,0.99605,3.36,0.55,11.4,negative
6.4,0.56,0.15,1.8,0.078,17.0,65.0,0.99294,3.33,0.6,10.5,negative
6.8,0.48,0.25,2.0,0.076,29.0,61.0,0.9953,3.34,0.6,10.4,negative
6.0,0.42,0.19,2.0,0.075,22.0,47.0,0.99522,3.39,0.78,10.0,negative
6.6,0.855,0.02,2.4,0.062,15.0,23.0,0.99627,3.54,0.6,11.0,negative
7.8,0.6,0.26,2.0,0.08,31.0,131.0,0.99622,3.21,0.52,9.9,negative
7.2,0.695,0.13,2.0,0.076,12.0,20.0,0.99546,3.29,0.54,10.1,negative
6.0,0.58,0.2,2.4,0.075,15.0,50.0,0.99467,3.58,0.67,12.5,negative
6.3,0.51,0.13,2.3,0.076,29.0,40.0,0.99574,3.42,0.75,11.0,negative
