102,41,90,230,53,6,114,30,18,184,131,412,185,66,13,0,185,201,negative
91,57,106,230,50,9,161,59,25,119,131,699,205,65,10,7,182,206,negative
96,52,100,201,73,7,124,35,19,148,214,720,146,67,2,0,191,201,positive
82,43,73,154,65,7,151,44,19,143,178,341,160,76,5,11,185,189,negative 
111,57,57,207,50,10,202,36,20,134,195,313,114,87,8,5,197,202,negative
89,47,83,169,61,8,164,40,20,150,189,402,190,72,7,10,187,193,positive
89,44,82,136,54,6,149,45,19,144,170,332,168,68,10,14,188,193,negative
91,39,72,133,55,7,146,46,19,132,170,314,149,77,9,18,184,189,positive
106,42,95,179,56,8,156,30,18,176,208,191,194,79,0,5,185,210,negative
99,58,103,186,58,10,128,30,19,154,214,693,250,82,0,19,183,209,negative
107,54,98,210,66,11,218,31,24,169,221,704,216,71,14,0,188,197,positive
103,50,98,212,63,9,193,34,22,161,214,567,185,64,5,5,198,204,negative
110,49,97,232,61,6,222,30,20,160,222,625,241,84,14,3,186,207,negative
105,53,105,184,57,11,211,31,24,168,224,661,218,71,0,15,186,197,positive
89,47,83,322,133,48,158,43,20,163,229,364,176,97,0,14,184,194,negative 
90,34,66,136,55,6,123,54,17,118,148,224,118,65,5,26,196,202,positive
93,44,90,166,65,10,153,44,19,156,170,348,143,66,9,17,194,203,negative 
86,45,70,122,56,7,148,45,19,144,170,324,186,84,9,5,180,183,negative 
97,33,103,166,71,11,119,45,19,149,227,720,188,73,13,1,197,199,positive
85,36,51,115,56,5,119,57,17,124,139,207,127,81,13,5,181,184,negative 
107,54,98,203,65,11,218,31,25,167,229,696,216,72,1,28,187,199,positive
95,46,105,219,68,9,201,33,23,148,223,602,201,69,5,38,191,202,negative
104,58,103,230,69,11,219,30,25,176,231,716,246,71,7,4,187,196,negative
84,36,75,136,55,6,140,48,18,125,166,290,138,71,4,36,189,195,positive
103,46,106,209,66,10,203,33,23,149,217,612,210,70,9,10,191,199,positive
91,37,76,138,55,8,132,51,18,135,157,256,124,69,0,12,191,192,negative 
93,46,85,169,66,9,151,44,19,147,169,339,179,67,0,4,195,204,negative 
89,41,84,141,58,9,149,45,19,145,172,330,162,72,4,18,188,200,negative 
88,44,85,139,56,11,157,43,20,155,176,363,175,76,5,16,184,195,negative 
98,46,88,191,63,6,192,34,22,147,215,563,174,73,2,26,194,197,negative 
89,48,85,189,64,8,169,39,20,153,188,427,190,64,16,5,195,201,positive
93,35,78,162,60,8,150,45,19,125,172,331,137,67,2,33,191,198,negative
93,45,81,177,64,7,160,41,20,147,180,383,188,70,11,11,192,199,positive
109,53,112,205,73,6,173,30,23,167,195,587,184,74,15,0,195,210,positive
85,56,74,217,71,11,169,46,23,167,135,403,148,69,0,0,192,198,positive
90,47,85,149,60,10,155,43,19,155,179,355,186,75,1,5,185,196,negative 
98,51,96,203,66,10,188,35,22,157,207,533,231,68,10,1,191,199,positive
85,35,47,110,55,3,117,57,17,122,136,203,139,89,5,9,180,184,negative 
96,55,103,201,65,9,204,32,23,166,227,624,246,74,6,2,186,194,negative
94,45,81,166,67,9,145,46,19,147,164,313,179,66,11,14,194,202,negative 
100,45,100,209,65,8,201,32,23,147,231,611,189,72,5,5,189,195,negative
104,51,108,193,59,11,217,31,24,163,232,694,203,72,15,22,190,201,positive
90,55,78,211,58,9,116,32,19,169,218,543,224,75,10,4,188,196,negative
95,45,95,191,50,12,131,34,17,134,216,476,154,70,3,0,188,199,negative
96,57,85,232,66,13,132,33,25,150,191,191,143,68,20,22,184,199,negative
100,58,109,230,70,11,226,30,25,182,234,752,207,72,0,13,187,198,negative
101,55,105,182,59,10,215,31,24,177,221,678,223,74,12,26,186,195,negative
89,45,85,149,59,11,158,43,20,158,177,362,173,75,12,16,183,193,negative 
99,48,79,199,68,6,185,35,22,153,202,524,171,74,5,8,195,195,negative 
101,51,112,201,59,11,214,32,24,162,223,667,194,65,0,36,190,206,positive
107,42,88,234,69,11,135,33,23,148,230,444,209,66,2,0,194,199,positive
104,52,96,188,59,9,188,35,22,161,206,530,205,67,11,8,193,200,negative
101,56,100,168,55,11,214,31,24,175,219,681,224,74,2,3,185,192,negative
93,45,83,142,56,10,157,43,20,155,180,364,188,75,1,21,184,197,negative 
91,59,100,230,51,7,134,31,17,164,199,443,202,67,12,11,195,201,negative
109,49,109,193,59,10,207,32,24,156,225,635,213,70,13,31,191,202,positive
110,46,100,197,61,9,193,34,22,149,209,561,160,65,11,7,194,203,positive
108,49,103,200,62,10,206,32,23,155,227,635,215,72,6,16,189,198,positive
87,53,112,181,71,10,176,32,25,153,147,638,163,75,6,1,180,209,positive
87,55,103,204,73,9,140,55,23,124,226,531,153,61,20,11,188,186,positive
82,45,66,252,126,52,148,45,19,144,237,326,185,119,1,1,181,185,negative 
86,38,86,175,60,9,170,39,21,134,191,433,138,68,1,28,191,199,positive
91,36,60,126,56,6,119,56,17,130,139,211,118,67,6,14,192,198,negative 
92,43,70,124,52,6,139,49,18,144,164,282,172,79,4,16,183,185,negative 
105,56,98,209,64,11,217,31,24,173,225,696,216,72,2,19,188,199,negative
91,46,78,148,61,9,147,45,19,152,168,323,199,70,13,11,189,200,negative 
103,54,107,218,64,12,222,30,25,174,221,728,199,67,0,18,189,200,negative
102,50,68,188,64,5,112,49,18,177,235,513,189,61,3,0,190,200,positive
93,48,84,150,63,11,156,44,20,165,171,354,188,73,8,15,185,195,negative 
100,49,112,205,73,7,188,55,20,134,207,649,200,66,4,8,197,204,positive
104,53,101,199,65,11,213,31,24,168,216,667,221,72,12,12,187,198,positive
89,40,60,131,56,6,118,56,17,137,143,209,153,65,10,8,193,199,negative 
86,34,98,150,72,11,173,36,19,153,200,443,235,65,8,0,192,202,positive
107,45,92,197,62,10,188,35,22,148,202,526,159,64,12,20,195,203,negative
89,36,69,142,57,7,135,50,18,126,154,266,128,66,3,36,193,203,negative
102,35,112,205,60,7,201,46,21,121,224,720,240,59,2,5,200,211,positive
84,43,91,230,57,3,129,53,23,150,131,514,232,71,8,7,198,195,negative
90,43,72,157,64,8,136,49,18,145,158,279,167,64,4,6,201,209,negative 
85,39,68,119,52,5,128,53,18,135,148,241,142,75,8,8,182,187,negative 
107,55,98,199,59,7,240,27,26,168,258,866,245,80,3,1,186,184,negative 
95,43,83,198,69,6,177,36,21,139,189,484,163,68,6,4,196,198,negative 
77,50,68,232,55,9,221,32,24,163,226,239,174,77,6,27,184,200,negative
92,43,112,191,73,9,149,41,19,118,130,493,217,66,1,7,203,200,positive
107,55,103,167,49,7,252,27,28,172,269,904,239,83,5,30,179,186,negative 
97,46,46,232,56,7,143,32,21,171,205,638,164,66,5,0,205,211,negative
104,50,69,232,50,9,114,30,25,157,197,191,184,72,9,0,181,202,negative
84,39,90,180,60,7,177,37,21,131,209,469,145,71,4,38,190,198,negative
95,53,95,202,65,10,193,34,22,160,220,559,237,71,3,2,188,196,positive
90,42,63,126,55,7,152,45,19,142,173,336,173,81,0,15,180,184,negative 
92,38,74,178,62,9,161,41,20,135,181,388,132,63,7,29,197,206,negative
99,48,104,196,63,10,201,33,23,152,221,604,199,73,8,4,188,197,positive
109,55,96,191,57,6,241,28,26,170,267,857,242,85,8,9,184,184,negative 
106,49,106,211,64,9,208,32,24,158,224,645,184,68,1,24,190,202,positive
87,39,74,165,66,6,145,45,19,134,173,318,139,70,3,21,195,200,negative 
96,46,88,174,68,10,155,43,19,148,173,354,182,69,14,15,194,202,negative 
89,40,58,137,58,7,122,54,17,140,146,225,150,63,7,4,199,206,negative 
103,42,76,207,62,11,167,33,25,139,131,546,214,75,5,1,193,211,negative
89,36,51,109,52,6,118,57,17,129,137,206,125,80,2,14,181,185,negative 
90,48,77,132,56,10,157,44,20,164,169,354,187,78,1,3,182,191,negative 
82,43,73,158,68,7,151,44,19,145,181,337,173,80,2,17,183,188,negative 
113,50,112,176,73,11,179,38,25,120,216,594,162,74,7,24,187,201,positive
96,55,98,161,54,10,215,31,24,175,226,683,221,76,3,6,185,193,negative
86,35,44,110,54,2,119,57,17,121,139,208,137,90,6,1,180,183,negative 
84,49,76,229,50,9,149,40,22,132,203,560,151,66,22,13,190,197,negative
82,37,59,134,63,7,135,51,18,128,151,264,143,82,11,24,179,185,positive
111,59,99,187,61,7,208,33,24,155,236,191,250,78,8,31,179,204,negative
90,55,56,232,53,7,194,34,25,132,141,363,167,79,8,4,190,205,negative
78,38,63,115,51,6,142,47,19,130,162,299,146,77,2,4,181,185,positive
100,49,100,178,73,3,112,43,24,144,219,550,166,82,2,0,186,200,positive
108,54,109,189,57,11,220,31,25,174,229,709,214,70,12,23,189,201,positive
95,48,104,214,67,9,205,32,23,151,227,628,202,74,5,9,186,193,negative
78,46,112,186,73,8,222,33,20,138,211,720,176,61,0,3,185,186,positive
92,39,76,180,71,6,152,43,19,131,179,350,143,72,6,14,195,200,negative 
86,43,68,152,62,7,150,44,19,142,179,337,164,75,4,9,188,192,negative 
83,44,68,144,61,8,147,45,19,143,170,325,180,74,1,1,185,191,negative 
95,47,88,162,64,11,159,43,20,157,176,371,185,71,12,13,189,198,negative 
89,43,77,147,54,8,144,46,19,146,163,308,174,64,13,5,194,201,positive
94,45,85,160,63,10,158,43,20,157,174,367,162,68,1,6,189,199,negative 
103,54,91,179,57,11,220,31,25,170,220,707,198,72,1,32,186,198,negative
96,39,77,160,62,8,140,47,18,150,161,294,124,62,15,3,201,208,negative 
105,54,108,234,70,12,215,31,24,168,226,687,228,68,4,22,189,201,positive
100,52,104,189,59,10,208,32,24,163,220,642,197,70,1,22,187,198,positive
89,41,63,134,59,6,123,55,17,137,148,223,150,76,12,3,186,188,negative 
87,46,54,232,73,8,112,55,25,139,227,720,189,68,3,0,187,196,positive
94,49,87,137,54,11,158,43,20,162,178,366,186,75,5,5,183,194,negative 
105,53,108,206,63,12,222,31,25,168,226,712,201,71,15,35,189,203,positive
102,38,93,234,73,4,112,31,17,152,157,482,169,61,7,14,191,201,positive
93,51,90,209,69,8,183,36,22,156,211,506,230,70,6,1,189,196,positive
95,46,98,169,58,6,122,33,21,135,227,516,179,76,0,9,193,199,negative
105,46,100,195,61,9,193,34,22,150,207,557,161,65,5,9,194,202,negative
111,37,101,166,65,10,188,30,24,155,233,378,234,69,5,6,195,192,positive
91,39,83,176,59,7,169,39,20,132,190,426,142,67,0,24,192,199,positive
104,50,96,211,65,10,187,35,22,156,207,527,195,65,3,7,195,206,positive
82,45,68,139,64,6,147,46,19,143,169,320,184,80,0,1,181,184,negative 
100,54,102,206,65,10,198,33,23,164,224,587,240,72,4,11,187,196,positive
106,48,98,203,57,4,134,42,24,149,142,399,176,87,3,16,187,200,negative
103,48,96,232,71,10,205,32,23,153,226,633,197,71,2,15,188,196,negative
91,39,77,153,59,8,139,48,18,139,159,289,123,62,8,17,201,209,negative 
91,38,75,136,53,6,144,47,19,131,165,305,149,69,1,7,186,191,positive
84,42,76,156,64,7,151,44,19,143,179,339,157,75,0,20,187,193,negative 
96,54,101,234,73,11,140,30,24,138,130,564,117,63,1,17,184,203,positive
100,46,85,164,64,11,163,42,20,163,176,387,170,71,18,0,189,196,negative 
109,48,107,215,62,10,205,32,23,158,222,624,168,65,9,32,195,206,negative
83,46,73,137,59,6,148,45,19,146,167,327,183,75,8,0,185,191,negative 
116,53,110,231,67,12,217,31,24,165,231,692,222,67,16,28,192,206,positive
82,45,109,106,64,4,115,48,21,168,144,498,218,59,5,3,194,189,positive
93,49,48,158,63,9,223,30,18,162,229,537,214,71,20,35,178,206,negative
110,59,52,208,56,10,114,51,23,139,200,591,200,73,15,5,191,205,negative
86,46,73,125,57,6,151,45,19,147,170,334,188,82,9,11,180,184,negative 
106,58,77,232,52,9,214,34,23,183,201,630,250,77,11,24,193,202,negative
88,45,90,229,60,6,154,30,23,183,241,663,184,68,22,4,186,200,negative
80,37,112,205,70,11,112,39,21,139,219,519,165,66,2,2,189,205,positive
94,37,73,186,71,7,154,42,19,127,171,362,132,67,2,8,197,206,negative 
90,47,73,136,58,11,161,42,20,153,172,376,185,77,11,8,183,191,negative 
100,57,107,207,63,11,227,30,25,180,234,756,205,72,6,19,186,198,negative
104,46,93,201,64,10,114,33,19,174,226,221,125,74,18,0,181,202,negative
100,49,80,206,70,6,183,35,21,156,206,517,198,73,3,13,198,199,negative 
104,55,94,189,56,10,224,51,24,153,210,565,173,69,21,20,179,211,negative
110,34,50,202,63,9,114,30,24,148,198,614,222,63,13,1,191,203,negative
101,56,101,231,72,10,217,31,24,171,232,698,216,72,2,6,187,197,positive
95,43,76,142,57,10,151,44,19,149,173,339,159,71,2,23,187,200,negative 
102,54,106,221,68,11,207,32,24,164,228,638,238,71,0,26,189,200,positive
88,42,110,232,60,10,124,35,20,175,185,191,231,70,0,19,185,201,negative
89,47,81,156,57,8,161,41,20,149,187,388,197,72,9,15,187,193,negative
107,53,84,221,56,10,143,31,24,145,208,657,157,78,4,0,200,198,negative
90,50,90,188,61,10,181,36,21,158,211,492,220,69,6,19,191,199,positive
85,43,66,130,57,6,151,45,19,143,173,333,168,86,4,9,180,183,negative 
85,37,68,145,60,6,130,51,18,130,150,253,121,65,3,14,195,203,negative 
104,57,103,216,69,11,219,30,25,176,228,708,219,73,4,3,186,196,negative
104,49,105,209,61,11,207,32,24,157,217,637,168,64,0,19,193,207,positive
93,36,64,165,69,8,136,49,18,136,161,279,127,67,2,29,193,204,negative 
81,39,107,218,71,9,194,39,25,118,207,563,174,72,3,0,190,194,positive
86,45,71,155,66,7,146,45,19,144,167,322,176,72,5,6,189,196,negative 
89,42,80,151,62,6,144,46,19,139,166,308,170,74,17,13,185,189,positive
91,46,101,199,65,9,196,34,23,146,219,574,199,73,5,8,186,194,negative
86,45,71,170,70,6,146,45,19,146,172,321,189,71,10,8,187,191,negative 
109,53,89,234,68,6,216,38,20,118,130,566,170,63,16,0,195,203,positive
87,46,71,159,66,6,151,44,19,146,175,343,189,73,2,0,186,190,negative 
89,47,84,133,55,11,157,44,20,160,169,354,176,74,5,9,182,192,negative 
94,37,74,169,59,7,162,41,20,133,178,394,130,63,6,6,198,204,negative
96,45,80,162,63,9,146,46,19,148,161,316,161,64,5,10,199,207,negative 
92,38,60,130,62,5,114,58,17,132,135,194,137,72,14,5,190,194,negative 
99,50,88,204,64,10,185,35,22,159,209,517,193,66,12,11,194,201,negative
100,36,73,199,73,6,162,40,20,127,189,401,125,72,6,19,200,204,negative 
106,59,56,110,63,10,114,34,24,162,192,198,156,80,15,28,183,201,negative
91,51,107,234,67,9,126,55,22,118,233,708,203,70,0,8,188,196,positive
87,42,70,139,59,7,149,45,19,142,177,327,156,78,6,9,185,188,negative 
100,35,106,234,70,9,112,61,21,119,211,704,227,62,1,8,199,211,positive
85,44,70,205,103,52,149,45,19,144,241,325,188,127,9,11,180,183,negative 
81,45,68,154,69,22,151,45,19,147,186,335,186,88,1,10,180,185,negative 
100,47,88,190,60,10,171,38,21,155,186,440,169,59,15,18,201,210,positive
107,42,94,232,54,12,150,36,24,147,218,654,125,84,22,9,196,198,negative
95,47,112,185,67,7,118,44,19,165,130,354,180,74,0,6,189,189,positive
101,53,103,203,63,9,195,34,22,162,210,571,210,68,5,5,191,198,negative
107,52,103,186,57,11,214,31,24,162,217,676,189,66,6,5,189,198,negative
90,48,81,144,60,9,150,44,19,156,173,333,200,75,2,0,185,195,negative 
86,43,68,150,64,9,138,48,18,143,161,285,174,69,6,0,192,201,negative 
93,43,85,133,54,10,155,44,19,153,174,351,165,75,12,13,184,196,negative 
109,52,97,141,55,12,186,35,25,135,199,265,167,87,17,31,177,211,negative
96,39,64,111,48,8,134,52,18,141,160,258,139,80,7,20,183,184,negative 
92,40,82,163,63,9,146,45,19,140,165,319,137,64,9,0,199,206,negative 
93,39,78,164,66,8,139,48,18,140,157,290,126,64,4,7,201,208,negative 
85,35,64,129,57,6,116,57,17,125,138,200,123,65,1,23,196,203,negative 
102,46,93,232,50,8,147,59,25,177,134,507,209,72,22,24,186,197,negative
82,44,72,136,61,7,147,46,19,143,173,317,183,81,6,17,181,185,negative 
89,44,76,125,54,10,156,44,20,151,163,352,176,76,12,12,184,193,negative 
104,41,101,216,56,5,119,35,20,151,131,233,194,69,10,5,192,207,negative
103,56,90,208,54,9,112,54,22,168,130,634,115,82,19,9,189,190,positive
84,39,76,180,73,12,197,50,25,161,137,720,168,62,2,12,195,188,positive
97,41,88,184,59,9,175,38,21,140,192,459,147,63,1,5,196,205,positive
94,44,112,234,63,10,119,43,22,160,169,278,132,70,7,16,189,200,positive
109,59,58,177,50,10,117,37,21,127,193,348,174,67,11,11,192,199,negative
97,48,94,198,63,9,181,36,21,155,200,494,189,64,20,11,199,203,negative
93,53,90,196,52,8,190,44,18,161,229,191,246,76,16,0,195,203,negative
98,55,97,219,64,6,212,30,19,122,210,610,122,65,7,29,189,211,positive
81,59,98,165,59,7,167,36,21,184,181,428,168,62,17,2,185,197,negative
95,57,104,228,74,10,212,31,24,175,224,670,223,74,0,4,186,193,negative
109,47,96,206,64,9,198,33,23,150,219,586,191,70,4,13,190,198,positive
89,42,70,148,62,7,147,45,19,143,176,323,153,76,2,6,186,189,negative 
103,52,103,170,52,7,236,28,26,160,254,816,250,82,3,23,183,184,negative 
85,41,66,155,65,22,149,45,19,139,173,330,155,75,6,16,184,191,negative 
81,45,68,137,60,7,152,45,19,151,167,333,179,81,3,13,179,183,negative 
83,37,54,118,55,4,129,52,18,127,146,245,140,81,4,13,180,184,positive
84,47,75,153,64,6,154,43,19,145,175,354,184,75,0,3,185,192,negative 
101,56,110,232,50,10,176,35,24,135,199,585,212,68,22,15,186,195,negative
86,36,78,146,58,7,135,50,18,124,155,270,148,66,0,25,190,195,positive
105,55,96,181,56,9,219,30,25,175,231,713,216,74,4,5,187,194,negative
92,34,109,188,73,11,117,31,20,156,200,358,184,69,0,0,192,194,positive
103,53,106,172,55,10,212,32,24,168,220,660,223,73,16,24,187,197,positive
83,39,112,162,73,4,112,33,23,129,201,349,222,60,5,0,190,201,positive
91,45,75,154,57,6,150,44,19,146,170,335,180,66,16,2,193,198,negative
87,36,53,117,58,4,118,57,17,125,138,205,138,85,9,15,180,183,negative 
109,53,103,210,63,11,219,30,25,172,229,707,212,71,6,3,188,199,positive
93,59,83,232,51,5,130,35,25,186,202,544,149,71,13,0,190,198,negative
94,46,77,169,60,8,158,42,20,148,181,373,181,67,12,2,193,199,positive
99,58,61,232,57,10,114,32,24,178,138,256,199,70,19,16,190,192,negative
88,38,58,137,60,5,148,46,19,131,163,319,157,86,12,0,180,183,positive
93,59,59,228,50,4,133,34,22,173,214,640,196,70,15,0,188,195,negative
108,51,100,206,63,10,196,34,23,159,214,576,201,65,7,16,194,205,positive
98,59,110,153,55,7,161,45,21,173,181,540,201,72,13,5,182,206,negative
100,59,103,232,60,10,114,32,19,152,231,366,117,80,12,6,204,203,negative
94,46,80,232,62,4,163,34,24,186,232,518,157,73,18,0,187,211,negative
99,55,101,219,68,10,224,30,25,178,228,737,213,74,11,20,187,196,negative
87,38,85,177,61,8,164,40,20,129,186,402,130,63,1,25,198,205,negative
88,42,112,194,63,10,151,41,23,118,160,580,240,66,13,0,190,199,positive
83,37,49,112,55,5,122,55,17,128,144,219,146,85,8,16,180,184,negative 
90,49,85,141,57,11,159,43,20,167,173,365,186,75,1,11,182,192,negative 
89,38,74,138,59,7,136,49,18,133,167,278,128,72,7,7,189,193,negative 
80,43,68,123,53,7,150,46,19,147,169,327,176,81,7,14,179,184,negative 
83,42,71,152,64,7,149,45,19,142,172,331,158,74,2,2,184,190,negative 
93,41,82,159,63,9,144,46,19,143,160,309,127,63,6,10,199,207,negative 
90,43,66,157,65,9,137,48,18,146,162,281,164,67,3,3,193,202,negative 
119,45,112,210,63,7,168,41,23,124,202,400,221,62,0,0,190,206,positive
103,59,51,188,55,11,114,44,18,186,131,533,125,85,5,0,192,203,negative
80,34,42,110,57,3,114,59,17,119,131,191,121,87,4,7,179,183,negative
96,45,87,169,67,10,154,44,19,149,167,351,174,67,9,8,192,201,negative 
83,46,68,139,59,6,150,44,19,146,172,336,183,74,5,3,185,191,negative 
91,46,75,185,75,7,154,42,19,147,178,362,192,72,8,8,192,199,negative 
105,45,100,195,61,10,198,33,23,149,214,586,186,67,8,5,192,200,positive
91,40,98,192,64,9,177,38,21,135,194,465,165,66,9,35,195,205,positive
107,59,108,232,58,9,178,30,22,186,141,757,186,76,1,10,191,211,negative
100,42,100,234,73,5,154,33,24,155,220,628,166,68,14,2,192,208,positive
92,37,75,191,71,6,161,40,20,128,180,393,135,69,1,14,195,202,negative 
97,46,101,210,66,8,192,35,22,151,208,546,169,66,1,32,191,200,negative
97,38,75,188,68,6,171,37,20,129,199,450,137,74,2,6,197,199,negative 
106,41,110,194,73,10,112,47,19,169,219,564,208,73,15,5,192,206,positive
99,57,109,220,66,11,221,30,25,176,234,725,236,70,10,25,188,200,negative
103,56,100,185,59,11,216,31,24,173,219,684,219,75,15,11,186,194,negative
93,34,72,144,56,6,133,50,18,123,158,263,125,63,5,20,200,206,positive
85,43,66,121,54,7,150,46,19,147,169,324,175,87,0,5,179,182,negative 
91,43,70,133,55,8,130,51,18,146,159,253,156,70,1,8,190,194,negative 
94,46,91,175,70,12,157,43,20,155,172,358,192,69,15,21,190,200,negative 
94,48,87,162,64,10,157,43,20,161,179,363,186,75,4,15,184,195,negative 
104,49,89,168,54,4,212,31,24,153,238,682,198,78,1,23,190,189,negative 
102,45,83,198,65,5,194,33,22,146,225,576,167,79,0,27,193,191,negative 
95,47,112,234,61,5,209,30,20,163,155,505,228,61,9,0,192,197,positive
101,53,91,194,65,6,204,32,23,161,231,636,214,78,5,14,192,192,negative 
85,42,59,132,58,7,149,46,19,144,166,320,172,83,8,4,179,182,negative 
105,34,47,216,57,11,117,31,24,136,220,437,198,79,2,10,182,206,negative
92,41,66,125,52,7,139,50,18,143,160,275,161,81,7,19,182,184,negative 
87,42,64,150,64,10,133,50,18,142,157,264,159,67,7,1,193,201,negative 
94,33,112,233,59,11,153,30,24,134,148,438,120,64,9,0,180,182,positive
83,37,54,131,61,4,135,50,18,127,152,271,141,85,3,6,180,183,positive
102,47,62,220,52,6,170,47,24,180,195,283,177,73,22,22,190,206,negative
101,55,108,228,69,12,215,31,24,168,229,684,214,71,2,16,188,199,positive
86,39,111,234,73,12,112,30,19,147,181,243,211,59,11,0,184,202,positive
105,59,89,232,50,8,216,32,25,158,206,326,187,87,0,6,185,198,negative
114,57,102,181,52,6,257,26,28,169,287,968,261,85,2,21,182,184,negative 
106,53,103,183,73,11,197,36,22,127,217,720,117,66,2,0,197,202,positive
92,43,69,158,56,7,149,44,19,143,170,333,168,63,14,18,198,203,negative
95,54,57,232,50,11,161,30,18,181,131,455,179,87,8,5,192,203,negative
95,48,101,234,70,4,136,44,24,138,182,279,233,74,0,0,192,204,positive
95,42,96,197,65,9,178,37,21,141,199,474,149,67,1,29,193,200,negative
91,34,108,192,60,6,205,31,24,145,166,567,139,77,10,26,185,199,positive
103,56,105,183,59,10,210,32,24,173,217,648,218,72,13,22,188,196,negative
89,38,80,169,59,7,161,41,20,131,186,389,137,68,5,15,192,197,positive
85,43,64,128,56,8,150,46,19,144,168,324,173,82,9,14,180,184,negative 
89,40,89,174,58,8,177,37,21,133,202,471,155,70,7,18,189,196,positive
91,42,66,169,66,7,145,44,19,140,169,325,159,67,4,0,201,207,negative 
77,38,75,144,59,6,147,46,19,132,167,315,136,80,16,20,181,187,negative
102,54,98,167,53,10,217,31,24,174,228,692,223,72,0,31,187,198,negative
106,49,96,201,61,10,181,36,21,158,197,494,180,62,19,15,202,209,negative
98,51,84,207,72,7,184,35,21,161,199,520,198,72,9,11,196,199,negative 
91,41,105,234,58,4,218,30,21,118,231,344,220,59,12,9,183,201,positive
109,54,103,205,63,11,222,30,25,175,229,720,213,71,6,14,187,200,positive
85,43,66,123,55,7,150,45,19,146,172,326,173,83,4,15,180,183,negative 
97,47,87,164,64,9,156,43,20,149,173,359,182,68,1,13,192,202,negative 
111,53,108,211,61,11,207,32,23,167,217,636,216,64,21,2,196,205,positive
106,59,102,232,58,11,145,31,18,129,159,657,157,63,1,13,191,193,negative
100,50,81,197,67,6,186,34,22,158,206,531,198,74,6,1,197,198,negative 
91,36,77,157,56,7,155,42,19,126,177,361,123,65,8,15,195,201,positive
87,40,99,170,66,8,137,30,18,161,199,184,164,72,6,11,188,196,positive
96,40,78,170,58,7,174,38,21,139,197,455,160,68,3,29,191,200,positive
98,37,56,176,73,4,216,30,25,118,153,437,144,69,5,9,188,205,positive
97,37,70,173,66,7,151,43,19,129,167,346,119,65,0,16,201,208,negative 
105,59,59,227,54,7,122,31,18,129,208,554,190,75,3,13,192,203,negative
89,47,80,131,54,11,160,43,20,163,175,369,174,77,1,7,182,193,negative 
92,36,78,165,57,8,153,43,19,128,169,349,124,60,4,19,203,211,positive
92,46,83,154,56,6,160,41,20,148,185,382,184,71,10,5,186,191,positive
112,48,100,234,66,10,180,30,23,146,220,496,183,59,0,11,190,190,positive
88,40,69,146,59,7,130,51,18,134,147,252,144,64,1,1,193,200,negative
87,44,70,179,75,6,146,45,19,141,167,326,178,69,6,1,194,201,negative 
105,34,81,133,63,5,112,34,19,165,145,446,166,59,1,15,190,192,positive
114,56,112,186,58,4,112,30,18,168,199,505,149,67,2,12,188,197,positive
89,44,80,191,66,6,162,40,20,143,189,396,180,66,13,11,194,199,negative
92,44,100,174,70,6,213,56,19,118,199,649,160,66,7,4,194,205,positive
83,59,102,232,50,7,168,30,24,183,208,757,192,73,4,0,195,195,negative
98,56,68,158,50,13,114,33,24,186,131,383,250,76,8,2,185,194,negative
101,56,104,185,53,6,257,26,28,168,275,956,230,83,5,26,180,184,negative 
98,44,78,160,63,8,142,47,18,148,160,300,171,63,19,2,201,207,negative 
92,45,74,187,74,7,157,41,19,143,179,375,183,70,8,6,195,201,negative 
90,46,75,133,55,11,160,43,20,161,173,369,171,77,0,16,182,192,negative 
97,37,78,181,62,8,161,41,20,131,182,389,117,62,2,28,203,211,negative
97,44,96,195,63,9,185,36,22,144,202,512,165,66,4,8,191,199,positive
83,40,53,114,53,6,132,53,18,140,142,247,157,86,8,7,176,183,negative 
95,51,96,196,63,9,190,35,22,161,208,543,235,68,13,0,191,198,negative
92,46,79,176,64,8,162,41,20,149,183,396,178,67,2,10,191,198,negative
104,55,100,201,66,10,214,31,24,173,224,680,221,74,1,1,185,194,positive
90,40,83,178,61,8,178,37,21,132,199,472,157,71,1,14,187,193,negative
107,47,89,202,56,12,180,30,25,165,202,716,197,63,7,0,189,201,negative
109,33,112,124,68,6,120,34,17,153,197,364,210,72,0,4,192,198,positive
90,46,80,143,62,11,159,43,20,156,169,366,186,74,17,7,185,193,negative 
90,36,57,130,57,6,121,56,17,127,137,216,132,68,22,23,190,195,positive
91,45,104,234,73,12,112,33,19,135,195,503,208,72,10,0,198,188,positive
92,36,100,232,56,9,136,33,25,160,202,505,158,77,22,3,191,202,negative
91,39,88,189,63,9,175,38,21,132,197,457,156,69,0,23,191,198,positive
86,38,58,119,56,4,118,57,17,129,140,208,152,78,9,2,184,186,negative 
101,52,105,162,53,10,212,31,24,163,226,669,204,74,12,11,186,194,negative
92,35,58,136,58,6,122,55,17,132,142,222,116,64,6,17,197,203,negative 
93,47,88,200,66,7,173,38,21,151,197,452,205,66,0,3,195,202,positive
82,43,71,154,68,7,150,45,19,143,171,330,173,78,7,11,181,186,negative 
95,46,92,159,63,11,160,42,20,157,176,372,171,70,7,21,189,200,negative 
99,43,89,195,63,8,186,35,22,144,210,521,166,68,6,13,191,199,positive
107,52,112,196,73,8,169,31,24,129,142,444,196,60,1,0,203,202,positive
106,57,107,235,67,6,262,26,28,171,285,987,260,86,9,31,180,184,negative 
83,36,54,119,57,6,128,53,18,125,143,238,139,82,6,3,179,183,positive
86,38,89,176,59,9,169,39,20,132,190,428,148,67,7,33,193,202,negative
87,45,93,232,66,11,114,47,21,179,131,313,221,64,2,5,181,202,negative
88,34,58,140,59,6,127,52,18,130,148,243,113,63,4,10,199,206,negative 
94,56,112,148,68,11,202,30,23,143,142,720,198,67,18,1,194,202,positive
101,48,107,222,68,10,208,32,24,154,232,641,204,70,5,38,190,202,negative
86,48,75,136,58,10,161,43,20,163,170,371,185,75,3,1,183,192,negative 
91,42,81,193,69,5,169,38,20,137,184,434,156,68,3,23,198,204,negative 
112,56,97,133,70,4,119,34,20,142,204,229,235,67,0,9,200,206,positive
93,45,86,201,69,7,184,35,22,145,203,523,183,72,0,4,194,197,negative 
98,57,89,232,55,10,118,34,17,184,190,262,173,78,10,5,191,200,negative
97,35,66,151,64,8,128,52,18,129,148,246,112,66,6,2,195,200,negative 
85,45,70,120,54,7,149,45,19,145,169,326,186,81,8,4,181,184,negative 
85,40,75,137,56,7,152,44,19,134,173,339,160,76,7,16,182,187,positive
87,45,77,153,59,7,154,44,19,145,181,350,172,75,15,14,184,189,negative
85,38,72,130,53,9,134,51,18,132,145,261,123,65,1,24,188,198,negative
95,41,82,170,65,9,145,46,19,145,163,314,140,64,4,8,199,207,negative 
91,40,76,171,67,7,149,44,19,135,169,332,144,68,4,17,192,200,negative 
98,38,70,125,52,8,130,53,18,139,157,243,132,74,0,13,186,185,negative 
100,46,81,187,61,9,166,40,20,154,189,415,175,63,13,9,198,207,positive
93,42,70,131,56,7,127,53,18,145,156,240,152,74,5,4,189,190,negative 
91,46,63,162,58,7,190,52,24,167,213,341,183,71,9,6,185,200,negative
89,38,82,156,59,8,153,43,19,129,179,351,137,70,1,1,187,192,positive
100,59,103,137,60,9,189,43,17,122,201,488,199,80,12,25,195,211,negative
100,51,104,163,52,10,206,32,23,164,217,631,193,69,5,21,188,196,negative
106,55,96,196,60,12,221,30,25,173,225,717,214,72,9,13,186,196,negative
88,48,92,124,68,11,112,34,22,154,132,290,240,59,11,3,195,194,positive
91,43,72,142,56,7,149,45,19,140,168,327,165,72,13,23,186,191,positive
85,43,66,120,54,5,148,46,19,145,168,320,174,87,8,2,179,181,negative 
88,50,96,196,66,11,185,44,21,124,148,467,231,66,7,7,189,199,positive
97,43,73,173,65,6,153,42,19,143,176,361,172,66,13,1,200,204,negative 
93,43,78,162,64,8,137,48,18,145,156,281,159,63,17,12,203,210,negative 
90,41,78,145,55,7,138,48,18,138,161,284,158,67,0,1,192,197,negative
93,35,66,154,59,6,142,46,18,128,162,304,120,64,5,13,197,202,negative
86,37,69,150,63,8,138,48,18,134,163,284,124,71,1,6,189,195,negative 
86,43,66,130,56,7,152,44,19,142,177,340,173,81,6,14,181,185,negative 
96,52,104,222,67,9,198,33,23,163,217,589,226,67,12,20,192,201,negative
102,59,102,186,57,12,160,31,24,151,179,540,189,67,19,22,185,208,negative
102,54,98,201,61,6,225,29,25,165,246,766,231,79,9,14,188,187,negative 
89,35,52,121,57,4,122,55,17,125,139,220,128,82,5,13,181,184,positive
87,41,66,140,58,6,148,46,19,136,164,318,178,79,19,2,181,185,positive
90,48,78,142,59,11,160,43,20,160,173,370,185,76,10,11,183,192,negative 
86,44,70,140,64,6,148,45,19,145,170,322,185,82,10,1,181,183,negative 
105,45,94,211,57,9,199,51,21,149,241,213,164,75,11,5,187,199,negative
84,44,65,128,55,8,150,46,19,148,169,325,176,82,1,11,179,183,negative 
97,51,104,209,69,6,182,44,24,140,196,573,137,81,9,23,190,196,positive
88,39,76,155,62,8,137,48,18,137,156,281,124,63,3,6,201,209,negative 
98,53,106,212,60,12,173,51,19,151,130,511,167,64,5,5,203,203,positive
98,38,66,130,55,7,130,51,18,138,160,251,123,69,3,12,191,194,negative 
87,58,99,232,55,6,196,50,24,186,131,543,227,63,8,0,193,192,negative
78,49,79,226,68,8,116,54,21,118,145,418,147,73,8,12,187,192,positive
103,47,73,203,73,9,184,31,19,147,130,391,167,60,12,29,196,202,positive
85,45,65,128,56,8,151,45,19,145,170,332,186,81,1,10,179,184,negative 
97,59,108,227,70,11,224,30,25,186,225,732,218,70,10,25,186,198,negative
105,51,105,197,60,11,191,35,22,162,207,545,194,64,18,4,196,205,positive
88,43,70,177,74,19,152,44,19,143,180,342,168,76,1,9,186,189,negative 
98,40,110,219,64,4,125,43,25,165,214,731,238,72,11,7,183,198,negative
84,43,76,180,75,7,155,43,19,143,180,359,173,77,5,12,185,190,negative 
90,39,89,181,62,8,175,38,21,132,200,458,154,70,11,15,189,195,positive
89,42,85,144,58,10,152,44,19,144,173,345,161,72,8,13,187,197,negative 
94,40,85,186,62,9,169,39,20,139,184,430,133,61,2,9,200,210,positive
88,45,82,155,56,8,154,43,19,149,180,357,170,69,3,0,188,193,positive
98,38,70,186,68,6,164,39,20,136,189,413,129,71,3,17,200,203,negative 
107,53,103,221,66,11,209,32,24,163,222,653,212,66,0,1,191,201,negative
87,45,66,139,58,8,140,47,18,148,168,294,175,73,3,12,188,196,negative 
110,56,103,223,64,5,250,26,27,169,280,928,239,85,4,6,184,183,negative 
92,38,71,174,66,7,154,43,19,133,181,355,130,70,4,24,189,195,positive
102,51,104,217,67,10,204,32,23,162,220,621,195,68,3,19,188,197,positive
91,52,98,196,62,9,193,34,22,161,216,562,244,69,3,1,190,199,negative
101,58,67,199,61,9,114,30,18,186,145,526,168,74,17,12,191,200,negative
105,55,112,160,63,12,174,30,25,138,194,391,185,75,12,0,186,200,positive
92,33,81,196,60,8,180,31,22,174,162,291,183,67,12,0,194,204,positive
93,40,73,139,58,6,136,49,18,138,166,275,137,73,0,0,187,188,negative 
106,53,98,192,58,11,217,31,24,166,228,693,191,71,11,24,188,198,negative
102,53,101,238,72,4,238,28,26,163,267,844,242,85,7,22,184,184,negative 
96,37,74,187,68,8,159,42,20,134,183,378,134,69,3,16,190,197,positive
92,42,69,153,58,8,140,48,18,138,165,290,151,64,10,21,199,206,negative
88,43,84,136,55,11,154,44,19,150,174,350,164,73,6,2,185,196,negative 
88,58,108,195,59,7,223,42,25,130,160,575,143,75,18,4,187,199,negative
97,53,54,218,73,9,112,38,20,162,183,344,240,70,13,0,203,211,positive
94,45,89,213,71,5,186,35,22,145,204,533,182,71,4,13,195,198,negative 
97,41,74,232,65,10,207,30,21,186,213,531,205,75,6,10,187,201,negative
109,52,73,218,52,10,116,30,22,160,143,308,164,70,12,0,186,209,negative
78,56,106,218,73,11,130,48,20,132,137,640,224,64,8,1,195,200,positive
111,38,94,232,55,9,198,35,25,149,190,748,250,73,12,0,176,198,negative
89,47,85,147,58,10,153,44,19,151,175,349,186,74,13,7,186,197,negative 
96,59,103,176,61,10,223,43,21,153,177,276,250,64,21,30,179,201,negative
106,49,66,209,67,11,191,31,20,160,235,657,148,71,1,22,189,199,positive
91,43,88,157,61,9,149,45,19,157,165,326,140,64,1,26,197,207,negative 
111,54,103,171,50,11,221,30,25,172,227,727,201,69,15,6,190,198,negative
103,59,60,165,58,8,146,33,24,133,138,191,250,69,14,5,190,190,negative
92,37,80,180,67,8,154,43,19,129,180,353,144,69,6,9,190,195,positive
110,42,89,223,58,9,142,59,24,149,204,460,125,69,20,5,181,206,negative
86,36,70,143,61,9,133,50,18,130,153,266,127,66,2,10,194,202,negative 
90,49,83,187,63,7,176,37,21,154,205,467,222,70,1,2,189,195,positive
86,45,73,152,63,6,149,44,19,145,170,335,176,71,6,1,189,196,negative 
106,58,89,227,53,10,114,30,23,148,131,241,238,87,16,0,186,211,negative
93,47,84,205,71,7,176,36,21,152,190,476,201,70,7,19,198,201,negative 
106,49,110,234,67,5,114,59,20,140,210,689,180,68,13,0,191,190,positive
92,40,62,144,59,8,127,52,17,139,149,241,150,62,13,1,204,210,negative 
85,43,69,141,62,7,152,44,19,145,178,341,179,84,1,4,181,184,negative 
101,39,88,214,73,10,171,34,20,131,226,680,240,63,22,0,185,185,positive
107,42,79,220,55,11,114,31,19,119,131,407,163,66,13,7,198,202,negative
104,52,110,172,53,10,219,30,25,166,235,711,218,74,10,28,188,198,negative
97,59,102,232,61,8,129,30,24,186,221,318,220,78,21,19,188,201,negative
90,36,78,179,64,8,157,42,19,126,182,367,142,66,1,20,192,198,negative
101,56,112,133,67,7,192,30,24,136,130,485,188,64,3,5,193,211,positive
102,54,100,163,53,10,213,31,24,173,219,669,201,76,12,27,187,195,negative
109,42,50,122,59,10,149,32,24,170,205,528,173,74,6,39,177,204,negative
101,56,112,233,73,5,114,43,23,123,130,654,156,79,0,1,195,205,positive
103,43,102,234,60,8,188,35,24,131,155,397,121,60,3,12,195,190,positive
96,36,107,195,54,9,124,30,25,151,209,249,250,80,16,12,186,194,negative
100,52,109,225,68,10,222,30,25,165,241,731,207,73,7,28,188,199,negative
87,33,94,147,73,6,211,35,22,118,189,632,204,69,0,12,194,186,positive
110,46,48,166,50,13,145,35,19,141,212,191,147,77,2,2,188,197,negative
98,46,106,194,66,7,123,34,22,178,224,380,196,78,10,3,189,211,negative
106,53,98,193,60,10,215,31,24,169,224,681,218,73,8,21,188,197,positive
89,35,95,173,65,7,146,42,19,165,130,609,225,63,0,0,192,194,positive
84,38,66,138,62,6,126,54,18,132,144,232,139,70,4,7,185,190,negative
111,59,108,230,58,7,165,32,21,171,170,296,222,66,4,1,200,202,negative
82,44,63,123,54,7,151,45,19,147,166,329,185,81,3,4,179,182,negative 
86,42,64,122,54,6,148,46,19,143,170,319,171,87,1,3,179,182,negative 
85,40,66,136,58,6,142,48,19,137,164,295,164,77,2,22,182,186,positive
93,47,83,165,60,7,167,40,20,147,197,417,201,73,12,4,187,192,negative
89,46,74,135,59,9,157,44,20,158,170,356,177,79,12,3,184,191,negative 
109,46,98,232,55,10,131,32,24,158,212,248,229,67,18,0,193,211,negative
94,44,84,216,74,6,184,35,22,145,208,525,154,73,4,22,196,197,negative 
109,55,102,169,51,6,241,27,26,165,265,870,247,84,10,11,184,183,negative 
110,56,109,199,57,5,251,27,27,169,272,928,268,82,11,10,183,183,negative 
104,54,101,197,64,11,213,31,24,172,218,669,222,74,14,4,187,196,positive
101,39,91,229,62,5,208,32,17,139,132,720,183,65,1,0,202,204,positive
88,50,112,197,67,8,112,34,18,147,184,662,210,80,0,16,181,194,positive
106,52,108,207,64,12,221,31,25,168,229,709,200,73,22,38,190,205,positive
110,58,106,180,51,6,261,26,28,171,278,998,257,83,9,13,181,182,negative 
110,53,104,223,66,10,211,32,24,164,223,659,210,67,5,16,190,203,positive
83,37,62,113,53,6,122,55,17,129,143,218,135,79,0,7,181,185,negative 
82,47,111,199,72,4,112,36,18,148,172,559,184,73,0,4,189,194,positive
100,43,92,197,62,10,180,36,21,143,200,489,153,64,6,9,195,205,positive
94,36,71,163,63,10,143,40,25,137,235,383,163,77,0,18,187,193,positive
82,43,70,250,105,55,139,48,18,145,231,289,172,99,4,9,190,199,negative 
85,40,72,139,59,5,132,50,18,135,159,260,150,68,3,9,191,195,positive
104,53,55,197,73,7,196,31,24,133,154,232,201,63,11,0,186,201,positive
98,55,101,219,69,11,225,30,25,178,231,748,216,74,6,14,187,195,negative
101,36,106,234,69,10,134,59,21,144,141,668,161,63,0,0,197,187,positive
104,47,95,130,52,8,204,30,24,133,200,191,131,68,4,20,191,198,negative
110,45,105,224,59,10,172,36,23,145,157,274,157,73,17,11,184,203,negative
95,43,96,202,65,10,189,35,22,143,217,534,166,71,6,27,190,197,negative
95,48,83,178,72,10,162,42,20,159,176,379,184,70,6,16,187,197,negative 
85,33,40,115,57,3,112,61,17,119,130,184,127,86,12,21,181,183,positive
98,38,72,192,69,5,166,38,20,131,189,427,138,70,1,3,200,202,negative 
80,38,63,129,55,7,146,46,19,130,168,314,158,83,9,20,180,185,positive
96,46,74,202,74,5,163,39,20,149,185,408,191,70,7,8,196,200,negative 
111,59,98,134,60,7,138,44,22,186,234,455,225,76,4,0,176,206,negative
105,51,108,201,62,11,220,30,25,163,232,711,202,72,12,16,189,200,positive
99,54,100,199,62,9,200,33,23,166,222,600,241,70,2,7,189,198,negative
104,56,89,234,73,11,145,47,21,138,130,720,120,81,10,13,188,201,positive
99,54,93,194,67,9,206,30,24,140,215,305,207,78,8,0,184,201,negative
93,43,78,166,59,7,151,44,19,141,182,342,174,68,15,2,193,197,negative
101,54,106,188,57,7,236,28,26,164,256,833,253,81,6,14,185,185,negative 
117,52,110,228,65,12,212,31,24,163,228,668,220,66,21,25,194,205,positive
84,44,80,140,58,11,156,44,20,157,166,349,176,74,5,17,183,193,negative 
107,54,96,201,62,12,218,31,24,170,221,694,217,71,2,21,187,198,positive
89,44,72,160,66,7,144,46,19,147,166,312,169,69,11,1,191,198,negative 
86,53,98,210,59,11,213,35,20,186,217,446,178,78,13,11,187,194,negative
97,45,72,187,71,5,161,40,20,144,178,399,186,70,7,7,196,203,negative 
88,46,112,233,68,9,175,32,24,138,176,601,202,74,21,21,199,192,positive
88,38,77,156,56,7,163,41,20,129,184,395,140,67,1,9,192,198,negative
88,44,84,135,55,12,155,44,20,158,176,351,164,75,7,11,183,195,negative 
98,39,68,121,49,7,134,51,18,142,164,261,134,75,4,1,186,186,negative 
86,42,65,116,53,6,152,45,19,141,175,335,172,85,5,4,179,183,negative 
95,46,76,162,66,11,162,42,20,155,175,381,172,74,8,4,184,193,negative 
90,37,112,200,73,9,126,30,24,136,130,720,196,69,6,7,188,183,positive
96,44,85,166,66,10,155,43,19,150,167,355,159,67,3,10,192,202,negative 
84,38,74,138,57,8,139,49,18,127,160,282,127,72,9,20,183,191,negative
101,48,85,191,60,11,175,38,21,153,192,458,187,62,5,22,197,210,positive
81,33,108,198,71,6,118,30,20,143,170,720,215,64,16,0,203,197,positive
100,55,101,189,57,10,222,30,25,177,225,731,211,71,7,17,188,197,negative
113,48,98,208,62,9,203,33,23,151,216,613,183,64,17,29,193,204,positive
90,44,69,152,64,7,135,49,18,145,165,272,162,75,3,2,187,191,negative 
101,53,108,184,54,12,216,31,24,172,220,685,187,68,4,24,190,201,negative
93,43,88,170,66,9,150,45,19,147,164,334,143,65,2,17,196,206,negative 
101,42,62,175,67,6,149,43,19,139,169,341,165,65,7,11,202,209,negative 
96,41,69,153,56,7,141,47,18,141,162,297,169,61,11,8,202,209,positive
86,47,75,165,68,6,154,43,19,146,176,356,190,74,7,3,188,194,negative 
102,41,112,213,65,8,121,53,20,166,227,517,169,76,3,25,191,200,positive
99,51,88,188,62,5,203,32,23,158,222,625,219,77,8,26,191,190,negative 
91,56,112,127,63,12,135,49,20,138,161,187,184,71,16,11,195,201,positive
95,44,84,158,62,10,145,46,19,148,163,312,166,64,10,6,199,206,negative 
85,38,75,132,54,7,147,46,19,131,171,318,145,75,7,25,183,188,positive
89,36,77,172,62,8,157,42,19,125,174,367,126,63,5,22,198,205,negative
97,59,93,232,59,9,114,30,22,161,182,757,250,74,7,4,195,210,negative
102,55,101,213,67,12,222,30,25,177,226,719,213,71,2,21,187,199,positive
91,42,80,162,66,8,148,44,19,145,171,331,147,70,3,5,189,199,negative 
104,55,109,230,67,12,218,30,24,174,230,706,226,67,8,22,191,202,negative
88,36,53,113,57,3,118,57,17,128,137,204,136,88,7,14,180,183,negative 
91,39,82,164,68,10,143,46,19,137,164,308,158,68,13,9,191,201,negative 
100,49,96,206,63,9,186,35,22,156,202,519,176,62,3,5,197,205,negative
86,39,60,140,60,7,119,55,17,134,140,212,141,61,7,8,200,207,negative 
107,50,97,213,73,7,211,30,18,155,151,588,143,59,8,0,194,201,positive
102,54,101,190,58,10,222,30,25,171,224,728,203,71,13,6,189,198,negative
109,52,95,189,58,4,227,29,25,158,262,776,217,82,0,19,187,186,negative 
94,36,68,127,54,7,127,52,18,132,155,242,116,66,1,2,195,196,negative 
85,39,57,126,56,6,114,58,17,135,134,195,145,64,17,7,197,202,negative 
90,53,112,196,68,8,207,42,17,145,186,498,170,75,3,2,202,199,positive
82,36,51,114,53,4,135,50,18,126,150,268,144,86,15,4,181,182,positive
103,54,107,189,56,11,223,30,25,174,225,729,200,70,0,29,187,201,negative
95,37,71,171,61,9,157,43,20,134,178,365,125,63,5,40,196,208,positive
90,34,66,158,59,7,140,47,18,124,165,298,117,61,1,3,201,207,positive
93,46,82,145,58,11,159,43,20,160,180,371,189,77,2,4,183,194,negative 
90,45,72,232,60,13,126,34,24,162,152,753,250,74,3,16,187,199,negative
91,46,94,225,57,9,132,30,25,184,131,337,152,66,10,5,206,196,negative
109,51,111,234,65,11,192,37,18,164,167,677,188,69,0,2,183,203,positive
105,54,96,185,57,10,219,30,25,170,231,706,217,75,5,12,187,195,negative
95,49,82,139,56,11,159,43,20,162,173,365,185,75,7,10,182,191,negative 
93,53,107,176,73,8,216,31,20,136,162,341,136,63,2,8,193,199,positive
93,34,66,140,56,7,130,51,18,120,151,251,114,62,5,29,201,207,negative
88,42,77,151,58,8,140,47,18,142,165,293,158,64,10,11,198,205,positive
101,46,105,195,61,10,198,34,23,150,213,578,195,66,7,38,192,205,positive
100,51,89,199,65,6,201,32,23,159,219,622,205,74,6,7,193,193,negative 
99,52,112,198,73,12,160,46,24,156,130,537,216,68,22,0,194,202,positive
85,40,66,121,52,4,152,44,19,133,170,340,163,87,13,3,180,183,negative
105,54,100,220,69,10,221,30,25,170,232,718,202,73,0,13,187,199,positive
108,53,103,202,64,10,220,30,25,168,224,711,214,73,11,10,188,199,positive
91,45,76,171,69,7,150,44,19,144,170,340,179,69,12,1,195,201,negative 
100,46,90,172,67,9,157,43,20,150,170,363,184,67,17,7,192,200,negative 
96,33,108,172,73,4,112,55,24,154,196,453,240,66,8,7,202,195,positive
89,42,75,140,55,6,145,46,19,139,170,312,166,71,15,26,191,198,negative
93,49,79,180,65,7,173,37,21,158,189,463,194,70,5,10,197,202,negative 
86,39,62,129,59,6,116,57,17,135,137,203,145,64,7,9,199,204,negative 
99,44,73,232,58,9,174,35,19,183,178,279,160,70,12,0,184,196,negative
83,44,70,166,69,5,143,46,18,143,166,306,170,69,7,6,188,193,negative 
96,36,112,192,73,11,112,32,19,131,226,426,193,63,14,15,203,201,positive
100,47,70,185,70,7,162,40,20,153,179,406,172,68,9,6,200,205,negative 
100,51,109,231,70,11,220,30,25,163,238,722,206,73,11,19,189,198,negative
90,56,105,189,62,12,118,47,20,159,185,337,145,70,0,5,190,197,positive
113,45,109,191,68,12,220,32,23,152,229,569,165,63,13,7,198,197,positive
98,48,101,203,65,9,197,33,23,152,216,584,174,68,2,5,189,197,positive
86,36,66,128,57,8,131,52,18,127,148,252,139,76,5,27,183,187,negative
108,51,103,197,60,11,211,31,24,160,222,661,187,67,7,3,190,200,negative
108,54,105,203,62,11,202,33,23,164,216,608,235,68,12,3,190,200,positive
104,52,100,191,59,9,197,33,23,158,218,583,234,70,10,10,191,198,positive
104,52,90,163,56,5,153,34,21,145,146,222,186,76,22,7,187,199,negative
96,48,83,177,59,8,171,39,21,152,195,438,196,67,15,0,195,201,negative
104,50,106,209,66,10,207,32,23,158,223,635,220,73,14,9,188,196,positive
84,35,53,122,57,4,116,59,17,123,135,196,128,76,10,27,183,190,positive
81,42,63,125,55,8,149,46,19,145,166,320,172,86,7,7,179,182,negative 
92,47,90,158,50,11,146,30,24,164,163,267,175,69,6,2,188,206,negative
91,40,83,166,60,8,160,41,20,133,189,383,155,72,5,7,186,191,positive
111,50,112,199,59,4,112,39,24,132,234,350,230,70,4,4,183,196,positive
81,44,68,120,53,6,151,45,19,147,170,333,178,86,4,5,179,183,negative 
90,36,74,171,60,8,157,42,19,128,177,367,123,61,6,21,197,204,positive
90,55,107,167,64,9,122,33,19,143,175,612,186,80,16,0,188,211,positive
91,56,107,199,67,8,142,34,24,134,220,714,230,66,9,0,191,199,positive
88,40,78,186,73,6,158,41,20,134,185,379,148,73,1,11,193,197,negative 
105,35,90,159,56,8,148,30,24,174,131,508,186,75,2,0,195,207,negative
113,53,93,197,62,11,216,31,24,165,221,688,196,72,6,25,188,199,positive
89,41,75,143,56,7,146,46,19,137,170,317,156,76,18,5,184,188,negative
103,41,83,194,63,9,175,38,21,142,199,455,138,65,7,30,197,206,negative
73,37,53,111,54,6,126,55,18,128,135,227,147,82,1,15,176,184,negative
99,41,77,197,69,6,177,36,21,139,202,485,151,72,4,10,198,199,negative 
109,53,109,221,69,12,221,31,25,169,226,712,212,72,13,28,188,201,positive
118,53,112,234,65,6,160,30,18,119,142,507,193,67,1,0,203,200,positive
100,56,94,232,57,9,195,30,21,154,209,469,250,70,7,1,181,205,negative
89,40,76,188,76,7,150,44,19,136,174,342,148,72,3,8,193,197,negative 
107,57,102,184,55,7,234,28,26,171,243,822,229,77,7,11,187,187,negative 
107,56,104,231,71,11,219,31,25,172,226,705,217,71,19,11,189,196,positive
92,55,102,167,67,4,139,52,19,119,150,720,184,66,22,33,200,195,positive
95,49,92,193,62,10,178,37,21,154,200,478,171,64,2,0,198,206,negative
93,55,112,188,63,11,112,49,22,129,130,331,171,63,2,16,188,201,positive
112,50,110,186,56,11,214,31,24,159,232,676,203,71,18,27,191,202,positive
102,48,105,214,64,10,201,33,23,152,214,600,178,64,0,25,192,204,positive
79,50,78,232,56,5,195,36,21,174,153,560,180,71,18,5,185,201,negative
111,59,65,183,50,10,173,30,24,154,208,392,250,67,2,0,190,211,negative
107,56,105,202,61,11,221,30,25,179,234,725,212,72,15,1,189,196,negative
97,50,108,211,65,10,214,31,24,156,232,683,218,72,7,29,188,197,negative
98,35,70,182,68,5,155,41,19,124,184,371,117,71,3,22,202,205,negative 
91,41,64,148,61,8,129,51,18,142,161,249,153,68,6,12,194,201,negative 
85,45,80,154,64,9,147,45,19,148,169,324,174,71,1,4,188,199,negative 
78,36,60,116,56,6,123,55,17,124,141,221,121,78,3,16,178,185,negative
88,40,55,114,53,7,132,53,18,139,142,249,158,87,0,7,176,183,negative 
101,55,110,166,66,7,227,32,23,152,172,524,236,71,3,21,204,200,negative
93,50,100,222,60,11,181,30,20,164,134,351,248,69,1,7,178,206,negative
78,43,70,147,65,8,147,46,19,145,169,319,168,77,1,12,181,186,negative 
84,45,68,148,64,6,146,46,19,142,168,317,180,75,5,1,183,187,negative 
81,46,71,130,56,7,153,44,19,149,172,342,191,81,3,14,180,186,negative 
98,55,104,213,67,9,206,32,23,167,223,629,220,72,5,19,187,196,positive
88,37,51,105,52,5,119,57,17,128,135,207,125,86,8,16,179,183,negative 
88,41,80,147,62,8,146,45,19,144,169,318,161,71,4,16,188,197,negative 
80,38,64,130,59,8,134,51,18,126,152,259,135,76,1,23,179,188,negative
89,58,52,226,56,8,129,30,17,170,215,221,250,71,7,0,182,198,negative
103,47,91,218,66,9,187,30,19,156,209,720,180,70,0,7,188,201,positive
79,39,72,127,53,9,142,48,19,135,165,295,144,77,7,21,181,189,negative
88,39,70,166,66,7,148,44,19,134,167,332,143,69,5,13,193,201,negative 
103,49,100,194,60,10,185,35,22,160,202,518,178,62,13,8,198,208,positive
96,47,112,175,73,9,196,34,18,129,223,399,221,72,10,8,202,186,positive
81,43,68,139,62,7,149,46,19,145,172,323,171,83,1,14,180,184,negative 
96,39,58,117,51,6,133,52,18,139,154,255,150,86,6,0,181,182,negative 
101,51,105,212,68,10,209,32,24,162,222,653,224,73,5,23,186,195,negative
100,41,75,205,71,5,176,36,21,138,204,479,151,72,7,19,197,197,negative 
99,54,93,234,69,11,198,56,24,148,199,351,177,67,5,0,195,199,positive
100,48,95,209,68,7,199,32,23,150,216,605,200,73,7,11,192,194,negative 
92,42,75,172,60,8,147,45,19,142,174,322,160,62,22,10,206,211,negative
97,49,76,203,73,7,178,36,21,157,194,487,186,72,0,7,197,200,negative 
95,36,104,229,51,12,147,51,22,184,203,580,229,70,19,8,187,203,negative
109,54,109,225,68,11,214,31,24,169,226,675,212,68,11,32,189,202,positive
111,48,88,177,71,12,131,41,19,159,151,191,217,75,2,14,191,197,positive
89,36,68,149,60,8,133,50,18,134,153,265,119,62,6,18,201,209,negative 
80,43,68,120,54,8,150,45,19,145,171,329,176,85,4,8,179,183,negative 
99,52,104,177,55,10,210,32,24,166,219,657,215,73,3,2,187,194,negative
116,49,111,234,69,11,177,30,19,118,138,464,180,70,22,0,196,202,positive
94,38,88,179,60,7,170,39,21,131,188,435,144,66,2,28,195,204,positive
94,49,87,159,64,10,157,43,20,158,179,363,203,75,4,0,183,194,negative 
84,37,70,150,61,7,137,49,18,140,156,278,121,64,0,23,196,205,negative 
86,43,70,126,56,6,148,46,19,145,166,317,171,86,6,9,179,182,negative 
89,36,69,162,63,6,140,48,18,131,164,291,126,66,1,38,193,204,positive
93,46,72,219,52,10,195,32,21,186,223,289,203,71,3,17,187,203,negative
115,52,100,203,62,10,217,31,24,165,229,697,214,72,14,4,188,197,positive
96,37,74,199,74,5,165,39,20,128,188,419,136,72,1,3,196,200,negative 
101,55,107,200,61,11,225,30,25,178,228,730,204,74,8,35,187,201,negative
105,59,107,206,56,9,114,30,20,174,191,459,250,68,5,11,186,196,negative
108,56,103,234,73,10,221,30,25,174,232,718,214,73,8,3,187,197,positive
100,34,112,181,60,11,112,54,20,177,226,598,240,66,13,10,194,198,positive
91,38,76,172,61,8,167,40,20,134,196,415,145,71,0,28,189,198,negative
109,52,94,186,50,11,126,30,25,173,199,333,139,66,16,32,187,205,negative
97,42,103,169,73,10,181,31,21,118,130,494,150,60,11,0,184,205,positive
94,43,68,170,67,6,142,46,18,142,164,310,177,65,10,8,198,203,negative 
90,48,78,134,56,11,160,43,20,167,169,366,185,76,1,14,182,192,negative 
101,51,98,194,60,10,195,34,22,161,219,572,219,67,0,10,192,201,positive
89,47,89,232,59,6,124,30,20,186,196,191,207,71,7,6,205,197,negative
89,40,77,159,65,9,144,46,19,141,168,314,143,70,0,5,190,200,negative 
108,56,49,199,70,12,194,36,23,139,133,443,207,72,0,0,188,203,positive
105,50,74,231,52,8,114,30,22,142,206,352,234,70,5,0,193,194,negative
105,45,81,231,70,11,191,32,23,136,223,210,211,66,0,21,182,209,positive
98,45,76,166,60,7,157,42,20,148,184,371,186,69,13,10,190,196,negative
103,55,103,211,65,11,212,31,24,165,229,673,249,72,5,16,188,196,negative
90,41,71,169,68,7,150,44,19,138,175,336,157,71,3,18,192,197,negative 
86,47,95,234,60,7,116,43,22,156,201,381,239,59,0,4,193,207,positive
111,58,105,183,51,6,265,26,29,174,285,1018,255,85,4,8,181,183,negative 
83,40,59,116,53,7,132,52,18,137,145,250,157,84,12,6,177,183,negative 
98,52,89,164,69,8,175,35,23,135,161,257,202,70,15,18,198,203,positive
91,42,84,209,75,6,171,38,20,138,189,446,161,69,3,12,196,201,negative 
93,37,70,126,52,9,127,53,18,137,156,238,119,71,2,13,191,190,negative 
89,41,75,162,66,5,153,43,19,136,175,352,154,72,2,0,188,195,negative 
87,47,81,149,62,9,147,45,19,152,171,325,181,72,0,6,188,198,negative 
107,57,106,172,50,6,255,26,28,169,280,957,264,85,5,9,181,183,negative 
108,52,72,181,60,11,154,33,22,170,225,191,158,71,9,0,182,210,negative
106,55,98,224,68,11,215,31,24,170,222,679,214,68,2,29,189,201,negative
85,36,72,127,56,7,127,54,18,125,144,233,123,70,3,30,184,194,negative
89,36,68,141,59,8,139,47,18,130,166,291,127,73,7,1,189,196,negative 
97,55,103,197,63,11,215,31,24,172,219,677,219,75,5,24,185,194,negative
95,45,105,208,64,10,187,36,22,150,202,520,158,64,7,32,198,211,positive
91,49,86,195,63,8,177,37,21,156,203,473,201,67,7,5,192,198,negative
102,52,98,225,71,10,214,31,24,164,228,682,199,71,0,16,187,196,negative
106,41,110,232,57,7,114,35,20,175,237,506,127,74,8,0,188,197,negative
85,42,66,120,53,7,149,46,19,143,169,321,160,85,10,7,180,182,negative 
80,44,68,120,53,8,151,45,19,146,170,333,190,80,4,16,180,185,negative 
102,52,101,213,64,10,203,33,23,157,214,616,186,65,0,19,193,203,negative
94,49,82,137,56,10,159,43,20,160,176,367,186,76,10,7,183,192,negative 
90,38,75,164,64,7,151,43,19,131,168,345,139,66,0,0,195,204,negative 
95,38,66,126,52,8,133,52,18,140,158,253,140,78,11,8,184,183,negative 
90,55,60,196,56,11,114,30,22,130,196,379,218,78,11,5,191,199,negative
103,49,104,187,56,9,174,43,19,186,131,559,212,72,16,0,186,197,negative
88,56,112,182,71,4,118,39,25,171,159,468,181,70,0,1,199,187,positive
98,48,103,234,60,7,127,35,19,145,190,641,153,75,5,39,179,198,positive
87,44,65,124,56,6,149,46,19,144,170,321,171,87,4,12,179,182,negative 
87,41,76,165,67,7,148,45,19,140,171,327,152,72,7,13,188,195,negative 
108,48,76,182,55,11,200,30,23,179,189,757,145,73,0,0,191,201,negative
89,46,77,125,52,10,156,44,20,160,171,351,177,78,7,17,183,191,negative 
104,53,108,206,61,11,217,31,24,168,226,694,209,67,0,9,188,201,positive
79,43,109,218,73,8,131,44,22,134,197,608,223,63,8,0,182,201,positive
86,36,77,165,60,7,150,45,19,128,174,331,131,66,0,32,196,203,positive
107,52,101,218,64,11,202,33,23,164,219,610,192,65,17,2,197,206,negative
96,44,68,190,70,7,155,41,19,145,179,372,166,67,5,7,202,206,negative 
82,44,72,118,52,7,152,44,19,147,174,340,177,82,2,2,180,185,negative 
91,53,112,212,71,6,181,41,18,160,209,613,121,62,5,21,192,200,positive
80,57,74,225,58,10,198,31,25,128,131,208,166,73,9,0,185,205,negative
105,59,87,188,54,7,114,31,18,185,203,448,175,70,1,2,205,204,negative
108,59,71,227,50,13,174,44,22,175,228,191,167,74,17,21,195,197,negative
98,39,81,191,64,9,166,40,20,138,184,415,131,62,8,19,197,205,positive
110,54,102,201,64,11,213,31,24,171,222,669,221,73,17,16,188,198,positive
110,47,110,222,56,13,114,30,21,170,147,202,242,71,17,0,188,204,negative
91,39,63,212,50,9,133,36,20,184,131,665,213,78,2,0,197,201,negative
89,44,68,113,50,7,150,45,19,147,171,328,189,88,6,5,179,182,negative 
81,47,69,146,64,6,151,44,19,147,171,340,195,75,5,0,183,188,negative 
98,44,88,176,67,10,158,43,20,149,173,367,154,66,14,9,194,202,negative 
111,59,92,118,51,8,118,46,22,154,239,191,114,87,18,0,196,211,negative
88,36,78,160,62,6,140,48,18,123,161,287,129,66,4,35,194,202,negative
105,54,105,213,67,10,200,33,23,163,214,597,214,68,10,20,190,198,negative
88,48,90,178,60,8,175,38,21,152,200,460,198,68,13,16,192,199,positive
85,45,70,130,58,8,151,45,19,146,171,334,187,79,2,5,181,186,negative 
80,54,107,160,73,10,166,48,24,169,137,682,169,81,18,0,179,205,positive
91,49,85,177,73,5,135,36,24,140,201,328,181,59,0,0,193,207,positive
96,46,88,160,64,9,151,44,19,148,173,339,182,70,15,11,192,199,negative 
107,54,109,234,62,9,158,37,24,145,162,485,191,59,8,0,191,197,positive
104,47,112,216,59,11,197,45,23,123,133,610,206,68,0,0,190,199,positive
98,55,101,228,70,9,210,31,24,168,236,661,245,72,1,6,188,197,negative
93,39,87,183,64,8,169,40,20,134,200,422,149,72,7,25,188,195,positive
97,48,105,212,64,11,201,33,23,155,212,602,162,64,2,7,193,202,negative
110,33,102,234,72,6,129,31,19,118,207,440,240,63,10,22,191,201,positive
89,43,85,160,64,11,155,43,19,151,173,356,174,72,5,9,185,196,negative 
93,47,85,161,65,12,155,43,19,157,179,354,178,76,2,9,184,196,negative 
85,45,73,167,69,8,143,46,18,148,173,307,176,71,2,0,190,199,negative 
86,45,66,126,57,8,148,46,19,145,170,321,186,86,0,7,179,182,negative 
88,39,88,194,69,8,168,40,20,133,199,416,151,74,3,22,186,192,negative
103,51,81,221,56,8,114,30,20,160,210,639,192,78,18,11,184,205,negative
86,42,65,113,50,8,152,45,19,141,169,332,171,85,4,16,179,183,negative 
93,42,64,158,68,9,134,49,18,142,163,268,170,71,7,13,192,201,negative 
100,55,97,136,56,8,212,39,18,182,210,448,180,79,2,8,183,204,negative
88,35,50,121,58,5,114,59,17,122,132,192,138,74,21,4,182,187,negative
98,38,101,118,70,6,165,30,20,167,216,485,115,61,5,33,187,200,positive
96,41,77,177,64,5,177,36,21,134,205,485,148,74,0,4,196,198,negative 
96,46,70,194,70,6,167,39,20,148,183,427,171,69,17,10,200,203,negative 
108,38,82,232,65,13,145,34,20,186,165,191,169,77,11,33,184,204,negative
88,40,79,183,62,7,176,38,21,138,200,462,150,66,0,29,189,199,negative
102,43,96,197,63,10,185,36,22,142,202,513,139,65,8,12,195,204,negative
82,40,73,141,57,8,153,44,19,133,173,342,153,75,11,9,181,187,negative
97,45,89,116,61,9,134,30,19,181,131,335,218,75,4,0,196,199,negative
88,44,71,145,56,8,142,48,19,143,159,296,174,68,7,18,188,197,negative
95,46,104,208,66,9,191,35,22,148,210,543,169,68,0,28,190,200,positive
90,44,72,157,64,8,137,48,18,144,159,283,171,65,9,4,196,203,negative 
86,37,60,115,54,5,119,56,17,132,141,209,129,72,2,8,186,190,negative 
97,55,104,219,71,9,211,32,24,171,222,658,223,74,1,24,186,196,positive
82,41,70,155,64,7,148,45,19,138,172,328,152,72,5,17,187,195,negative 
87,44,98,211,70,10,189,35,22,141,214,535,178,71,2,21,187,194,negative
87,41,73,158,64,7,151,44,19,138,175,341,152,73,3,8,190,194,negative 
102,45,85,193,64,6,192,33,22,146,217,570,163,76,6,7,195,193,negative 
85,33,50,104,53,4,115,59,17,118,136,193,127,83,1,30,179,185,positive
84,45,66,154,65,6,145,46,19,144,168,312,177,73,2,3,184,188,negative 
91,38,70,160,66,25,140,47,18,139,162,296,130,67,4,11,192,202,negative 
109,52,104,199,60,12,215,31,24,162,220,691,212,67,11,7,189,199,positive
104,53,101,190,63,10,213,32,24,166,218,664,202,74,13,21,188,198,positive
106,52,107,211,62,8,200,33,23,161,218,602,200,67,9,17,194,201,negative
101,55,101,183,57,13,225,30,25,177,225,741,204,71,5,10,186,198,negative
97,45,76,175,60,9,157,42,20,149,180,370,169,63,16,12,198,206,positive
86,44,65,129,56,6,152,45,19,150,168,331,177,83,4,13,178,183,negative 
97,55,96,170,54,10,216,31,24,173,219,685,218,75,0,4,184,193,negative
103,57,105,221,69,11,218,30,24,173,226,706,250,73,10,2,187,195,negative
105,50,93,173,54,4,222,30,25,159,254,735,206,83,4,12,186,184,negative 
85,42,66,122,54,6,148,46,19,141,172,317,174,88,6,14,180,182,negative 
101,59,110,232,64,10,133,35,18,149,132,697,182,72,21,1,193,197,negative
89,59,91,178,72,8,127,30,18,171,140,656,172,70,13,0,190,202,negative
88,37,57,132,62,6,135,50,18,125,151,265,144,83,16,16,180,184,positive
88,53,96,198,62,8,204,30,18,136,131,541,211,87,2,39,194,207,negative
90,48,85,157,64,11,161,43,20,167,175,375,186,74,3,16,185,195,negative 
86,38,76,143,59,8,142,47,18,131,167,301,138,71,5,10,189,196,negative 
104,52,94,208,66,5,208,31,24,161,227,666,218,76,11,4,193,191,negative 
90,44,104,188,57,10,112,54,20,155,210,431,237,69,22,1,189,193,positive
79,55,112,159,68,6,131,30,20,129,218,419,224,71,3,11,189,201,positive
107,41,96,118,50,11,135,30,17,149,191,191,192,65,22,34,192,192,negative
85,36,66,123,55,5,120,56,17,128,140,212,131,73,1,18,186,190,negative 
112,50,104,197,58,11,208,32,24,159,223,639,186,67,15,22,191,202,positive
92,59,72,232,57,10,129,30,22,170,206,757,199,62,9,15,193,195,negative
95,39,102,119,73,6,112,32,19,146,204,484,132,69,11,3,203,204,positive
96,40,70,120,50,8,137,50,18,141,162,269,139,80,10,13,183,183,negative 
87,49,86,190,64,9,177,37,21,153,197,471,209,67,11,7,192,199,negative
91,35,66,159,59,7,147,45,19,131,169,322,123,64,1,1,197,203,negative
108,57,106,177,51,5,256,26,28,170,285,966,261,87,11,2,182,181,negative 
106,53,50,192,57,7,133,33,23,156,131,191,214,87,20,4,182,197,negative
83,47,104,178,57,11,133,59,22,170,214,220,170,69,1,22,189,192,negative
109,54,103,220,66,11,214,31,24,167,229,677,212,70,1,23,188,201,positive
108,43,102,232,50,13,115,30,23,141,223,191,146,76,5,1,183,208,negative
110,37,66,216,60,7,144,30,24,150,190,732,160,65,14,9,184,206,negative
93,45,73,164,59,7,159,42,20,146,182,379,188,65,11,15,195,201,negative
88,39,102,228,66,9,181,50,23,160,206,720,156,62,6,26,188,205,positive
89,37,51,111,54,5,120,56,17,127,138,213,147,82,7,4,181,183,negative 
101,49,91,233,73,11,222,41,21,118,132,522,233,59,8,0,194,184,positive
92,47,54,199,58,9,125,30,23,126,201,387,195,71,4,2,182,205,negative
87,43,65,127,56,8,149,46,19,143,169,322,171,85,6,3,180,182,negative 
93,42,88,188,62,10,183,36,21,141,208,504,168,70,3,12,189,197,negative
109,35,112,168,67,10,168,36,22,120,134,293,181,59,0,5,191,194,positive
101,49,103,212,67,10,201,33,23,156,215,601,174,69,4,11,189,196,negative
94,37,72,193,72,6,158,41,19,133,184,385,127,70,0,14,200,204,negative 
97,47,81,183,64,8,168,39,20,150,193,426,182,70,11,2,192,198,negative
76,38,58,125,58,5,133,51,18,127,152,259,145,87,0,21,177,184,negative
86,39,84,149,57,8,156,43,20,133,185,358,157,74,0,23,183,190,negative
81,44,72,139,60,6,153,44,19,146,180,347,178,81,1,15,182,186,negative 
89,46,78,150,63,11,160,43,20,160,170,367,176,73,5,9,185,194,negative 
104,57,103,222,72,12,221,30,25,177,223,718,218,72,11,12,186,195,negative
85,42,64,121,55,7,149,46,19,146,167,323,172,85,1,6,179,182,negative 
105,54,106,215,68,10,208,32,24,166,217,640,218,69,14,23,189,199,positive
86,41,66,133,56,6,136,49,18,136,155,274,162,74,5,14,183,189,positive
104,52,101,206,62,10,198,33,23,161,207,587,204,64,2,5,195,204,negative
101,56,100,166,60,11,199,38,18,166,174,255,142,69,3,2,188,207,positive
99,50,104,210,62,12,114,30,24,157,204,309,175,70,15,4,187,209,negative
87,36,112,120,73,5,129,42,17,146,168,452,188,67,13,6,191,202,positive
79,47,74,141,61,7,153,43,19,149,175,349,199,77,6,10,183,189,negative 
94,42,68,150,64,7,128,52,18,143,154,246,159,69,14,5,192,196,negative 
98,40,77,171,61,6,172,37,21,139,197,457,141,72,4,17,199,201,negative 
90,43,72,172,59,8,154,42,19,144,174,360,158,61,15,9,203,209,positive
87,57,103,232,52,8,155,40,24,146,131,559,168,71,1,0,206,200,negative
85,42,70,130,56,7,150,45,19,145,177,328,172,82,10,14,181,185,negative 
77,55,77,232,55,10,183,56,21,169,131,671,193,74,17,9,187,192,negative
106,56,67,203,64,11,163,60,21,166,202,673,240,73,2,3,203,190,positive
97,49,71,183,54,9,156,30,22,132,131,592,250,80,19,23,193,199,negative
103,59,108,225,56,7,114,30,22,170,207,631,175,64,9,10,186,197,negative
88,46,74,171,68,6,152,43,19,148,180,349,192,71,5,11,189,195,negative 
90,54,103,170,60,6,182,33,18,135,196,692,246,72,6,5,194,198,negative
98,49,84,219,74,7,190,34,22,154,208,558,209,74,4,7,195,195,negative 
98,50,90,192,63,9,177,37,21,155,195,472,197,65,10,1,193,201,positive
78,37,100,214,67,8,170,43,20,137,211,545,226,59,0,36,193,206,positive
88,44,70,151,61,8,143,46,18,143,163,311,173,68,7,8,196,203,negative 
99,38,74,184,66,6,164,39,20,131,193,414,137,71,2,22,200,202,negative 
85,38,63,130,55,7,122,55,17,130,137,219,144,64,20,8,195,201,negative
90,46,89,195,72,10,120,54,25,150,230,447,240,70,21,0,203,192,positive
105,56,93,231,73,5,112,31,22,177,130,494,167,64,17,1,190,202,positive
89,38,78,153,61,7,146,46,19,127,166,314,142,69,0,9,187,194,negative
103,49,107,179,54,12,208,32,24,159,214,644,183,66,1,12,191,200,negative
80,36,69,127,56,7,128,53,18,124,147,240,133,70,2,21,183,191,negative
85,42,66,120,53,7,149,45,19,145,173,325,163,85,5,4,180,182,negative 
106,40,112,222,64,6,115,48,20,148,134,537,169,66,4,0,186,204,positive
97,47,88,183,60,7,197,33,23,148,214,596,201,74,8,0,192,191,negative 
93,43,76,149,57,7,149,44,19,143,172,335,176,69,14,0,189,194,positive
98,52,86,207,69,5,192,33,22,161,212,570,221,75,4,6,194,195,negative 
95,55,66,217,53,9,163,33,17,163,131,724,131,74,8,29,186,190,negative
93,35,72,172,62,7,149,44,19,124,169,334,125,62,5,30,203,210,negative
84,43,103,185,66,9,117,40,24,139,215,320,177,61,4,0,188,204,positive
111,50,90,222,50,8,135,30,21,163,131,392,139,77,16,33,190,198,negative
104,48,90,232,64,4,114,30,20,186,131,253,173,67,4,4,192,203,negative
91,36,72,162,60,8,150,44,19,133,166,334,121,63,2,22,196,205,positive
106,53,100,212,59,10,159,30,22,186,210,392,197,65,2,0,195,201,negative
92,45,76,162,57,7,159,41,20,147,184,381,177,69,8,10,190,195,positive
89,40,69,147,58,6,132,50,18,137,155,260,151,61,16,6,203,209,negative
79,53,90,215,53,8,112,30,19,135,223,481,214,59,0,13,203,186,positive
85,41,69,232,53,7,163,31,20,186,147,500,201,76,1,8,189,191,negative
93,36,63,139,57,8,132,50,18,136,158,260,121,67,3,27,193,201,negative 
87,42,76,159,65,5,155,42,19,138,184,362,157,76,6,12,189,193,negative 
81,38,53,123,58,6,134,51,18,128,147,259,148,83,10,6,177,184,negative
106,53,98,154,47,4,237,28,26,164,263,838,222,82,4,17,185,184,negative 
86,37,77,144,54,7,154,43,19,127,179,352,145,71,14,13,186,191,negative
104,52,96,228,50,9,117,35,24,186,131,367,182,75,19,0,190,191,negative
80,40,112,155,60,10,222,42,22,132,141,720,128,76,0,0,197,199,positive
85,39,77,151,59,8,150,45,19,134,176,331,133,73,0,16,184,193,negative
85,43,66,123,56,6,148,46,19,145,166,319,171,85,6,11,179,182,negative 
107,53,108,213,64,12,206,32,23,163,216,627,202,65,21,22,194,205,positive
100,50,98,204,63,6,218,30,24,156,232,719,213,77,8,7,189,189,negative 
106,54,100,227,67,4,250,27,27,162,280,923,262,88,5,11,182,182,negative 
95,36,73,191,73,6,156,41,19,126,184,374,124,71,2,19,199,204,negative 
95,46,71,232,58,7,178,30,23,145,198,371,224,70,9,0,189,194,negative
83,40,100,234,73,5,112,31,24,131,130,510,153,64,5,0,181,197,positive
83,41,70,155,65,7,144,46,19,141,168,309,147,71,4,12,188,195,negative 
101,56,100,215,69,10,208,32,24,169,227,651,223,74,6,5,186,193,negative
105,43,74,232,50,9,183,39,19,160,216,292,194,74,16,0,194,198,negative
87,42,64,150,64,10,133,50,18,141,157,265,159,67,7,0,193,201,negative 
116,37,112,228,67,9,124,34,20,140,141,249,216,69,0,3,197,200,positive
104,55,105,223,70,10,223,30,25,177,237,737,218,75,14,11,188,196,negative
91,41,93,197,65,9,183,36,21,137,202,504,153,66,11,24,193,200,negative
88,44,71,165,70,7,144,46,19,141,167,312,172,71,4,4,188,193,negative 
88,35,60,143,59,7,128,52,18,129,147,246,109,62,1,6,202,209,negative 
89,53,91,153,58,8,130,38,18,150,148,276,201,70,9,36,183,202,negative
97,42,101,186,59,9,186,36,22,138,208,511,168,67,7,41,194,206,positive
93,41,75,124,51,7,140,49,18,141,164,284,149,77,5,15,184,185,negative 
96,47,77,204,72,6,167,38,20,150,188,429,182,69,6,16,199,203,negative 
96,36,74,183,70,6,149,43,19,127,178,341,127,69,0,17,201,205,negative 
82,37,66,126,54,7,132,52,18,127,148,252,142,72,17,7,183,187,positive
98,48,101,195,61,11,207,31,23,152,227,650,193,71,5,7,189,196,negative
86,40,66,139,59,7,122,54,17,139,145,225,143,63,7,11,202,208,negative 
92,37,86,167,60,7,158,42,20,131,181,373,144,68,9,21,190,196,positive
111,59,72,232,62,6,191,40,22,183,187,192,250,65,14,3,188,211,negative
96,43,94,232,54,5,114,35,21,151,236,191,241,68,1,8,189,194,negative
80,42,86,232,63,8,127,30,20,157,219,191,247,66,0,0,184,210,negative
91,53,103,232,53,12,141,37,20,172,204,296,181,76,6,0,201,196,negative
95,42,85,174,66,9,153,44,19,144,168,347,150,65,11,5,196,204,negative 
89,35,70,138,58,7,126,53,17,128,147,237,112,64,4,19,199,207,negative 
90,50,112,165,72,7,199,30,17,136,179,552,220,59,0,13,186,209,positive
90,37,80,171,58,9,157,42,20,132,172,373,115,60,3,18,201,209,positive
85,55,65,232,63,7,149,30,25,151,206,312,250,62,19,0,192,201,negative
99,51,63,209,57,10,175,36,24,177,197,260,227,62,0,0,193,194,negative
99,40,63,234,67,5,193,50,18,142,136,637,211,67,0,7,200,205,positive
104,54,91,209,67,11,218,31,24,170,223,697,196,74,4,21,187,196,negative
96,48,59,223,51,10,152,32,20,182,199,304,250,71,17,0,182,204,negative
83,45,73,161,68,8,142,46,18,144,169,305,179,71,10,3,191,199,negative 
119,44,112,159,68,12,134,34,20,145,130,502,156,66,6,23,189,193,positive
91,41,84,141,57,9,149,45,19,143,170,330,158,72,9,14,189,199,negative 
83,39,69,127,54,5,135,49,18,131,155,274,162,69,16,6,187,190,negative
110,56,102,190,61,9,140,32,24,163,194,210,187,75,6,0,179,208,negative
89,40,79,154,64,9,144,46,19,139,168,311,149,71,8,7,188,197,negative 
91,35,112,234,71,6,119,30,25,152,207,268,224,63,0,0,191,196,positive
103,46,74,186,56,9,118,49,24,172,200,358,228,69,14,2,189,193,negative
104,53,74,218,59,11,114,40,24,148,131,357,139,73,5,9,179,206,negative
119,54,106,220,65,12,213,31,24,167,223,675,232,66,20,1,192,202,positive
94,49,61,203,57,5,114,31,19,138,131,676,150,75,20,1,200,204,negative
96,47,103,215,69,10,200,33,23,147,220,598,200,73,6,6,187,194,negative
90,36,85,184,64,6,160,41,20,125,187,385,139,66,9,31,195,203,positive
79,43,72,141,62,8,153,44,19,144,175,344,174,78,0,8,182,188,negative 
111,48,67,190,50,11,158,35,19,173,218,191,250,70,14,2,190,207,negative
106,48,107,202,61,10,207,32,24,153,227,635,200,70,5,28,190,203,positive
86,40,66,138,59,4,137,49,18,133,162,279,151,74,6,14,186,190,positive
85,37,80,158,59,8,153,44,19,126,179,348,136,69,6,21,191,197,negative
93,41,79,159,63,8,144,46,19,150,165,309,134,67,4,9,195,203,negative 
98,52,82,175,70,12,114,57,19,133,235,720,240,66,0,7,195,193,positive
106,54,105,164,48,5,247,27,27,165,269,891,243,84,12,1,181,182,negative 
84,38,83,141,54,7,149,45,19,132,177,327,149,74,6,29,185,191,positive
84,39,112,194,66,9,117,35,17,177,235,665,199,80,7,11,191,193,positive
91,47,110,163,66,7,182,30,23,121,209,580,239,68,10,29,192,195,positive
89,46,84,163,66,11,159,43,20,159,173,368,176,72,1,20,186,197,negative 
100,51,109,224,67,9,217,30,24,162,238,704,206,72,6,18,189,199,negative
86,49,112,174,65,11,115,30,19,149,182,238,168,59,7,0,191,209,positive
103,52,108,196,57,5,114,30,22,174,164,475,168,70,19,0,185,201,negative
94,43,82,136,54,10,155,43,19,149,176,359,161,74,1,6,186,197,negative 
88,44,77,167,59,6,151,44,19,145,175,343,177,64,9,12,202,208,negative
86,44,83,232,73,7,123,42,24,177,173,673,250,65,8,0,186,200,negative
84,54,112,167,67,12,114,50,20,162,163,446,129,66,0,0,203,211,positive
94,45,85,163,68,10,157,44,20,156,170,357,176,73,17,11,187,195,negative 
102,33,104,233,72,8,174,31,25,157,207,433,178,59,10,2,202,204,positive
110,51,104,191,57,12,213,31,24,162,226,674,190,68,18,2,191,199,positive
110,59,97,166,54,7,147,30,22,186,209,546,175,63,2,11,183,204,negative
97,43,72,164,68,11,210,41,19,139,141,512,115,64,18,0,194,200,positive
81,43,68,148,64,7,150,45,19,144,175,330,171,80,1,2,182,185,negative 
86,43,69,123,54,6,150,46,19,144,174,325,177,87,3,7,180,182,negative 
78,51,89,194,65,8,130,39,22,134,174,359,176,69,0,12,194,199,positive
93,40,112,215,67,7,188,47,18,141,130,218,177,69,10,0,186,206,positive
91,47,112,234,57,7,222,30,21,159,211,720,240,66,14,13,187,202,positive
76,50,77,110,53,6,180,30,24,169,131,632,162,65,5,0,186,202,negative
97,41,62,133,56,7,130,52,18,143,158,247,157,78,5,7,184,186,negative 
93,44,98,197,62,11,183,36,22,146,202,505,152,64,4,14,195,204,positive
106,53,98,176,54,10,216,31,24,171,235,691,218,74,1,9,187,197,positive
91,44,66,151,63,7,137,48,18,146,166,280,167,72,1,9,188,194,negative 
90,57,87,231,60,7,116,43,19,137,207,533,178,73,14,0,186,211,negative
91,59,80,232,59,12,146,44,24,177,206,264,227,68,19,16,179,211,negative
98,47,109,202,59,11,199,34,23,154,207,586,165,61,1,33,194,208,positive
87,37,52,116,54,6,115,58,17,126,135,196,144,74,11,22,186,190,negative 
108,53,104,181,56,11,220,31,25,167,226,712,214,72,15,18,189,199,positive
119,47,88,142,66,9,123,30,23,144,132,720,122,75,18,5,186,207,positive
102,59,85,214,51,6,159,30,19,134,134,757,189,67,0,6,180,200,negative
108,52,65,224,57,12,114,30,21,124,215,538,186,79,13,2,192,202,negative
99,55,101,206,62,13,222,30,25,180,225,722,213,71,2,3,186,196,negative
84,43,70,123,54,8,151,45,19,146,173,332,176,81,1,12,181,184,negative 
98,38,78,191,65,8,169,39,20,136,197,430,141,67,9,20,192,199,positive
119,42,94,197,63,11,211,32,24,158,231,695,201,72,0,0,193,193,positive
89,47,81,147,64,11,156,44,20,163,170,352,188,76,6,13,184,193,negative 
109,59,48,232,62,11,221,42,21,159,165,757,250,69,7,22,180,204,negative
85,36,92,173,70,11,192,30,22,137,139,434,140,60,12,0,197,189,positive
101,48,91,210,54,5,195,30,23,168,166,363,169,76,11,8,188,211,negative
104,46,108,234,73,10,112,32,18,146,214,553,232,64,3,0,193,194,positive
111,50,103,199,60,11,211,31,24,156,223,663,188,68,9,9,190,200,positive
89,56,110,225,70,6,222,30,18,124,149,548,224,63,12,5,188,211,positive
101,56,72,113,73,10,147,40,20,126,130,552,165,62,0,11,185,205,positive
90,39,86,169,62,7,162,41,20,131,194,388,147,74,1,22,185,191,negative
106,54,103,161,47,4,247,27,27,166,266,892,242,85,4,11,181,183,negative 
86,43,61,119,53,8,150,46,19,144,169,326,172,85,8,8,179,182,negative 
96,56,73,208,63,10,180,30,19,161,130,720,172,63,6,25,182,211,positive
106,53,98,203,63,11,220,30,25,167,228,710,214,71,10,24,188,197,negative
91,41,66,131,56,9,126,53,18,144,159,237,155,72,3,10,191,194,negative 
96,50,94,215,67,9,187,35,22,158,214,525,214,67,8,6,193,201,positive
86,44,78,164,68,9,142,46,18,147,168,305,171,70,1,11,190,201,negative 
107,53,108,211,63,11,219,31,25,168,228,704,198,69,10,21,190,203,positive
97,45,91,161,63,10,151,45,19,148,166,334,171,65,18,20,197,205,negative 
101,35,106,214,68,10,140,30,24,173,216,416,174,59,8,4,190,196,positive
100,36,94,188,63,10,120,30,20,160,208,663,220,67,2,0,203,198,positive
87,41,49,175,56,3,140,30,25,135,214,225,182,75,22,6,191,211,negative
107,46,97,170,57,13,134,34,24,183,218,711,240,67,12,7,193,202,negative
107,54,108,228,68,12,218,31,25,170,223,700,224,67,13,25,190,204,positive
84,50,108,153,73,11,187,61,22,150,160,720,167,74,1,17,190,200,positive
86,44,77,155,60,7,152,44,19,141,174,345,161,72,9,0,187,192,negative
87,40,81,162,68,10,146,46,19,139,167,317,157,70,0,13,189,199,negative 
104,53,108,204,64,11,220,31,25,172,226,707,203,71,14,30,189,203,positive
90,43,81,231,97,46,150,45,19,149,200,332,164,91,5,9,186,196,negative 
98,53,63,179,71,8,123,38,24,118,130,382,115,78,0,5,201,199,positive
97,46,94,209,67,10,195,34,22,147,224,573,194,70,0,14,188,197,negative
94,56,112,234,65,11,145,40,24,121,149,684,221,72,20,0,194,207,positive
94,55,81,234,57,8,181,31,20,151,235,607,186,67,6,31,194,196,positive
82,36,54,117,53,7,125,54,18,126,146,229,128,78,1,5,180,184,positive
88,34,69,152,57,5,138,48,18,122,158,284,120,62,9,29,204,210,negative
115,51,100,201,60,12,196,34,23,162,207,573,184,62,22,1,198,208,positive
102,54,98,177,56,10,219,31,25,171,219,706,223,72,5,17,186,196,negative
99,54,93,215,53,9,157,30,19,119,217,482,218,71,5,29,196,197,negative
99,47,91,226,74,5,202,32,23,148,234,629,186,79,4,11,192,191,negative 
104,55,107,222,68,11,218,31,24,173,232,703,229,71,3,10,188,199,positive
94,39,89,194,62,9,172,38,21,135,191,444,121,63,4,23,201,209,negative
105,52,107,207,60,11,218,31,24,167,221,701,197,66,0,20,191,203,negative
89,37,54,119,53,5,134,50,18,127,151,266,146,79,16,14,184,185,positive
79,40,80,133,55,7,147,47,19,135,172,311,144,76,8,30,181,193,negative
108,51,110,157,58,12,162,33,19,180,212,195,200,87,6,25,188,195,negative
105,33,112,204,72,5,222,47,19,136,177,375,191,65,1,20,189,198,positive
97,56,110,184,69,9,112,36,22,155,225,463,178,65,0,19,188,192,positive
97,41,81,232,55,12,175,32,20,186,193,480,199,74,20,0,183,190,negative
92,39,109,225,72,9,119,52,24,137,130,380,193,67,0,0,190,191,positive
111,53,112,208,66,7,193,31,23,166,167,425,141,62,2,39,184,204,positive
82,44,72,150,64,7,154,44,19,144,181,350,177,80,0,16,183,187,negative 
98,58,101,208,65,12,226,30,25,182,225,748,216,71,6,1,185,196,negative
87,39,74,152,58,6,151,44,19,136,174,337,140,70,1,33,187,196,positive
94,43,69,161,59,7,152,43,19,143,175,349,187,67,12,11,193,198,positive
84,38,60,128,56,5,132,50,18,130,148,261,141,75,8,4,185,188,negative
85,36,78,149,55,7,147,45,19,128,168,321,134,64,10,24,197,203,negative
80,43,71,133,60,7,150,45,19,146,170,330,176,81,6,15,180,184,negative 
82,45,68,150,69,5,148,45,19,144,169,322,184,80,5,0,181,184,negative 
99,51,92,203,65,5,209,31,24,159,232,671,214,78,5,11,191,189,negative 
100,49,44,182,54,6,193,30,25,139,180,191,142,73,20,2,188,199,negative
83,46,71,156,70,6,151,44,19,147,174,338,198,80,3,11,181,186,negative 
104,54,100,186,61,10,216,31,24,173,225,686,220,74,5,11,185,195,positive
90,38,79,185,69,6,160,40,20,130,178,393,133,66,2,14,198,205,negative 
84,44,77,150,59,5,152,44,19,143,175,344,177,77,8,2,183,187,positive
91,39,83,170,60,8,172,38,21,134,197,445,152,72,0,10,188,194,positive
96,52,109,205,73,7,222,38,22,154,199,716,164,64,0,9,188,189,positive
103,56,96,234,73,3,212,38,24,118,130,720,170,61,3,1,186,199,positive
89,38,77,161,62,7,149,45,19,129,174,327,153,71,6,21,188,193,positive
85,45,71,150,63,8,143,46,19,147,171,307,179,72,2,3,187,196,negative 
94,43,64,173,69,7,150,43,19,142,169,344,177,68,9,1,199,206,negative 
93,39,86,180,59,9,167,39,20,134,186,418,129,63,6,17,197,204,positive
99,53,105,219,66,11,204,32,23,165,221,623,224,68,0,6,191,201,positive
81,46,71,141,61,7,153,44,19,148,177,347,190,80,1,14,182,187,negative 
92,39,91,191,62,8,176,37,21,137,196,466,151,67,3,23,192,200,negative
95,43,71,159,64,6,145,45,19,141,169,322,171,67,8,4,195,200,negative 
103,55,100,194,62,11,212,31,24,175,217,666,219,73,10,14,187,194,negative
104,55,105,216,68,11,205,32,23,169,221,623,216,71,9,18,189,196,negative
94,50,84,138,57,10,156,44,20,170,171,351,187,77,5,6,182,191,negative 
91,44,75,221,57,7,190,38,24,142,164,443,211,66,9,5,183,202,positive
90,47,85,161,64,10,163,42,20,160,177,389,185,73,9,0,185,195,negative 
103,58,56,230,63,6,194,30,25,153,219,467,212,73,9,0,206,198,negative
95,47,81,176,59,7,168,39,20,152,196,425,185,67,4,4,191,198,positive
86,40,75,146,62,6,140,48,18,135,158,290,162,72,3,21,183,190,negative
96,43,82,161,55,5,186,34,22,141,215,534,162,75,0,6,195,196,negative 
98,45,101,216,64,8,144,38,18,171,198,537,132,68,4,0,188,191,negative
85,45,82,133,56,11,159,43,20,156,170,362,173,76,10,21,183,193,negative 
102,51,92,194,60,6,220,30,25,162,247,731,209,80,7,7,188,186,negative 
90,54,58,234,67,7,220,30,24,126,142,720,196,70,9,0,203,195,positive
88,37,63,130,58,5,125,54,18,130,141,230,145,74,14,20,184,188,positive
84,44,89,220,73,9,125,31,21,144,206,487,141,69,18,15,201,194,positive
108,49,109,204,61,11,212,31,24,159,229,665,215,71,16,11,190,199,positive
102,55,66,232,60,9,114,35,23,145,212,458,234,72,6,0,181,199,negative
106,57,80,221,52,7,201,32,20,170,227,195,204,61,7,0,200,201,negative
84,37,70,145,62,9,136,48,18,134,159,280,140,68,11,9,194,202,negative 
81,43,68,125,57,8,149,46,19,146,169,323,172,83,6,18,179,184,negative 
106,49,107,194,57,11,214,31,24,161,224,670,172,67,0,39,192,206,negative
93,39,63,146,58,7,128,52,18,134,149,246,158,63,9,7,198,204,positive
111,50,103,182,62,12,200,53,21,153,221,209,176,75,18,5,204,203,negative
93,37,73,174,68,7,151,43,19,131,175,347,135,68,1,22,196,205,negative 
108,55,105,230,68,11,218,30,24,171,228,709,210,69,14,4,190,197,negative
87,38,71,123,53,8,137,49,18,127,158,277,145,75,0,9,181,186,positive
95,45,80,186,62,7,164,40,20,145,188,406,178,65,11,18,199,204,negative
95,47,73,195,70,7,167,38,20,152,184,430,185,69,9,19,200,206,negative 
84,37,53,121,59,5,123,55,17,125,141,221,133,82,7,1,179,183,negative 
94,44,70,186,72,8,153,42,19,144,171,361,178,67,7,2,199,206,negative 
100,48,112,168,69,7,112,32,22,118,130,330,211,65,17,40,198,196,positive
91,45,79,176,59,9,163,40,20,148,184,404,179,62,0,10,199,208,positive
86,42,65,125,54,7,150,45,19,140,171,327,172,85,2,8,180,182,negative 
84,40,71,131,55,7,150,45,19,134,167,330,165,80,12,1,180,186,negative
90,48,86,306,126,49,153,44,19,156,272,346,200,118,0,15,185,194,negative 
99,53,108,212,62,9,222,30,23,175,184,480,190,77,20,32,191,198,positive
103,48,101,204,62,12,200,33,23,158,215,595,164,66,8,22,192,202,negative
79,38,55,120,55,5,142,48,19,128,153,295,145,81,4,2,180,183,positive
102,51,76,186,63,7,122,51,19,136,131,191,181,74,6,0,191,211,negative
106,52,98,207,73,10,191,30,18,134,206,544,193,70,12,0,197,209,positive
92,59,100,232,53,11,114,31,24,151,201,585,203,76,22,10,188,190,negative
94,47,85,333,138,49,155,43,19,155,320,354,187,135,12,9,188,196,negative 
93,46,110,212,57,8,118,39,18,138,131,191,158,84,4,9,193,206,negative
109,56,83,234,69,3,204,54,19,118,197,393,192,60,10,4,188,201,positive
97,53,105,225,71,12,221,30,25,167,226,713,202,70,3,20,186,200,positive
88,55,103,226,50,9,157,40,21,186,131,402,250,65,6,0,184,200,negative
101,52,101,197,62,9,188,35,22,162,208,527,203,67,14,15,193,202,positive
82,39,86,140,54,7,153,45,19,134,174,338,139,71,11,18,183,189,negative
92,56,112,159,64,12,175,37,19,157,226,184,167,62,1,24,187,200,positive
92,40,66,111,48,7,139,50,19,140,159,277,148,85,12,19,182,183,negative 
81,45,68,169,73,6,151,44,19,146,173,336,186,75,7,0,183,189,negative 
87,37,60,132,57,6,128,52,18,129,154,243,132,71,1,14,186,192,positive
98,39,68,136,56,8,131,52,18,144,159,251,134,72,4,10,186,187,negative 
101,47,103,198,59,11,198,43,22,174,220,430,226,73,2,2,187,195,negative
93,37,76,183,63,8,164,40,20,134,191,405,139,67,4,7,192,197,positive
100,44,93,193,62,8,186,35,22,147,202,521,151,66,0,2,193,198,negative
94,37,72,146,60,9,133,50,18,135,161,262,128,69,2,7,192,195,negative 
99,46,105,209,64,11,197,34,23,152,212,575,159,65,0,33,194,205,negative
80,45,71,128,56,7,151,45,19,147,171,337,176,79,3,16,181,187,negative 
109,49,103,186,57,11,206,32,23,156,212,630,186,65,12,21,192,201,negative
96,49,98,187,59,6,213,31,24,152,228,680,210,77,8,28,188,189,negative 
91,42,66,142,58,9,134,50,18,142,163,268,164,69,6,5,191,197,negative 
89,45,77,188,64,9,161,41,20,151,190,390,174,66,4,2,194,201,positive
85,47,75,121,53,9,157,44,20,165,168,358,176,77,1,7,182,191,negative 
104,48,52,152,51,10,139,33,23,183,217,377,212,71,3,2,188,197,negative
110,52,73,232,52,8,226,34,18,128,223,409,204,83,4,8,206,203,negative
101,56,100,204,62,12,227,30,25,178,231,757,204,73,0,11,186,197,negative
