99,50,104,164,56,11,155,41,21,188,225,510,199,67,0,16,196,194,negative
97,44,104,232,55,10,141,30,25,161,161,723,114,64,2,27,204,185,negative
85,51,97,104,59,10,112,41,22,138,235,624,209,78,15,0,187,211,positive
94,37,73,186,71,7,154,42,19,127,171,362,132,67,2,8,197,206,negative 
93,41,110,199,50,11,188,30,24,188,226,456,180,77,0,2,202,190,negative
105,51,105,197,60,11,191,35,22,162,207,545,194,64,18,4,196,205,positive
96,52,104,222,67,9,198,33,23,163,217,589,226,67,12,20,192,201,negative
95,37,71,171,61,9,157,43,20,134,178,365,125,63,5,40,196,208,positive
108,58,107,192,63,12,219,30,22,188,237,191,171,71,4,7,199,191,negative
100,55,56,207,68,9,225,34,17,186,241,433,114,61,14,10,188,193,negative
100,52,104,189,59,10,208,32,24,163,220,642,197,70,1,22,187,198,positive
77,38,63,135,59,5,130,52,18,130,145,247,139,79,13,21,183,187,negative
109,45,69,210,50,13,184,31,25,159,175,394,169,80,6,0,205,211,negative
100,47,88,190,60,10,171,38,21,155,186,440,169,59,15,18,201,210,positive
97,45,88,173,67,10,157,43,20,157,173,365,157,67,8,12,192,200,negative 
90,34,66,136,55,6,123,54,17,118,148,224,118,65,5,26,196,202,positive
89,41,75,162,66,5,153,43,19,136,175,352,154,72,2,0,188,195,negative 
86,45,70,122,56,7,148,45,19,144,170,324,186,84,9,5,180,183,negative 
116,55,74,119,64,9,221,31,22,140,167,721,174,76,19,0,188,208,positive
80,43,68,123,53,7,150,46,19,147,169,327,176,81,7,14,179,184,negative 
107,54,98,203,65,11,218,31,25,167,229,696,216,72,1,28,187,199,positive
95,46,105,219,68,9,201,33,23,148,223,602,201,69,5,38,191,202,negative
104,58,103,230,69,11,219,30,25,176,231,716,246,71,7,4,187,196,negative
85,38,75,132,54,7,147,46,19,131,171,318,145,75,7,25,183,188,positive
107,56,104,231,71,11,219,31,25,172,226,705,217,71,19,11,189,196,positive
94,45,85,163,68,10,157,44,20,156,170,357,176,73,17,11,187,195,negative 
91,42,66,142,58,9,134,50,18,142,163,268,164,69,6,5,191,197,negative 
99,51,92,203,65,5,209,31,24,159,232,671,214,78,5,11,191,189,negative 
90,41,71,169,68,7,150,44,19,138,175,336,157,71,3,18,192,197,negative 
93,37,70,126,52,9,127,53,18,137,156,238,119,71,2,13,191,190,negative 
91,40,98,192,64,9,177,38,21,135,194,465,165,66,9,35,195,205,positive
88,38,77,156,56,7,163,41,20,129,184,395,140,67,1,9,192,198,negative
91,39,72,133,55,7,146,46,19,132,170,314,149,77,9,18,184,189,positive
83,43,80,170,54,7,167,31,24,152,224,721,172,75,20,8,193,198,positive
83,56,68,181,66,8,222,42,21,149,208,627,173,67,22,5,191,196,positive
96,41,77,177,64,5,177,36,21,134,205,485,148,74,0,4,196,198,negative 
117,52,110,228,65,12,212,31,24,163,228,668,220,66,21,25,194,205,positive
100,50,81,197,67,6,186,34,22,158,206,531,198,74,6,1,197,198,negative 
96,55,103,201,65,9,204,32,23,166,227,624,246,74,6,2,186,194,negative
98,38,70,125,52,8,130,53,18,139,157,243,132,74,0,13,186,185,negative 
100,45,100,209,65,8,201,32,23,147,231,611,189,72,5,5,189,195,negative
90,49,83,187,63,7,176,37,21,154,205,467,222,70,1,2,189,195,positive
106,47,110,226,62,12,114,34,19,140,194,191,192,69,19,4,206,196,negative
73,56,70,232,61,10,227,38,19,170,209,191,114,70,4,9,193,207,negative
110,58,99,110,61,11,208,34,19,150,189,201,155,72,18,0,196,204,negative
100,58,109,230,70,11,226,30,25,182,234,752,207,72,0,13,187,198,negative
103,54,107,189,56,11,223,30,25,174,225,729,200,70,0,29,187,201,negative
91,39,77,153,59,8,139,48,18,139,159,289,123,62,8,17,201,209,negative 
102,45,83,198,65,5,194,33,22,146,225,576,167,79,0,27,193,191,negative 
107,54,108,228,68,12,218,31,25,170,223,700,224,67,13,25,190,204,positive
97,44,74,215,51,9,202,46,22,144,219,282,240,72,10,9,194,206,positive
106,49,96,201,61,10,181,36,21,158,197,494,180,62,19,15,202,209,negative
101,56,100,168,55,11,214,31,24,175,219,681,224,74,2,3,185,192,negative
82,41,70,155,64,7,148,45,19,138,172,328,152,72,5,17,187,195,negative 
74,39,96,169,68,12,194,31,25,181,217,191,144,69,0,16,206,198,negative
82,37,59,134,63,7,135,51,18,128,151,264,143,82,11,24,179,185,positive
92,37,80,180,67,8,154,43,19,129,180,353,144,69,6,9,190,195,positive
97,41,88,184,59,9,175,38,21,140,192,459,147,63,1,5,196,205,positive
78,33,92,104,59,11,193,59,22,171,235,320,206,69,22,5,190,196,positive
89,38,65,148,70,4,179,43,21,143,160,422,240,62,3,2,196,209,positive
86,43,68,152,62,7,150,44,19,142,179,337,164,75,4,9,188,192,negative 
112,50,104,197,58,11,208,32,24,159,223,639,186,67,15,22,191,202,positive
91,36,60,126,56,6,119,56,17,130,139,211,118,67,6,14,192,198,negative 
92,43,70,124,52,6,139,49,18,144,164,282,172,79,4,16,183,185,negative 
88,44,71,145,56,8,142,48,19,143,159,296,174,68,7,18,188,197,negative
91,45,76,171,69,7,150,44,19,144,170,340,179,69,12,1,195,201,negative 
103,54,107,218,64,12,222,30,25,174,221,728,199,67,0,18,189,200,negative
97,47,85,175,62,11,125,32,21,145,235,721,240,80,22,9,194,189,positive
94,45,81,166,67,9,145,46,19,147,164,313,179,66,11,14,194,202,negative 
99,36,59,106,57,11,125,42,25,145,227,579,188,75,20,0,192,198,positive
91,36,72,162,60,8,150,44,19,133,166,334,121,63,2,22,196,205,positive
94,43,68,170,67,6,142,46,18,142,164,310,177,65,10,8,198,203,negative 
86,55,105,119,55,7,191,35,25,134,168,184,166,76,22,12,191,208,positive
102,52,98,225,71,10,214,31,24,164,228,682,199,71,0,16,187,196,negative
106,53,98,203,63,11,220,30,25,167,228,710,214,71,10,24,188,197,negative
97,44,56,193,62,11,217,43,20,149,204,423,220,77,22,11,180,190,positive
111,40,108,150,64,13,194,34,22,188,131,601,168,73,9,0,206,201,negative
94,46,91,175,70,12,157,43,20,155,172,358,192,69,15,21,190,200,negative 
101,56,104,185,53,6,257,26,28,168,275,956,230,83,5,26,180,184,negative 
100,41,75,205,71,5,176,36,21,138,204,479,151,72,7,19,197,197,negative 
97,49,76,203,73,7,178,36,21,157,194,487,186,72,0,7,197,200,negative 
79,43,76,156,65,11,227,30,19,176,216,699,173,80,2,0,199,195,negative
84,54,79,125,60,7,212,36,23,153,219,184,228,72,13,7,187,211,positive
90,39,57,114,48,7,135,51,18,139,155,261,151,85,12,8,183,182,negative 
90,56,96,114,55,10,188,30,20,140,237,341,167,75,7,28,186,198,negative
99,41,110,201,51,11,181,33,24,178,146,352,142,86,1,0,202,201,negative
108,51,103,197,60,11,211,31,24,160,222,661,187,67,7,3,190,200,negative
109,47,96,206,64,9,198,33,23,150,219,586,191,70,4,13,190,198,positive
93,40,62,117,49,7,131,52,18,145,160,249,156,78,8,6,184,184,negative 
106,52,107,211,62,8,200,33,23,161,218,602,200,67,9,17,194,201,negative
91,39,88,189,63,9,175,38,21,132,197,457,156,69,0,23,191,198,positive
88,34,58,140,59,6,127,52,18,130,148,243,113,63,4,10,199,206,negative 
87,39,74,152,58,6,151,44,19,136,174,337,140,70,1,33,187,196,positive
105,51,93,160,51,7,217,30,24,165,240,703,208,81,9,25,188,188,negative 
100,50,98,204,63,6,218,30,24,156,232,719,213,77,8,7,189,189,negative 
82,44,72,150,64,7,154,44,19,144,181,350,177,80,0,16,183,187,negative 
105,44,69,192,65,6,114,30,20,188,156,535,163,69,14,17,192,203,negative
94,49,79,203,71,5,174,37,21,154,196,465,206,71,6,2,197,199,negative 
85,43,66,123,55,7,150,45,19,146,172,326,173,83,4,15,180,183,negative 
105,51,80,207,71,6,195,33,22,159,214,579,188,75,6,20,194,194,negative 
97,39,91,133,53,4,177,61,22,174,214,184,221,72,20,4,187,211,positive
96,55,98,161,54,10,215,31,24,175,226,683,221,76,3,6,185,193,negative
84,42,76,156,64,7,151,44,19,143,179,339,157,75,0,20,187,193,negative 
93,42,99,187,68,11,114,40,21,163,239,553,119,66,19,20,190,184,negative
99,43,89,195,63,8,186,35,22,144,210,521,166,68,6,13,191,199,positive
76,52,64,168,64,13,218,52,24,188,165,191,114,64,0,8,190,193,negative
102,50,110,154,59,12,205,30,23,185,219,453,167,69,9,0,206,198,negative
92,38,71,174,66,7,154,43,19,133,181,355,130,70,4,24,189,195,positive
81,52,58,190,54,9,189,44,22,119,235,500,240,62,15,0,184,207,positive
115,53,100,205,64,11,220,30,25,166,229,710,214,71,21,11,189,199,positive
95,48,104,214,67,9,205,32,23,151,227,628,202,74,5,9,186,193,negative
80,40,84,172,51,9,135,52,20,174,188,487,217,75,15,2,188,182,positive
87,41,76,165,67,7,148,45,19,140,171,327,152,72,7,13,188,195,negative 
91,42,84,209,75,6,171,38,20,138,189,446,161,69,3,12,196,201,negative 
86,46,70,149,65,8,149,45,19,146,170,331,185,77,6,6,183,188,negative 
89,40,77,159,65,9,144,46,19,141,168,314,143,70,0,5,190,200,negative 
85,33,50,104,53,4,115,59,17,118,136,193,127,83,1,30,179,185,positive
96,46,74,202,74,5,163,39,20,149,185,408,191,70,7,8,196,200,negative 
98,54,104,186,59,10,213,32,24,172,223,665,217,73,1,26,186,195,negative
80,43,71,133,60,7,150,45,19,146,170,330,176,81,6,15,180,184,negative 
95,53,95,202,65,10,193,34,22,160,220,559,237,71,3,2,188,196,positive
85,34,53,127,58,6,116,58,17,121,137,197,127,70,3,20,185,189,positive
98,44,88,176,67,10,158,43,20,149,173,367,154,66,14,9,194,202,negative 
99,49,64,153,54,10,181,50,24,139,235,679,156,62,22,11,186,210,positive
81,45,68,169,73,6,151,44,19,146,173,336,186,75,7,0,183,189,negative 
109,54,103,220,66,11,214,31,24,167,229,677,212,70,1,23,188,201,positive
80,44,89,125,56,6,118,45,21,169,235,335,167,75,2,5,189,203,positive
91,36,83,162,61,8,142,47,19,128,163,298,137,63,0,31,193,200,positive
83,44,93,205,53,9,155,30,25,184,240,720,139,72,0,11,205,193,negative
85,36,72,127,56,7,127,54,18,125,144,233,123,70,3,30,184,194,negative
106,56,95,105,65,10,184,45,19,144,235,187,199,71,13,0,196,200,positive
91,36,77,157,56,7,155,42,19,126,177,361,123,65,8,15,195,201,positive
106,49,106,211,64,9,208,32,24,158,224,645,184,68,1,24,190,202,positive
110,56,103,223,64,5,250,26,27,169,280,928,239,85,4,6,184,183,negative 
102,48,105,214,64,10,201,33,23,152,214,600,178,64,0,25,192,204,positive
109,34,90,203,53,13,212,52,23,149,190,348,165,67,10,2,196,206,negative
101,55,107,200,61,11,225,30,25,178,228,730,204,74,8,35,187,201,negative
90,43,72,157,64,8,136,49,18,145,158,279,167,64,4,6,201,209,negative 
90,34,66,158,59,7,140,47,18,124,165,298,117,61,1,3,201,207,positive
89,45,85,149,59,11,158,43,20,158,177,362,173,75,12,16,183,193,negative 
100,43,73,112,51,4,151,37,23,152,220,184,193,70,22,13,182,211,positive
91,42,80,162,66,8,148,44,19,145,171,331,147,70,3,5,189,199,negative 
107,52,103,186,57,11,214,31,24,162,217,676,189,66,6,5,189,198,negative
107,57,106,179,51,8,257,26,28,172,275,954,232,83,2,20,181,184,negative 
82,37,66,126,54,7,132,52,18,127,148,252,142,72,17,7,183,187,positive
104,43,40,128,67,12,148,44,21,127,219,686,224,76,17,4,203,190,positive
104,53,94,191,64,13,195,30,19,161,226,403,169,68,0,3,192,198,negative
100,58,99,211,74,13,210,30,19,188,232,597,178,67,19,4,192,198,negative
82,43,73,154,65,7,151,44,19,143,178,341,160,76,5,11,185,189,negative 
90,51,94,110,66,9,135,31,21,185,229,558,195,71,0,14,181,197,negative
106,55,80,163,65,12,135,30,22,182,236,191,179,68,2,15,187,200,negative
79,40,66,150,54,9,141,46,18,174,235,585,210,71,19,0,189,211,positive
83,46,73,137,59,6,148,45,19,146,167,327,183,75,8,0,185,191,negative 
90,47,73,136,58,11,161,42,20,153,172,376,185,77,11,8,183,191,negative 
85,37,80,158,59,8,153,44,19,126,179,348,136,69,6,21,191,197,negative
80,36,79,211,66,8,211,30,19,170,241,432,164,74,5,24,201,187,negative
90,41,62,147,60,6,128,52,18,141,149,246,157,61,13,4,201,208,negative 
88,46,76,176,60,10,210,39,18,133,225,478,174,72,22,0,194,194,negative
104,37,73,206,52,13,216,30,21,156,241,757,168,74,3,2,190,185,negative
108,54,103,212,65,11,208,32,24,162,228,648,240,71,9,0,189,197,positive
95,43,76,142,57,10,151,44,19,149,173,339,159,71,2,23,187,200,negative 
103,46,106,209,66,10,203,33,23,149,217,612,210,70,9,10,191,199,positive
97,49,75,112,57,13,220,30,23,188,190,191,167,69,8,0,200,202,negative
100,51,109,224,67,9,217,30,24,162,238,704,206,72,6,18,189,199,negative
105,55,110,186,60,13,223,36,18,171,213,472,150,73,6,15,199,198,negative
94,38,88,179,60,7,170,39,21,131,188,435,144,66,2,28,195,204,positive
106,54,105,164,48,5,247,27,27,165,269,891,243,84,12,1,181,182,negative 
93,42,64,123,51,7,135,51,18,144,164,262,155,78,16,12,185,185,negative 
90,39,86,169,62,7,162,41,20,131,194,388,147,74,1,22,185,191,negative
96,37,74,187,68,8,159,42,20,134,183,378,134,69,3,16,190,197,positive
80,43,68,120,54,8,150,45,19,145,171,329,176,85,4,8,179,183,negative 
78,40,95,104,51,10,210,31,23,152,232,658,238,76,20,3,185,204,positive
85,45,82,133,56,11,159,43,20,156,170,362,173,76,10,21,183,193,negative 
108,53,103,202,64,10,220,30,25,168,224,711,214,73,11,10,188,199,positive
97,48,105,212,64,11,201,33,23,155,212,602,162,64,2,7,193,202,negative
85,42,66,120,53,7,149,46,19,143,169,321,160,85,10,7,180,182,negative 
90,48,57,159,61,10,169,39,19,174,220,555,240,73,16,7,197,211,positive
86,44,78,164,68,9,142,46,18,147,168,305,171,70,1,11,190,201,negative 
101,42,62,175,67,6,149,43,19,139,169,341,165,65,7,11,202,209,negative 
92,38,74,178,62,9,161,41,20,135,181,388,132,63,7,29,197,206,negative
91,43,88,157,61,9,149,45,19,157,165,326,140,64,1,26,197,207,negative 
94,42,68,150,64,7,128,52,18,143,154,246,159,69,14,5,192,196,negative 
95,57,104,228,74,10,212,31,24,175,224,670,223,74,0,4,186,193,negative
85,36,51,115,56,5,119,57,17,124,139,207,127,81,13,5,181,184,negative 
103,41,60,152,61,9,138,30,18,156,236,581,213,87,0,4,199,195,negative
86,56,86,104,52,10,131,46,19,158,173,529,184,77,18,16,188,206,positive
88,39,70,166,66,7,148,44,19,134,167,332,143,69,5,13,193,201,negative 
95,41,40,179,60,7,222,42,18,159,170,360,151,76,19,4,191,201,positive
107,57,106,172,50,6,255,26,28,169,280,957,264,85,5,9,181,183,negative 
90,48,85,157,64,11,161,43,20,167,175,375,186,74,3,16,185,195,negative 
89,47,83,169,61,8,164,40,20,150,189,402,190,72,7,10,187,193,positive
105,44,81,218,54,13,207,39,20,167,233,727,159,68,12,21,200,202,negative
88,39,68,187,60,9,155,45,23,156,194,652,240,81,18,0,193,206,positive
79,40,80,133,55,7,147,47,19,135,172,311,144,76,8,30,181,193,negative
93,43,78,166,59,7,151,44,19,141,182,342,174,68,15,2,193,197,negative
83,37,49,112,55,5,122,55,17,128,144,219,146,85,8,16,180,184,negative 
85,43,66,123,56,6,148,46,19,145,166,319,171,85,6,11,179,182,negative 
99,48,79,199,68,6,185,35,22,153,202,524,171,74,5,8,195,195,negative 
85,52,63,204,52,13,174,33,22,188,177,420,162,76,11,1,188,186,negative
97,38,75,188,68,6,171,37,20,129,199,450,137,74,2,6,197,199,negative 
85,43,64,128,56,8,150,46,19,144,168,324,173,82,9,14,180,184,negative 
98,46,77,199,71,7,166,39,20,150,184,422,180,69,13,9,200,203,negative 
84,44,65,128,55,8,150,46,19,148,169,325,176,82,1,11,179,183,negative 
83,49,107,187,63,12,208,30,21,188,239,323,206,70,12,1,190,187,negative
86,43,66,130,56,7,152,44,19,142,177,340,173,81,6,14,181,185,negative 
97,45,91,161,63,10,151,45,19,148,166,334,171,65,18,20,197,205,negative 
93,41,107,177,66,12,227,30,20,188,213,586,178,64,4,16,202,189,negative
78,54,106,104,52,11,139,61,21,139,235,453,236,77,10,1,180,210,positive
91,52,95,109,57,8,205,36,24,143,235,595,205,73,9,8,203,211,positive
93,51,90,209,69,8,183,36,22,156,211,506,230,70,6,1,189,196,positive
87,43,40,104,69,10,213,35,19,119,234,381,232,70,7,26,191,200,positive
94,58,110,208,64,8,227,31,24,142,219,281,172,75,0,4,194,183,negative
97,48,94,198,63,9,181,36,21,155,200,494,189,64,20,11,199,203,negative
91,35,104,179,66,11,227,46,17,161,188,561,115,70,12,0,184,195,negative
108,41,43,179,51,11,142,55,24,144,231,479,240,78,22,40,191,208,positive
105,38,94,204,60,10,149,30,18,141,241,589,201,72,2,0,197,191,negative
94,37,74,169,59,7,162,41,20,133,178,394,130,63,6,6,198,204,negative
88,45,82,155,56,8,154,43,19,149,180,357,170,69,3,0,188,193,positive
85,45,71,150,63,8,143,46,19,147,171,307,179,72,2,3,187,196,negative 
91,37,76,138,55,8,132,51,18,135,157,256,124,69,0,12,191,192,negative 
90,46,80,143,62,11,159,43,20,156,169,366,186,74,17,7,185,193,negative 
91,41,64,148,61,8,129,51,18,142,161,249,153,68,6,12,194,201,negative 
103,49,100,194,60,10,185,35,22,160,202,518,178,62,13,8,198,208,positive
99,41,77,197,69,6,177,36,21,139,202,485,151,72,4,10,198,199,negative 
74,40,103,202,55,9,227,30,22,180,234,494,182,87,19,8,198,191,negative
86,41,40,180,53,8,174,42,19,170,224,600,240,79,12,13,199,197,positive
104,55,105,216,68,11,205,32,23,169,221,623,216,71,9,18,189,196,negative
94,53,68,104,57,9,170,46,21,143,223,689,236,74,22,2,200,211,positive
115,52,100,203,62,10,217,31,24,165,229,697,214,72,14,4,188,197,positive
82,52,100,115,60,5,171,34,22,141,198,302,160,72,22,1,187,188,positive
82,38,53,125,59,5,133,51,18,128,152,259,146,87,0,0,177,183,negative
81,46,71,141,61,7,153,44,19,148,177,347,190,80,1,14,182,187,negative 
104,54,101,197,64,11,213,31,24,172,218,669,222,74,14,4,187,196,positive
92,39,65,183,70,8,166,30,17,188,240,500,154,73,19,4,202,202,negative
106,54,101,222,67,12,222,30,25,173,228,721,200,70,3,4,187,201,positive
73,49,74,209,69,11,210,30,19,188,213,417,164,61,0,0,187,194,negative
95,47,81,176,59,7,168,39,20,152,196,425,185,67,4,4,191,198,positive
91,58,110,209,69,13,217,30,22,175,241,596,120,72,17,0,186,201,negative
100,54,102,206,65,10,198,33,23,164,224,587,240,72,4,11,187,196,positive
82,49,100,160,68,8,168,30,18,173,230,191,155,71,16,8,194,209,negative
93,39,100,190,68,10,192,32,21,188,222,191,141,71,7,2,206,194,negative
100,58,110,160,65,6,202,46,18,148,222,669,184,64,10,19,188,198,negative
99,55,101,219,68,10,224,30,25,178,228,737,213,74,11,20,187,196,negative
87,38,85,177,61,8,164,40,20,129,186,402,130,63,1,25,198,205,negative
95,56,101,150,56,6,201,57,25,126,235,644,188,75,22,0,192,207,positive
90,49,85,141,57,11,159,43,20,167,173,365,186,75,1,11,182,192,negative 
86,39,62,129,59,6,116,57,17,135,137,203,145,64,7,9,199,204,negative 
88,39,76,155,62,8,137,48,18,137,156,281,124,63,3,6,201,209,negative 
96,46,88,174,68,10,155,43,19,148,173,354,182,69,14,15,194,202,negative 
92,41,66,125,52,7,139,50,18,143,160,275,161,81,7,19,182,184,negative 
85,44,70,205,103,52,149,45,19,144,241,325,188,127,9,11,180,183,negative 
86,34,62,140,61,7,122,54,17,127,141,223,112,64,2,14,200,208,negative 
88,35,48,104,51,9,152,42,23,147,204,594,208,65,0,0,194,201,positive
96,39,99,161,62,10,223,30,17,185,236,282,162,74,17,20,199,196,negative
88,34,69,152,57,5,138,48,18,122,158,284,120,62,9,29,204,210,negative
89,47,80,131,54,11,160,43,20,163,175,369,174,77,1,7,182,193,negative 
93,47,84,205,71,7,176,36,21,152,190,476,201,70,7,19,198,201,negative 
91,46,75,185,75,7,154,42,19,147,178,362,192,72,8,8,192,199,negative 
102,51,104,217,67,10,204,32,23,162,220,621,195,68,3,19,188,197,positive
90,50,90,188,61,10,181,36,21,158,211,492,220,69,6,19,191,199,positive
76,40,89,198,60,13,217,31,24,186,241,584,153,75,0,15,199,203,negative
102,41,103,104,62,10,204,36,24,174,232,663,238,83,13,19,197,202,positive
87,42,60,116,51,6,150,46,19,141,169,324,171,85,2,14,178,182,negative 
93,42,88,188,62,10,183,36,21,141,208,504,168,70,3,12,189,197,negative
87,42,70,139,59,7,149,45,19,142,177,327,156,78,6,9,185,188,negative 
84,37,40,116,60,10,210,30,20,140,228,405,213,75,21,3,192,190,positive
104,52,96,188,59,9,188,35,22,161,206,530,205,67,11,8,193,200,negative
84,38,60,128,56,5,132,50,18,130,148,261,141,75,8,4,185,188,negative
84,38,83,141,54,7,149,45,19,132,177,327,149,74,6,29,185,191,positive
98,35,70,182,68,5,155,41,19,124,184,371,117,71,3,22,202,205,negative 
94,49,87,137,54,11,158,43,20,162,178,366,186,75,5,5,183,194,negative 
97,47,88,183,60,7,197,33,23,148,214,596,201,74,8,0,192,191,negative 
110,58,106,180,51,6,261,26,28,171,278,998,257,83,9,13,181,182,negative 
85,42,64,121,55,7,149,46,19,146,167,323,172,85,1,6,179,182,negative 
92,38,60,130,62,5,114,58,17,132,135,194,137,72,14,5,190,194,negative 
89,42,72,173,58,4,156,40,24,174,224,562,240,72,6,4,192,202,positive
101,53,91,194,65,6,204,32,23,161,231,636,214,78,5,14,192,192,negative 
96,37,74,199,74,5,165,39,20,128,188,419,136,72,1,3,196,200,negative 
85,44,75,207,67,13,174,30,24,170,241,240,145,69,9,0,206,196,negative
86,45,71,170,70,6,146,45,19,146,172,321,189,71,10,8,187,191,negative 
98,39,68,121,49,7,134,51,18,142,164,261,134,75,4,1,186,186,negative 
96,43,44,152,58,8,122,39,19,136,235,492,177,78,8,4,192,205,positive
108,52,109,182,55,12,216,31,24,171,229,687,214,72,10,28,189,201,positive
109,49,109,140,59,13,221,42,19,179,241,606,147,68,12,0,206,199,negative
112,50,110,186,56,11,214,31,24,159,232,676,203,71,18,27,191,202,positive
105,56,76,127,60,4,200,36,21,153,212,267,175,80,22,16,179,203,positive
87,34,80,216,61,9,126,43,24,188,241,413,167,71,9,8,199,192,negative
103,52,103,170,52,7,236,28,26,160,254,816,250,82,3,23,183,184,negative 
78,44,72,125,68,4,152,31,20,139,200,184,240,79,9,0,193,201,positive
92,43,69,158,56,7,149,44,19,143,170,333,168,63,14,18,198,203,negative
98,44,65,167,50,9,191,30,24,188,171,524,201,75,7,10,203,211,negative
95,34,49,104,65,10,169,46,25,139,229,235,228,70,22,2,201,208,positive
100,52,109,225,68,10,222,30,25,165,241,731,207,73,7,28,188,199,negative
88,54,47,104,56,6,190,41,21,147,222,543,148,70,22,2,191,210,positive
80,34,42,110,57,3,114,59,17,119,131,191,121,87,4,7,179,183,negative
98,50,90,192,63,9,177,37,21,155,195,472,197,65,10,1,193,201,positive
94,48,83,162,64,10,156,43,19,153,177,357,187,74,4,14,185,196,negative 
97,44,95,202,66,9,188,35,22,144,216,526,175,72,15,11,190,197,positive
89,44,72,160,66,7,144,46,19,147,166,312,169,69,11,1,191,198,negative 
77,38,75,144,59,6,147,46,19,132,167,315,136,80,16,20,181,187,negative
105,54,96,185,57,10,219,30,25,170,231,706,217,75,5,12,187,195,negative
109,48,107,215,62,10,205,32,23,158,222,624,168,65,9,32,195,206,negative
83,44,70,166,69,5,143,46,18,143,166,306,170,69,7,6,188,193,negative 
94,52,112,131,54,10,208,42,23,155,235,462,175,72,22,2,190,201,positive
109,49,109,193,59,10,207,32,24,156,225,635,213,70,13,31,191,202,positive
81,45,68,154,69,22,151,45,19,147,186,335,186,88,1,10,180,185,negative 
109,52,95,189,58,4,227,29,25,158,262,776,217,82,0,19,187,186,negative 
104,53,108,204,64,11,220,31,25,172,226,707,203,71,14,30,189,203,positive
84,56,100,227,62,12,152,32,23,179,216,757,172,82,12,0,201,184,negative
104,49,89,168,54,4,212,31,24,153,238,682,198,78,1,23,190,189,negative 
83,37,54,118,55,4,129,52,18,127,146,245,140,81,4,13,180,184,positive
96,41,109,104,69,6,198,58,23,149,235,234,195,67,3,0,191,211,positive
96,45,101,201,66,9,192,34,22,143,218,552,195,73,3,19,189,197,positive
97,42,97,104,51,7,212,43,24,150,215,628,142,75,13,2,198,199,positive
97,37,70,173,66,7,151,43,19,129,167,346,119,65,0,16,201,208,negative 
91,41,74,224,74,12,182,30,25,128,241,629,128,67,22,3,192,195,negative
85,42,66,120,53,7,149,45,19,145,173,325,163,85,5,4,180,182,negative 
102,54,106,221,68,11,207,32,24,164,228,638,238,71,0,26,189,200,positive
94,46,77,169,60,8,158,42,20,148,181,373,181,67,12,2,193,199,positive
104,56,40,203,62,11,150,40,20,135,219,417,180,70,22,41,189,206,positive
88,40,69,146,59,7,130,51,18,134,147,252,144,64,1,1,193,200,negative
96,45,80,162,63,9,146,46,19,148,161,316,161,64,5,10,199,207,negative 
86,54,106,179,58,6,135,52,25,171,235,184,203,77,5,0,190,205,positive
88,36,77,104,51,9,209,60,18,150,130,561,178,79,17,2,191,211,positive
104,52,101,206,62,10,198,33,23,161,207,587,204,64,2,5,195,204,negative
93,42,50,177,54,9,186,40,22,128,205,216,196,77,4,16,201,193,positive
84,41,81,167,68,11,172,36,25,180,209,757,188,68,12,18,204,190,negative
84,58,101,110,57,13,161,30,23,188,229,191,159,71,6,15,183,199,negative
89,47,81,147,64,11,156,44,20,163,170,352,188,76,6,13,184,193,negative 
98,44,78,160,63,8,142,47,18,148,160,300,171,63,19,2,201,207,negative 
88,43,70,177,74,19,152,44,19,143,180,342,168,76,1,9,186,189,negative 
106,57,107,235,67,6,262,26,28,171,285,987,260,86,9,31,180,184,negative 
97,41,92,197,63,10,179,37,21,140,197,481,136,63,4,3,197,204,negative
86,40,62,140,62,7,150,45,19,133,165,330,173,82,2,3,180,185,positive
98,46,88,191,63,6,192,34,22,147,215,563,174,73,2,26,194,197,negative 
95,51,96,196,63,9,190,35,22,161,208,543,235,68,13,0,191,198,negative
92,46,79,176,64,8,162,41,20,149,183,396,178,67,2,10,191,198,negative
97,45,76,175,60,9,157,42,20,149,180,370,169,63,16,12,198,206,positive
100,51,109,231,70,11,220,30,25,163,238,722,206,73,11,19,189,198,negative
97,47,107,192,64,13,153,42,19,157,225,227,125,76,0,0,185,185,negative
86,54,64,104,54,5,169,53,18,151,227,414,171,76,4,0,186,205,positive
92,40,82,163,63,9,146,45,19,140,165,319,137,64,9,0,199,206,negative 
100,46,104,184,60,9,197,34,23,147,222,578,198,73,13,13,189,197,positive
100,41,71,113,66,11,154,32,19,144,235,403,170,72,22,17,193,211,positive
76,41,108,198,63,13,170,40,21,188,239,373,155,74,6,30,176,197,negative
100,46,81,187,61,9,166,40,20,154,189,415,175,63,13,9,198,207,positive
108,56,102,246,75,6,239,28,26,167,264,855,228,82,9,13,186,185,negative 
103,48,101,204,62,12,200,33,23,158,215,595,164,66,8,22,192,202,negative
93,43,78,162,64,8,137,48,18,145,156,281,159,63,17,12,203,210,negative 
89,48,85,189,64,8,169,39,20,153,188,427,190,64,16,5,195,201,positive
100,49,80,206,70,6,183,35,21,156,206,517,198,73,3,13,198,199,negative 
86,43,70,126,56,6,148,46,19,145,166,317,171,86,6,9,179,182,negative 
86,38,86,175,60,9,170,39,21,134,191,433,138,68,1,28,191,199,positive
78,41,96,188,62,9,139,33,19,140,152,521,215,74,15,13,182,206,positive
99,38,74,184,66,6,164,39,20,131,193,414,137,71,2,22,200,202,negative 
83,36,54,119,57,6,128,53,18,125,143,238,139,82,6,3,179,183,positive
84,40,71,131,55,7,150,45,19,134,167,330,165,80,12,1,180,186,negative
90,40,77,208,52,7,170,46,18,162,221,482,217,76,6,7,205,196,negative
92,40,66,111,48,7,139,50,19,140,159,277,148,85,12,19,182,183,negative 
115,54,47,104,51,8,222,58,17,149,199,321,199,86,12,29,187,209,positive
101,48,107,222,68,10,208,32,24,154,232,641,204,70,5,38,190,202,negative
100,48,95,209,68,7,199,32,23,150,216,605,200,73,7,11,192,194,negative 
89,44,70,137,58,6,136,49,18,146,168,273,166,78,10,3,186,187,negative 
96,56,94,172,56,7,183,34,25,148,218,495,169,71,14,6,186,183,positive
89,47,84,133,55,11,157,44,20,160,169,354,176,74,5,9,182,192,negative 
73,38,92,214,58,11,180,32,21,153,238,457,171,68,14,36,206,183,negative
96,45,87,169,67,10,154,44,19,149,167,351,174,67,9,8,192,201,negative 
84,37,70,145,62,9,136,48,18,134,159,280,140,68,11,9,194,202,negative 
92,45,76,162,57,7,159,41,20,147,184,381,177,69,8,10,190,195,positive
80,39,60,122,56,6,139,49,18,131,151,281,142,80,0,5,179,186,negative
103,56,105,183,59,10,210,32,24,173,217,648,218,72,13,22,188,196,negative
89,42,66,125,53,7,131,51,18,144,162,254,162,73,10,17,188,191,negative 
81,42,63,125,55,8,149,46,19,145,166,320,172,86,7,7,179,182,negative 
93,42,70,131,56,7,127,53,18,145,156,240,152,74,5,4,189,190,negative 
109,54,109,225,68,11,214,31,24,169,226,675,212,68,11,32,189,202,positive
94,44,84,216,74,6,184,35,22,145,208,525,154,73,4,22,196,197,negative 
105,39,103,138,72,12,166,30,17,164,228,578,179,78,11,16,176,192,negative
107,53,108,211,63,11,219,31,25,168,228,704,198,69,10,21,190,203,positive
80,58,103,197,63,12,191,30,21,145,210,633,188,70,2,3,206,189,negative
85,38,63,130,55,7,122,55,17,130,137,219,144,64,20,8,195,201,negative
106,55,96,196,60,12,221,30,25,173,225,717,214,72,9,13,186,196,negative
83,34,44,107,57,11,164,37,24,148,197,666,190,71,11,5,193,202,positive
107,54,96,201,62,12,218,31,24,170,221,694,217,71,2,21,187,198,positive
87,37,52,116,54,6,115,58,17,126,135,196,144,74,11,22,186,190,negative 
95,46,56,104,70,10,184,61,22,139,210,412,213,74,13,0,182,211,positive
90,43,66,157,65,9,137,48,18,146,162,281,164,67,3,3,193,202,negative 
92,37,75,184,70,6,154,42,19,131,184,363,127,71,0,4,198,202,negative 
107,45,92,197,62,10,188,35,22,148,202,526,159,64,12,20,195,203,negative
93,35,66,154,59,6,142,46,18,128,162,304,120,64,5,13,197,202,negative
89,40,58,137,58,7,122,54,17,140,146,225,150,63,7,4,199,206,negative 
91,42,81,193,69,5,169,38,20,137,184,434,156,68,3,23,198,204,negative 
109,51,100,197,59,10,192,34,22,161,210,553,195,64,14,3,196,202,negative
111,41,99,205,61,10,193,30,23,183,238,191,163,87,0,0,189,204,negative
92,35,58,136,58,6,122,55,17,132,142,222,116,64,6,17,197,203,negative 
100,43,92,197,62,10,180,36,21,143,200,489,153,64,6,9,195,205,positive
89,35,52,121,57,4,122,55,17,125,139,220,128,82,5,13,181,184,positive
95,47,88,162,64,11,159,43,20,157,176,371,185,71,12,13,189,198,negative 
88,44,71,165,70,7,144,46,19,141,167,312,172,71,4,4,188,193,negative 
91,56,94,131,59,11,189,40,17,181,231,191,166,71,12,23,185,199,negative
79,43,72,141,62,8,153,44,19,144,175,344,174,78,0,8,182,188,negative 
95,46,100,155,61,9,191,31,21,156,229,632,167,77,4,2,189,211,positive
90,43,81,231,97,46,150,45,19,149,200,332,164,91,5,9,186,196,negative 
88,56,58,174,53,10,210,34,21,136,235,706,193,70,17,24,183,209,positive
98,38,66,130,55,7,130,51,18,138,160,251,123,69,3,12,191,194,negative 
100,39,104,232,59,11,122,30,23,186,227,757,202,73,10,3,187,188,negative
79,45,98,191,61,7,113,33,21,154,189,323,187,74,22,0,185,211,positive
100,56,100,184,58,12,130,31,19,129,235,435,195,72,14,7,196,204,positive
93,42,64,158,68,9,134,49,18,142,163,268,170,71,7,13,192,201,negative 
92,39,91,191,62,8,176,37,21,137,196,466,151,67,3,23,192,200,negative
108,49,103,200,62,10,206,32,23,155,227,635,215,72,6,16,189,198,positive
88,44,70,151,61,8,143,46,18,143,163,311,173,68,7,8,196,203,negative 
93,40,104,189,62,9,191,41,19,187,176,304,166,74,17,26,191,203,negative
97,41,62,133,56,7,130,52,18,143,158,247,157,78,5,7,184,186,negative 
86,40,66,138,59,4,137,49,18,133,162,279,151,74,6,14,186,190,positive
89,42,85,144,58,10,152,44,19,144,173,345,161,72,8,13,187,197,negative 
110,54,102,201,64,11,213,31,24,171,222,669,221,73,17,16,188,198,positive
93,42,98,192,63,9,185,36,22,138,206,508,173,70,10,21,189,197,positive
88,40,73,173,68,7,150,44,19,137,174,341,151,69,2,20,196,200,negative 
103,50,98,212,63,9,193,34,22,161,214,567,185,64,5,5,198,204,negative
87,45,66,139,58,8,140,47,18,148,168,294,175,73,3,12,188,196,negative 
93,36,64,165,69,8,136,49,18,136,161,279,127,67,2,29,193,204,negative 
91,39,83,170,60,8,172,38,21,134,197,445,152,72,0,10,188,194,positive
115,51,100,201,60,12,196,34,23,162,207,573,184,62,22,1,198,208,positive
86,44,77,155,60,7,152,44,19,141,174,345,161,72,9,0,187,192,negative
74,58,96,232,67,12,227,30,25,188,226,510,168,78,12,0,201,200,negative
103,43,63,189,51,12,161,36,21,142,197,185,210,86,3,0,201,197,positive
85,55,77,188,59,7,170,44,22,146,218,672,195,86,14,14,184,198,positive
95,47,73,195,70,7,167,38,20,152,184,430,185,69,9,19,200,206,negative 
96,48,83,177,59,8,171,39,21,152,195,438,196,67,15,0,195,201,negative
102,53,101,238,72,4,238,28,26,163,267,844,242,85,7,22,184,184,negative 
113,48,98,208,62,9,203,33,23,151,216,613,183,64,17,29,193,204,positive
97,55,96,170,54,10,216,31,24,173,219,685,218,75,0,4,184,193,negative
88,43,84,136,55,11,154,44,19,150,174,350,164,73,6,2,185,196,negative 
100,39,110,180,63,13,215,30,22,146,241,191,180,87,8,27,176,201,negative
98,42,110,164,51,9,188,38,18,149,233,359,191,73,20,0,182,204,positive
86,38,76,143,59,8,142,47,18,131,167,301,138,71,5,10,189,196,negative 
88,44,109,179,62,9,196,30,22,188,225,538,192,72,16,11,193,192,negative
86,58,97,177,51,13,222,30,24,188,241,547,165,63,7,9,193,209,negative
89,41,68,158,57,10,214,30,19,142,235,413,216,75,22,18,192,203,positive
94,36,58,163,63,8,209,47,18,188,175,598,160,66,5,8,193,197,negative
84,45,68,148,64,6,146,46,19,142,168,317,180,75,5,1,183,187,negative 
82,42,69,215,58,8,191,32,18,188,241,280,170,72,22,0,197,191,negative
91,46,73,104,54,9,169,51,18,124,235,487,240,73,11,4,197,201,positive
82,45,68,150,69,5,148,45,19,144,169,322,184,80,5,0,181,184,negative 
111,54,103,171,50,11,221,30,25,172,227,727,201,69,15,6,190,198,negative
74,43,94,157,55,8,190,51,25,148,185,454,145,79,0,4,189,193,negative
108,51,100,206,63,10,196,34,23,159,214,576,201,65,7,16,194,205,positive
74,58,50,128,58,13,168,30,21,140,237,311,152,84,11,0,189,185,negative
86,36,70,143,61,9,133,50,18,130,153,266,127,66,2,10,194,202,negative 
89,45,77,188,64,9,161,41,20,151,190,390,174,66,4,2,194,201,positive
93,45,83,142,56,10,157,43,20,155,180,364,188,75,1,21,184,197,negative 
106,58,104,110,63,8,219,30,18,148,241,713,151,75,2,0,184,192,negative
92,39,76,180,71,6,152,43,19,131,179,350,143,72,6,14,195,200,negative 
107,50,74,104,52,10,204,42,17,167,235,373,175,66,4,1,181,211,positive
92,40,62,144,59,8,127,52,17,139,149,241,150,62,13,1,204,210,negative 
96,44,85,166,66,10,155,43,19,150,167,355,159,67,3,10,192,202,negative 
107,48,89,104,51,11,196,30,17,120,232,184,191,68,8,12,202,205,positive
82,38,110,143,73,11,191,38,20,188,239,355,159,68,8,0,198,197,negative
91,38,76,172,61,8,167,40,20,134,196,415,145,71,0,28,189,198,negative
78,53,98,183,53,11,186,38,17,188,227,482,175,83,1,0,176,194,negative
90,36,78,179,64,8,157,42,19,126,182,367,142,66,1,20,192,198,negative
94,55,108,181,51,11,118,58,19,147,186,368,215,76,22,0,184,211,positive
102,54,100,163,53,10,213,31,24,173,219,669,201,76,12,27,187,195,negative
90,50,77,133,52,11,216,30,18,187,201,538,151,73,13,22,193,194,negative
86,41,45,163,64,10,222,57,21,145,235,606,187,73,18,13,198,201,positive
97,40,83,167,63,9,131,43,18,132,173,706,227,65,10,0,195,211,positive
80,44,105,142,54,13,227,30,25,148,241,470,117,61,12,19,203,188,negative
104,52,110,172,53,10,219,30,25,166,235,711,218,74,10,28,188,198,negative
84,42,51,104,56,9,208,35,22,171,229,541,203,70,8,0,197,198,positive
73,52,65,133,59,12,219,31,18,120,192,629,117,68,10,0,176,203,negative
81,34,58,188,64,12,227,30,18,188,196,191,152,71,4,19,206,208,negative
105,54,100,220,69,10,221,30,25,170,232,718,202,73,0,13,187,199,positive
91,39,75,104,57,9,141,45,19,161,235,460,240,73,20,0,187,204,positive
84,38,74,138,57,8,139,49,18,127,160,282,127,72,9,20,183,191,negative
93,34,77,173,66,12,185,33,25,188,187,457,169,67,10,0,183,194,negative
82,44,63,123,54,7,151,45,19,147,166,329,185,81,3,4,179,182,negative 
90,48,78,143,60,11,161,43,20,159,172,374,186,75,2,2,184,193,negative 
87,41,66,140,58,6,148,46,19,136,164,318,178,79,19,2,181,185,positive
106,53,98,192,58,11,217,31,24,166,228,693,191,71,11,24,188,198,negative
89,46,74,135,59,9,157,44,20,158,170,356,177,79,12,3,184,191,negative 
85,50,66,199,59,11,220,30,24,188,232,327,159,70,1,39,197,188,negative
100,46,85,164,64,11,163,42,20,163,176,387,170,71,18,0,189,196,negative 
93,36,63,139,57,8,132,50,18,136,158,260,121,67,3,27,193,201,negative 
96,46,70,194,70,6,167,39,20,148,183,427,171,69,17,10,200,203,negative 
97,53,105,225,71,12,221,30,25,167,226,713,202,70,3,20,186,200,positive
84,42,107,104,52,9,211,35,24,146,235,507,201,66,6,4,193,209,positive
87,33,74,130,59,7,218,38,20,174,229,314,240,75,13,5,189,195,positive
96,41,69,153,56,7,141,47,18,141,162,297,169,61,11,8,202,209,positive
89,44,68,113,50,7,150,45,19,147,171,328,189,88,6,5,179,182,negative 
94,40,85,186,62,9,169,39,20,139,184,430,133,61,2,9,200,210,positive
86,39,60,140,60,7,119,55,17,134,140,212,141,61,7,8,200,207,negative 
97,44,102,104,56,9,205,33,23,170,188,595,186,68,8,0,186,211,positive
105,45,100,195,61,10,198,33,23,149,214,586,186,67,8,5,192,200,positive
89,55,91,104,59,7,145,43,17,143,189,540,212,63,15,6,191,211,positive
83,42,71,152,64,7,149,45,19,142,172,331,158,74,2,2,184,190,negative 
92,36,78,165,57,8,153,43,19,128,169,349,124,60,4,19,203,211,positive
86,43,93,104,52,6,137,43,23,140,198,243,167,74,8,7,203,199,positive
98,55,101,219,69,11,225,30,25,178,231,748,216,74,6,14,187,195,negative
96,39,95,173,52,6,112,45,23,147,229,590,208,72,22,20,187,211,positive
111,38,103,222,63,10,198,34,24,161,228,757,157,74,2,7,203,204,negative
89,51,102,157,67,13,220,30,25,160,208,531,197,68,0,12,185,200,negative
104,56,96,231,74,11,220,30,25,172,223,713,218,73,6,16,186,195,negative
91,41,84,141,57,9,149,45,19,143,170,330,158,72,9,14,189,199,negative 
91,39,83,176,59,7,169,39,20,132,190,426,142,67,0,24,192,199,positive
90,48,77,132,56,10,157,44,20,164,169,354,187,78,1,3,182,191,negative 
88,42,77,151,58,8,140,47,18,142,165,293,158,64,10,11,198,205,positive
102,54,98,201,61,6,225,29,25,165,246,766,231,79,9,14,188,187,negative 
94,45,103,183,53,12,208,30,25,155,226,621,188,77,13,0,195,183,negative
104,55,100,201,66,10,214,31,24,173,224,680,221,74,1,1,185,194,positive
98,55,108,168,53,11,224,30,25,178,231,737,217,73,8,30,187,198,negative
78,38,47,104,63,7,209,34,19,174,235,474,191,66,22,4,195,193,positive
73,54,110,201,54,12,160,30,22,160,241,319,241,74,12,25,186,184,negative
96,47,103,215,69,10,200,33,23,147,220,598,200,73,6,6,187,194,negative
95,44,84,158,62,10,145,46,19,148,163,312,166,64,10,6,199,206,negative 
101,46,105,195,61,10,198,34,23,150,213,578,195,66,7,38,192,205,positive
95,36,73,191,73,6,156,41,19,126,184,374,124,71,2,19,199,204,negative 
103,51,105,174,56,11,210,32,24,163,222,650,222,73,8,9,187,196,positive
93,48,84,150,63,11,156,44,20,165,171,354,188,73,8,15,185,195,negative 
105,57,77,225,69,10,186,30,18,136,240,395,165,77,16,0,193,194,negative
87,36,53,117,58,4,118,57,17,125,138,205,138,85,9,15,180,183,negative 
89,53,75,108,55,11,148,38,23,133,169,480,234,66,18,33,182,211,positive
76,38,58,125,58,5,133,51,18,127,152,259,145,87,0,21,177,184,negative
94,39,75,184,72,8,155,42,19,133,175,365,145,70,4,5,192,200,negative 
85,41,66,155,65,22,149,45,19,139,173,330,155,75,6,16,184,191,negative 
80,45,71,128,56,7,151,45,19,147,171,337,176,79,3,16,181,187,negative 
89,41,76,183,73,7,157,42,19,136,181,373,153,74,8,12,191,195,negative 
90,48,51,133,51,9,222,51,21,152,230,532,182,74,22,6,196,211,positive
88,40,55,114,53,7,132,53,18,139,142,249,158,87,0,7,176,183,negative 
89,38,78,153,61,7,146,46,19,127,166,314,142,69,0,9,187,194,negative
105,53,108,206,63,12,222,31,25,168,226,712,201,71,15,35,189,203,positive
96,39,40,174,56,8,222,32,21,174,235,309,201,74,22,0,191,187,positive
99,55,101,206,62,13,222,30,25,180,225,722,213,71,2,3,186,196,negative
101,56,101,231,72,10,217,31,24,171,232,698,216,72,2,6,187,197,positive
81,45,68,137,60,7,152,45,19,151,167,333,179,81,3,13,179,183,negative 
101,53,108,184,54,12,216,31,24,172,220,685,187,68,4,24,190,201,negative
93,43,88,170,66,9,150,45,19,147,164,334,143,65,2,17,196,206,negative 
85,42,66,122,54,6,148,46,19,141,172,317,174,88,6,14,180,182,negative 
89,38,77,161,62,7,149,45,19,129,174,327,153,71,6,21,188,193,positive
98,38,70,186,68,6,164,39,20,136,189,413,129,71,3,17,200,203,negative 
85,47,48,153,54,10,130,33,22,174,219,203,158,69,22,19,190,199,positive
87,41,73,158,64,7,151,44,19,138,175,341,152,73,3,8,190,194,negative 
116,56,50,143,60,11,217,32,19,147,235,201,207,66,7,2,189,210,positive
81,47,69,146,64,6,151,44,19,147,171,340,195,75,5,0,183,188,negative 
85,40,66,136,58,6,142,48,19,137,164,295,164,77,2,22,182,186,positive
100,55,101,189,57,10,222,30,25,177,225,731,211,71,7,17,188,197,negative
94,42,80,211,62,9,148,30,18,123,241,453,115,73,4,18,191,194,negative
107,51,103,182,56,11,213,31,24,162,226,673,217,72,2,4,188,198,positive
89,47,83,322,133,48,158,43,20,163,229,364,176,97,0,14,184,194,negative 
101,55,101,183,57,13,225,30,25,177,225,741,204,71,5,10,186,198,negative
88,36,53,113,57,3,118,57,17,128,137,204,136,88,7,14,180,183,negative 
91,39,82,164,68,10,143,46,19,137,164,308,158,68,13,9,191,201,negative 
89,47,81,156,57,8,161,41,20,149,187,388,197,72,9,15,187,193,negative
86,42,65,116,53,6,152,45,19,141,175,335,172,85,5,4,179,183,negative 
103,40,80,224,60,9,186,61,24,152,219,314,240,75,20,9,192,211,positive
86,40,75,146,62,6,140,48,18,135,158,290,162,72,3,21,183,190,negative
94,49,87,159,64,10,157,43,20,158,179,363,203,75,4,0,183,194,negative 
89,42,89,147,61,11,151,44,19,145,170,338,163,72,11,23,187,199,negative 
86,37,69,150,63,8,138,48,18,134,163,284,124,71,1,6,189,195,negative 
95,35,105,132,51,4,204,55,22,143,191,392,187,70,16,0,192,189,positive
93,39,87,183,64,8,169,40,20,134,200,422,149,72,7,25,188,195,positive
92,42,75,172,60,8,147,45,19,142,174,322,160,62,22,10,206,211,negative
85,40,75,137,56,7,152,44,19,134,173,339,160,76,7,16,182,187,positive
104,51,105,168,54,10,208,32,24,162,220,641,221,72,9,20,187,197,positive
88,37,51,105,52,5,119,57,17,128,135,207,125,86,8,16,179,183,negative 
94,56,106,215,63,6,219,30,22,188,172,191,246,67,5,4,206,211,negative
73,49,97,191,68,6,114,34,22,163,221,417,199,75,1,0,189,188,negative
88,43,109,104,51,7,188,37,23,152,219,297,141,71,0,0,203,205,positive
97,46,94,209,67,10,195,34,22,147,224,573,194,70,0,14,188,197,negative
95,49,82,139,56,11,159,43,20,162,173,365,185,75,7,10,182,191,negative 
79,42,50,170,56,6,184,53,25,127,212,374,221,75,20,0,190,210,positive
99,57,100,177,54,13,224,30,25,188,223,726,213,72,4,7,185,198,negative
106,53,98,176,54,10,216,31,24,171,235,691,218,74,1,9,187,197,positive
104,51,108,193,59,11,217,31,24,163,232,694,203,72,15,22,190,201,positive
85,35,64,129,57,6,116,57,17,125,138,200,123,65,1,23,196,203,negative 
90,47,68,157,63,9,221,42,18,137,235,215,205,74,6,41,192,208,positive
82,40,73,141,57,8,153,44,19,133,173,342,153,75,11,9,181,187,negative
83,37,54,131,61,4,135,50,18,127,152,271,141,85,3,6,180,183,positive
109,53,109,221,69,12,221,31,25,169,226,712,212,72,13,28,188,201,positive
90,47,85,149,60,10,155,43,19,155,179,355,186,75,1,5,185,196,negative 
102,45,85,193,64,6,192,33,22,146,217,570,163,76,6,7,195,193,negative 
83,56,103,169,55,12,172,32,20,156,183,400,130,77,20,7,185,211,positive
92,46,82,170,58,8,165,40,20,149,181,409,164,61,8,11,200,208,negative
93,43,85,133,54,10,155,44,19,153,174,351,165,75,12,13,184,196,negative 
84,37,70,150,61,7,137,49,18,140,156,278,121,64,0,23,196,205,negative 
92,46,78,175,62,5,220,31,24,186,236,679,203,87,6,24,199,202,negative
98,39,68,136,56,8,131,52,18,144,159,251,134,72,4,10,186,187,negative 
94,34,44,104,53,10,213,59,20,174,219,447,205,83,20,20,189,198,positive
100,47,70,185,70,7,162,40,20,153,179,406,172,68,9,6,200,205,negative 
88,40,79,183,62,7,176,38,21,138,200,462,150,66,0,29,189,199,negative
90,45,68,104,60,7,131,36,25,174,235,316,240,73,22,0,191,195,positive
98,43,71,206,69,4,186,45,25,144,235,631,229,64,9,0,193,196,positive
98,38,78,191,65,8,169,39,20,136,197,430,141,67,9,20,192,199,positive
93,35,78,162,60,8,150,45,19,125,172,331,137,67,2,33,191,198,negative
103,54,91,179,57,11,220,31,25,170,220,707,198,72,1,32,186,198,negative
82,36,54,117,53,7,125,54,18,126,146,229,128,78,1,5,180,184,positive
89,42,80,151,62,6,144,46,19,139,166,308,170,74,17,13,185,189,positive
75,38,73,227,60,12,227,30,19,188,241,191,115,87,3,0,185,204,negative
99,52,104,177,55,10,210,32,24,166,219,657,215,73,3,2,187,194,negative
104,50,106,209,66,10,207,32,23,158,223,635,220,73,14,9,188,196,positive
93,43,76,149,57,7,149,44,19,143,172,335,176,69,14,0,189,194,positive
86,48,75,136,58,10,161,43,20,163,170,371,185,75,3,1,183,192,negative 
93,52,110,221,64,12,217,30,21,156,229,698,210,68,5,14,203,192,negative
94,43,69,161,59,7,152,43,19,143,175,349,187,67,12,11,193,198,positive
94,48,49,130,62,8,190,50,24,152,217,721,196,75,20,0,184,211,positive
81,44,72,139,60,6,153,44,19,146,180,347,178,81,1,15,182,186,negative 
107,54,98,210,66,11,218,31,24,169,221,704,216,71,14,0,188,197,positive
91,56,50,105,64,12,215,36,17,151,188,503,185,72,17,2,202,202,positive
78,44,108,104,61,12,178,55,21,174,229,721,202,66,4,20,187,211,positive
96,49,98,187,59,6,213,31,24,152,228,680,210,77,8,28,188,189,negative 
91,44,100,112,60,13,220,30,22,172,193,558,114,63,1,9,206,198,negative
91,40,83,166,60,8,160,41,20,133,189,383,155,72,5,7,186,191,positive
89,41,75,143,56,7,146,46,19,137,170,317,156,76,18,5,184,188,negative
103,41,83,194,63,9,175,38,21,142,199,455,138,65,7,30,197,206,negative
101,53,103,203,63,9,195,34,22,162,210,571,210,68,5,5,191,198,negative
89,36,51,109,52,6,118,57,17,129,137,206,125,80,2,14,181,185,negative 
89,37,54,119,53,5,134,50,18,127,151,266,146,79,16,14,184,185,positive
79,35,100,116,62,8,114,56,17,139,174,184,240,70,8,8,197,198,positive
101,45,69,232,74,11,181,30,22,172,212,521,151,80,14,26,206,198,negative
104,52,94,208,66,5,208,31,24,161,227,666,218,76,11,4,193,191,negative 
99,51,88,188,62,5,203,32,23,158,222,625,219,77,8,26,191,190,negative 
86,41,66,133,56,6,136,49,18,136,155,274,162,74,5,14,183,189,positive
79,44,52,122,68,11,222,43,22,128,222,394,240,75,20,0,191,200,positive
95,49,92,193,62,10,178,37,21,154,200,478,171,64,2,0,198,206,negative
87,45,112,143,67,9,208,61,22,147,207,502,198,83,6,11,203,211,positive
99,48,104,196,63,10,201,33,23,152,221,604,199,73,8,4,188,197,positive
91,43,72,142,56,7,149,45,19,140,168,327,165,72,13,23,186,191,positive
79,58,87,180,54,12,223,30,21,188,241,431,224,69,3,19,193,204,negative
96,40,99,170,60,9,162,30,25,188,235,635,162,66,16,6,188,208,negative
94,46,79,181,62,8,167,40,20,148,190,418,193,67,12,15,191,198,negative
94,38,84,158,55,9,169,39,20,130,196,430,155,69,9,15,190,195,negative
86,43,69,123,54,6,150,46,19,144,174,325,177,87,3,7,180,182,negative 
100,36,73,199,73,6,162,40,20,127,189,401,125,72,6,19,200,204,negative 
94,43,64,173,69,7,150,43,19,142,169,344,177,68,9,1,199,206,negative 
84,39,90,180,60,7,177,37,21,131,209,469,145,71,4,38,190,198,negative
85,45,73,167,69,8,143,46,18,148,173,307,176,71,2,0,190,199,negative 
75,44,97,167,58,10,135,30,23,179,241,555,149,71,2,16,197,191,negative
93,34,66,140,56,7,130,51,18,120,151,251,114,62,5,29,201,207,negative
82,43,71,154,68,7,150,45,19,143,171,330,173,78,7,11,181,186,negative 
97,47,87,164,64,9,156,43,20,149,173,359,182,68,1,13,192,202,negative 
107,55,98,199,59,7,240,27,26,168,258,866,245,80,3,1,186,184,negative 
110,46,100,197,61,9,193,34,22,149,209,561,160,65,11,7,194,203,positive
90,48,86,306,126,49,153,44,19,156,272,346,200,118,0,15,185,194,negative 
83,40,53,114,53,6,132,53,18,140,142,247,157,86,8,7,176,183,negative 
78,36,51,116,56,4,120,57,17,124,135,209,135,84,1,12,177,184,negative
73,49,102,181,59,11,141,35,25,158,241,660,224,78,6,16,181,203,negative
97,56,57,158,55,7,132,54,20,174,172,519,218,71,22,0,202,182,positive
105,55,96,181,56,9,219,30,25,175,231,713,216,74,4,5,187,194,negative
90,44,69,152,64,7,135,49,18,145,165,272,162,75,3,2,187,191,negative 
93,47,88,200,66,7,173,38,21,151,197,452,205,66,0,3,195,202,positive
86,46,62,104,56,11,112,44,25,148,205,184,216,73,16,24,203,206,positive
81,43,68,139,62,7,149,46,19,145,172,323,171,83,1,14,180,184,negative 
96,39,58,117,51,6,133,52,18,139,154,255,150,86,6,0,181,182,negative 
101,51,105,212,68,10,209,32,24,162,222,653,224,73,5,23,186,195,negative
93,37,73,174,68,7,151,43,19,131,175,347,135,68,1,22,196,205,negative 
81,56,100,183,60,6,195,30,24,172,233,702,209,76,17,4,187,197,positive
89,42,70,148,62,7,147,45,19,143,176,323,153,76,2,6,186,189,negative 
109,49,103,186,57,11,206,32,23,156,212,630,186,65,12,21,192,201,negative
86,44,70,140,64,6,148,45,19,145,170,322,185,82,10,1,181,183,negative 
103,47,76,165,63,13,215,30,21,188,227,481,132,75,12,0,194,191,negative
88,37,57,132,62,6,135,50,18,125,151,265,144,83,16,16,180,184,positive
96,41,83,157,51,10,165,34,24,174,230,566,217,78,22,0,186,194,positive
94,37,72,193,72,6,158,41,19,133,184,385,127,70,0,14,200,204,negative 
87,42,64,150,64,10,133,50,18,142,157,264,159,67,7,1,193,201,negative 
95,42,96,197,65,9,178,37,21,141,199,474,149,67,1,29,193,200,negative
82,49,65,168,56,6,205,51,19,150,234,317,240,84,22,33,197,204,positive
88,38,58,137,60,5,148,46,19,131,163,319,157,86,12,0,180,183,positive
86,42,65,113,50,8,152,45,19,141,169,332,171,85,4,16,179,183,negative 
93,39,78,164,66,8,139,48,18,140,157,290,126,64,4,7,201,208,negative 
89,38,74,138,59,7,136,49,18,133,167,278,128,72,7,7,189,193,negative 
88,48,90,178,60,8,175,38,21,152,200,460,198,68,13,16,192,199,positive
110,34,102,196,64,13,184,31,19,188,209,218,114,72,14,0,202,190,negative
79,38,55,120,55,5,142,48,19,128,153,295,145,81,4,2,180,183,positive
85,35,47,110,55,3,117,57,17,122,136,203,139,89,5,9,180,184,negative 
86,37,77,144,54,7,154,43,19,127,179,352,145,71,14,13,186,191,negative
82,58,60,229,65,6,227,30,24,173,241,559,180,77,7,0,195,186,negative
86,40,63,135,56,5,133,50,18,135,152,262,166,70,9,2,187,191,positive
110,56,63,209,65,7,188,40,21,141,228,369,182,71,14,13,203,199,positive
105,46,100,195,61,9,193,34,22,150,207,557,161,65,5,9,194,202,negative
105,55,63,213,64,10,159,30,17,141,241,204,168,73,20,3,199,199,negative
81,53,56,215,59,10,211,44,24,147,219,508,162,67,22,0,194,211,positive
95,38,66,126,52,8,133,52,18,140,158,253,140,78,11,8,184,183,negative 
94,35,66,147,62,9,131,50,18,127,159,258,115,66,8,7,196,201,negative 
105,51,108,201,62,11,220,30,25,163,232,711,202,72,12,16,189,200,positive
101,52,110,175,58,10,227,35,18,173,241,757,154,76,21,0,199,194,negative
80,44,68,135,59,8,150,45,19,145,170,329,173,80,7,12,180,185,negative 
86,52,73,168,54,9,145,37,18,167,235,350,234,75,4,28,193,195,positive
82,47,106,176,59,8,208,30,18,188,224,506,175,85,0,7,183,188,negative
82,51,109,104,51,11,197,59,21,143,224,429,240,71,14,0,199,211,positive
98,45,76,166,60,7,157,42,20,148,184,371,186,69,13,10,190,196,negative
93,45,73,164,59,7,159,42,20,146,182,379,188,65,11,15,195,201,negative
87,47,81,149,62,9,147,45,19,152,171,325,181,72,0,6,188,198,negative 
80,42,95,175,51,9,137,31,21,174,170,328,206,72,22,14,191,211,positive
111,58,105,183,51,6,265,26,29,174,285,1018,255,85,4,8,181,183,negative 
88,42,66,133,57,6,123,54,17,144,147,227,160,66,8,4,193,198,negative 
100,51,91,104,61,10,212,49,25,139,235,469,181,61,0,6,195,201,positive
89,40,76,188,76,7,150,44,19,136,174,342,148,72,3,8,193,197,negative 
88,42,64,151,62,8,130,51,18,142,150,253,161,63,3,2,203,210,negative 
96,39,77,160,62,8,140,47,18,150,161,294,124,62,15,3,201,208,negative 
82,44,72,136,61,7,147,46,19,143,173,317,183,81,6,17,181,185,negative 
97,43,73,173,65,6,153,42,19,143,176,361,172,66,13,1,200,204,negative 
80,47,105,116,51,10,186,31,24,148,220,757,164,72,2,4,206,188,negative
101,56,100,204,62,12,227,30,25,178,231,757,204,73,0,11,186,197,negative
103,48,96,232,71,10,205,32,23,153,226,633,197,71,2,15,188,196,negative
100,51,89,199,65,6,201,32,23,159,219,622,205,74,6,7,193,193,negative 
83,39,69,127,54,5,135,49,18,131,155,274,162,69,16,6,187,190,negative
89,38,80,169,59,7,161,41,20,131,186,389,137,68,5,15,192,197,positive
99,50,88,204,64,10,185,35,22,159,209,517,193,66,12,11,194,201,negative
91,46,101,199,65,9,196,34,23,146,219,574,199,73,5,8,186,194,negative
107,58,89,167,59,9,129,30,23,188,211,703,167,62,3,13,188,199,negative
110,56,109,199,57,5,251,27,27,169,272,928,268,82,11,10,183,183,negative 
84,43,70,123,54,8,151,45,19,146,173,332,176,81,1,12,181,184,negative 
81,38,53,123,58,6,134,51,18,128,147,259,148,83,10,6,177,184,negative
82,43,70,250,105,55,139,48,18,145,231,289,172,99,4,9,190,199,negative 
109,55,102,169,51,6,241,27,26,165,265,870,247,84,10,11,184,183,negative 
85,47,75,121,53,9,157,44,20,165,168,358,176,77,1,7,182,191,negative 
108,40,99,179,55,7,141,30,20,154,145,757,184,73,9,27,206,200,negative
88,45,90,193,65,11,227,30,23,188,241,707,188,70,0,0,190,197,negative
91,54,95,173,63,5,177,47,19,164,235,282,203,75,22,0,182,194,positive
80,55,68,184,61,12,216,41,25,141,231,486,207,76,18,1,203,197,positive
84,45,66,154,65,6,145,46,19,144,168,312,177,73,2,3,184,188,negative 
86,43,68,150,64,9,138,48,18,143,161,285,174,69,6,0,192,201,negative 
79,38,109,138,66,8,129,42,25,180,226,544,190,71,5,14,182,193,negative
86,46,73,125,57,6,151,45,19,147,170,334,188,82,9,11,180,184,negative 
101,51,98,194,60,10,195,34,22,161,219,572,219,67,0,10,192,201,positive
80,44,97,163,57,12,117,49,19,174,174,396,189,68,19,4,198,211,positive
86,36,77,165,60,7,150,45,19,128,174,331,131,66,0,32,196,203,positive
107,52,101,218,64,11,202,33,23,164,219,610,192,65,17,2,197,206,negative
94,45,85,160,63,10,158,43,20,157,174,367,162,68,1,6,189,199,negative 
89,43,85,160,64,11,155,43,19,151,173,356,174,72,5,9,185,196,negative 
84,52,78,135,51,4,156,47,20,148,221,670,188,73,22,29,203,206,positive
92,57,87,228,65,11,200,32,22,153,213,239,207,77,9,6,199,195,negative
101,52,108,200,58,8,160,30,22,161,220,203,147,67,21,0,191,192,negative
100,43,52,225,67,8,227,30,18,178,241,591,114,69,16,7,194,199,negative
85,40,72,139,59,5,132,50,18,135,159,260,150,68,3,9,191,195,positive
105,54,108,234,70,12,215,31,24,168,226,687,228,68,4,22,189,201,positive
75,40,61,223,60,6,183,30,21,176,237,730,114,69,22,0,191,186,negative
111,41,80,162,50,13,199,42,21,180,241,191,144,76,7,12,205,198,negative
81,43,68,125,57,8,149,46,19,146,169,323,172,83,6,18,179,184,negative 
89,47,85,147,58,10,153,44,19,151,175,349,186,74,13,7,186,197,negative 
109,55,96,191,57,6,241,28,26,170,267,857,242,85,8,9,184,184,negative 
98,48,85,122,70,10,192,30,25,188,241,490,166,70,6,0,188,211,negative
88,36,78,160,62,6,140,48,18,123,161,287,129,66,4,35,194,202,negative
105,54,105,213,67,10,200,33,23,163,214,597,214,68,10,20,190,198,negative
93,39,86,180,59,9,167,39,20,134,186,418,129,63,6,17,197,204,positive
86,45,73,152,63,6,149,44,19,145,170,335,176,71,6,1,189,196,negative 
84,40,98,119,57,9,137,46,24,159,151,184,174,76,20,0,190,201,positive
88,54,56,107,62,7,149,36,22,174,232,446,177,68,21,0,190,196,positive
95,43,83,198,69,6,177,36,21,139,189,484,163,68,6,4,196,198,negative 
94,39,59,159,56,7,171,45,24,147,221,695,180,69,10,8,202,187,positive
100,50,53,143,60,5,124,33,23,174,225,366,239,75,9,0,197,211,positive
107,53,103,221,66,11,209,32,24,163,222,653,212,66,0,1,191,201,negative
86,36,78,146,58,7,135,50,18,124,155,270,148,66,0,25,190,195,positive
92,52,93,204,67,9,189,35,22,161,214,536,240,72,2,5,188,195,negative
97,45,46,126,53,7,187,40,18,174,226,184,191,71,7,2,197,202,positive
85,45,80,154,64,9,147,45,19,148,169,324,174,71,1,4,188,199,negative 
84,44,80,140,58,11,156,44,20,157,166,349,176,74,5,17,183,193,negative 
96,44,68,190,70,7,155,41,19,145,179,372,166,67,5,7,202,206,negative 
85,43,66,121,54,7,150,46,19,147,169,324,175,87,0,5,179,182,negative 
99,54,100,199,62,9,200,33,23,166,222,600,241,70,2,7,189,198,negative
111,52,104,202,65,12,114,34,22,173,241,562,160,79,13,6,185,197,negative
93,44,90,166,65,10,153,44,19,156,170,348,143,66,9,17,194,203,negative 
93,41,79,159,63,8,144,46,19,150,165,309,134,67,4,9,195,203,negative 
92,49,110,123,55,11,197,34,25,145,233,360,158,65,0,5,193,194,negative
88,35,50,121,58,5,114,59,17,122,132,192,138,74,21,4,182,187,negative
82,56,76,104,53,7,190,36,25,149,221,721,190,69,22,26,190,206,positive
96,47,77,204,72,6,167,38,20,150,188,429,182,69,6,16,199,203,negative 
95,46,76,162,66,11,162,42,20,155,175,381,172,74,8,4,184,193,negative 
94,56,105,210,63,11,221,34,18,154,209,294,214,69,13,0,206,192,negative
85,38,72,130,53,9,134,51,18,132,145,261,123,65,1,24,188,198,negative
102,43,96,197,63,10,185,36,22,142,202,513,139,65,8,12,195,204,negative
104,57,103,222,72,12,221,30,25,177,223,718,218,72,11,12,186,195,negative
81,41,79,227,65,13,145,34,23,142,219,537,148,77,9,5,192,200,negative
97,37,76,169,60,8,161,41,20,131,189,391,136,72,0,0,188,192,negative
98,55,104,213,67,9,206,32,23,167,223,629,220,72,5,19,187,196,positive
90,44,72,157,64,8,137,48,18,144,159,283,171,65,9,4,196,203,negative 
94,36,68,127,54,7,127,52,18,132,155,242,116,66,1,2,195,196,negative 
93,45,81,177,64,7,160,41,20,147,180,383,188,70,11,11,192,199,positive
90,42,63,126,55,7,152,45,19,142,173,336,173,81,0,15,180,184,negative 
100,51,104,163,52,10,206,32,23,164,217,631,193,69,5,21,188,196,negative
101,54,106,188,57,7,236,28,26,164,256,833,253,81,6,14,185,185,negative 
87,39,70,148,61,7,143,46,18,136,164,307,141,69,1,2,192,199,negative 
84,36,75,136,55,6,140,48,18,125,166,290,138,71,4,36,189,195,positive
89,41,84,141,58,9,149,45,19,145,172,330,162,72,4,18,188,200,negative 
108,57,106,177,51,5,256,26,28,170,285,966,261,87,11,2,182,181,negative 
103,53,106,172,55,10,212,32,24,168,220,660,223,73,16,24,187,197,positive
105,53,105,184,57,11,211,31,24,168,224,661,218,71,0,15,186,197,positive
85,40,66,121,52,4,152,44,19,133,170,340,163,87,13,3,180,183,negative
82,39,86,140,54,7,153,45,19,134,174,338,139,71,11,18,183,189,negative
101,51,112,201,59,11,214,32,24,162,223,667,194,65,0,36,190,206,positive
90,42,63,144,59,7,131,50,18,142,154,259,162,65,15,3,197,204,negative 
103,49,107,179,54,12,208,32,24,159,214,644,183,66,1,12,191,200,negative
97,47,81,183,64,8,168,39,20,150,193,426,182,70,11,2,192,198,negative
94,45,89,213,71,5,186,35,22,145,204,533,182,71,4,13,195,198,negative 
93,46,82,145,58,11,159,43,20,160,180,371,189,77,2,4,183,194,negative 
108,34,80,178,65,12,129,30,25,188,241,191,191,61,22,6,185,192,negative
98,56,108,182,58,13,217,31,19,188,240,513,114,79,12,0,193,183,negative
106,53,98,193,60,10,215,31,24,169,224,681,218,73,8,21,188,197,positive
106,34,96,181,62,9,114,35,24,171,241,714,176,76,0,10,204,183,negative
95,41,82,170,65,9,145,46,19,145,163,314,140,64,4,8,199,207,negative 
83,46,71,156,70,6,151,44,19,147,174,338,198,80,3,11,181,186,negative 
93,45,86,201,69,7,184,35,22,145,203,523,183,72,0,4,194,197,negative 
102,45,76,232,57,11,221,32,19,148,192,715,198,73,21,17,190,205,positive
86,43,47,131,57,5,217,41,19,166,189,474,180,80,1,7,193,193,positive
94,58,101,232,62,12,152,32,20,155,241,191,170,68,13,0,206,200,negative
85,36,66,123,55,5,120,56,17,128,140,212,131,73,1,18,186,190,negative 
98,47,109,202,59,11,199,34,23,154,207,586,165,61,1,33,194,208,positive
76,43,94,110,58,10,192,59,18,138,187,629,241,72,8,8,185,191,negative
82,51,44,173,51,6,156,37,23,161,202,458,192,71,19,5,193,211,positive
94,36,66,151,61,8,133,50,18,135,154,265,119,62,9,3,201,208,negative 
88,39,88,194,69,8,168,40,20,133,199,416,151,74,3,22,186,192,negative
91,35,66,159,59,7,147,45,19,131,169,322,123,64,1,1,197,203,negative
87,42,64,150,64,10,133,50,18,141,157,265,159,67,7,0,193,201,negative 
105,39,64,203,74,9,227,30,25,188,236,191,145,83,16,28,186,200,negative
99,49,77,230,53,12,205,30,23,144,185,421,147,67,1,11,200,201,negative
108,53,104,181,56,11,220,31,25,167,226,712,214,72,15,18,189,199,positive
101,55,110,147,52,13,227,38,25,184,161,191,168,65,1,0,183,196,negative
81,39,82,136,58,7,209,31,25,150,215,574,168,68,6,0,205,193,negative
89,36,77,172,62,8,157,42,19,125,174,367,126,63,5,22,198,205,negative
97,56,95,146,63,7,166,34,19,135,204,240,203,71,11,0,191,194,positive
102,51,92,194,60,6,220,30,25,162,247,731,209,80,7,7,188,186,negative 
82,37,40,132,57,11,183,42,23,129,217,381,240,84,16,5,187,206,positive
77,58,98,148,58,5,220,32,24,188,241,543,169,69,16,0,204,183,negative
87,43,65,127,56,8,149,46,19,143,169,322,171,85,6,3,180,182,negative 
87,45,82,164,60,8,156,42,19,144,181,366,174,70,2,2,190,196,negative
85,45,107,151,59,12,207,31,19,149,232,205,195,66,14,0,193,211,positive
87,49,86,190,64,9,177,37,21,153,197,471,209,67,11,7,192,199,negative
98,40,77,171,61,6,172,37,21,139,197,457,141,72,4,17,199,201,negative 
96,54,104,175,58,10,215,31,24,175,221,682,222,75,13,23,186,194,negative
105,52,107,207,60,11,218,31,24,167,221,701,197,66,0,20,191,203,negative
86,39,84,149,57,8,156,43,20,133,185,358,157,74,0,23,183,190,negative
83,44,68,144,61,8,147,45,19,143,170,325,180,74,1,1,185,191,negative 
86,42,64,122,54,6,148,46,19,143,170,319,171,87,1,3,179,182,negative 
102,54,98,177,56,10,219,31,25,171,219,706,223,72,5,17,186,196,negative
93,47,85,163,66,11,156,44,20,158,172,355,178,74,7,15,183,195,negative 
101,55,108,228,69,12,215,31,24,168,229,684,214,71,2,16,188,199,positive
85,33,40,115,57,3,112,61,17,119,130,184,127,86,12,21,181,183,positive
97,55,103,197,63,11,215,31,24,172,219,677,219,75,5,24,185,194,negative
93,52,66,108,55,10,160,50,21,148,213,580,240,73,22,7,203,211,positive
104,54,110,158,58,12,227,30,25,188,237,535,156,68,21,17,202,203,negative
86,46,58,205,55,9,123,61,18,153,235,721,201,73,18,12,198,211,positive
90,48,78,134,56,11,160,43,20,167,169,366,185,76,1,14,182,192,negative 
95,42,85,174,66,9,153,44,19,144,168,347,150,65,11,5,196,204,negative 
98,52,86,207,69,5,192,33,22,161,212,570,221,75,4,6,194,195,negative 
104,50,96,211,65,10,187,35,22,156,207,527,195,65,3,7,195,206,positive
97,54,80,110,67,11,200,31,18,174,178,533,162,68,0,0,203,207,negative
85,37,68,145,60,6,130,51,18,130,150,253,121,65,3,14,195,203,negative 
96,45,96,141,60,12,168,30,23,161,190,191,181,65,0,0,205,183,negative
101,53,47,157,60,6,197,34,23,130,235,588,190,83,3,0,196,203,positive
74,42,90,188,56,7,227,30,19,182,241,471,144,78,0,14,185,203,negative
74,53,98,153,63,9,205,30,23,156,241,438,114,68,10,0,192,192,negative
88,46,74,171,68,6,152,43,19,148,180,349,192,71,5,11,189,195,negative 
91,39,82,186,73,9,202,30,18,138,206,549,114,87,0,14,186,183,negative
83,42,66,156,67,7,150,45,19,144,174,333,159,78,4,2,182,188,negative 
108,54,105,203,62,11,202,33,23,164,216,608,235,68,12,3,190,200,positive
97,50,99,114,60,5,212,35,24,146,228,357,240,74,9,12,185,209,positive
86,45,66,126,57,8,148,46,19,145,170,321,186,86,0,7,179,182,negative 
90,46,73,137,58,11,161,43,20,158,170,373,186,76,0,9,182,193,negative 
103,56,100,185,59,11,216,31,24,173,219,684,219,75,15,11,186,194,negative
82,42,67,163,73,10,112,30,18,125,194,504,240,77,9,0,182,205,positive
91,46,47,119,53,6,145,47,22,140,232,516,240,74,11,3,195,204,positive
104,55,105,223,70,10,223,30,25,177,237,737,218,75,14,11,188,196,negative
102,52,101,213,64,10,203,33,23,157,214,616,186,65,0,19,193,203,negative
89,50,83,195,65,6,178,37,21,156,207,481,210,71,1,6,189,194,negative
89,36,68,141,59,8,139,47,18,130,166,291,127,73,7,1,189,196,negative 
100,39,90,135,54,9,135,48,24,137,195,437,208,73,13,15,203,204,positive
82,43,73,158,68,7,151,44,19,145,181,337,173,80,2,17,183,188,negative 
90,36,74,171,60,8,157,42,19,128,177,367,123,61,6,21,197,204,positive
90,38,75,164,64,7,151,43,19,131,168,345,139,66,0,0,195,204,negative 
93,50,44,151,64,9,196,31,21,180,231,431,147,74,11,3,188,201,negative
93,35,72,172,62,7,149,44,19,124,169,334,125,62,5,30,203,210,negative
93,55,89,104,66,5,179,42,18,151,235,455,177,75,22,8,180,197,positive
102,58,102,232,51,9,215,32,19,181,149,658,114,78,3,5,195,193,negative
99,43,110,209,65,11,169,35,20,182,226,508,156,78,22,4,201,190,negative
111,50,103,199,60,11,211,31,24,156,223,663,188,68,9,9,190,200,positive
73,43,72,199,66,13,205,30,22,188,217,320,157,85,4,0,190,195,negative
104,49,105,209,61,11,207,32,24,157,217,637,168,64,0,19,193,207,positive
89,40,69,147,58,6,132,50,18,137,155,260,151,61,16,6,203,209,negative
96,55,112,133,57,11,162,58,23,149,165,319,240,73,20,0,189,208,positive
92,44,61,169,62,8,212,30,20,121,192,445,154,70,1,11,206,200,negative
87,42,76,159,65,5,155,42,19,138,184,362,157,76,6,12,189,193,negative 
89,45,81,246,102,43,155,44,20,160,200,347,177,90,9,17,183,192,negative 
108,55,105,230,68,11,218,30,24,171,228,709,210,69,14,4,190,197,negative
94,37,72,146,60,9,133,50,18,135,161,262,128,69,2,7,192,195,negative 
90,41,78,145,55,7,138,48,18,138,161,284,158,67,0,1,192,197,negative
90,45,104,175,50,11,208,30,25,160,234,538,138,87,11,10,206,187,negative
109,56,82,104,70,12,140,32,19,136,235,285,181,74,13,0,185,204,positive
85,39,77,151,59,8,150,45,19,134,176,331,133,73,0,16,184,193,negative
96,39,64,111,48,8,134,52,18,141,160,258,139,80,7,20,183,184,negative 
93,34,72,144,56,6,133,50,18,123,158,263,125,63,5,20,200,206,positive
114,57,102,181,52,6,257,26,28,169,287,968,261,85,2,21,182,184,negative 
90,47,85,145,58,9,152,44,19,155,175,345,184,73,4,2,186,197,negative 
85,42,59,132,58,7,149,46,19,144,166,320,172,83,8,4,179,182,negative 
93,47,71,140,64,11,168,54,18,171,199,477,233,68,22,0,196,211,negative
101,54,98,155,52,9,169,36,25,174,164,352,240,68,8,15,202,211,positive
83,41,70,155,65,7,144,46,19,141,168,309,147,71,4,12,188,195,negative 
101,56,100,215,69,10,208,32,24,169,227,651,223,74,6,5,186,193,negative
73,58,82,224,50,12,166,33,18,188,241,579,160,67,14,12,180,190,negative
86,45,71,155,66,7,146,45,19,144,167,322,176,72,5,6,189,196,negative 
78,37,100,231,51,12,169,30,23,174,194,721,209,72,5,4,181,211,positive
80,36,69,127,56,7,128,53,18,124,147,240,133,70,2,21,183,191,negative
91,41,93,197,65,9,183,36,21,137,202,504,153,66,11,24,193,200,negative
90,48,81,144,60,9,150,44,19,156,173,333,200,75,2,0,185,195,negative 
90,47,85,161,64,10,163,42,20,160,177,389,185,73,9,0,185,195,negative 
93,42,93,192,65,11,194,34,18,187,241,191,151,68,14,11,194,188,negative
97,42,101,186,59,9,186,36,22,138,208,511,168,67,7,41,194,206,positive
79,47,74,141,61,7,153,43,19,149,175,349,199,77,6,10,183,189,negative 
106,54,100,227,67,4,250,27,27,162,280,923,262,88,5,11,182,182,negative 
87,43,70,169,72,7,152,44,19,145,177,341,171,76,6,12,184,187,negative 
106,48,107,202,61,10,207,32,24,153,227,635,200,70,5,28,190,203,positive
98,48,101,195,61,11,207,31,23,152,227,650,193,71,5,7,189,196,negative
92,45,74,187,74,7,157,41,19,143,179,375,183,70,8,6,195,201,negative 
84,44,77,150,59,5,152,44,19,143,175,344,177,77,8,2,183,187,positive
79,39,50,138,57,10,116,30,22,181,241,308,170,87,22,0,206,202,negative
92,58,96,169,50,12,219,32,24,181,237,757,183,62,15,5,182,199,negative
89,50,82,184,62,13,213,32,20,166,241,261,150,73,0,2,199,195,negative
95,58,78,184,53,9,208,54,18,150,195,334,157,74,17,13,197,191,negative
82,45,66,252,126,52,148,45,19,144,237,326,185,119,1,1,181,185,negative 
89,40,60,131,56,6,118,56,17,137,143,209,153,65,10,8,193,199,negative 
102,50,40,115,62,4,196,32,21,174,210,200,142,67,12,19,185,197,positive
90,43,72,172,59,8,154,42,19,144,174,360,158,61,15,9,203,209,positive
82,58,110,214,56,10,191,33,20,146,241,610,179,66,11,0,201,186,negative
95,58,86,158,59,6,207,30,25,188,234,228,165,75,9,0,176,204,negative
87,47,40,181,67,5,183,41,17,140,235,409,219,69,22,39,196,211,positive
102,51,108,193,57,10,212,31,24,162,219,663,184,66,7,21,191,201,negative
73,58,87,174,55,11,182,30,18,121,213,573,206,65,16,13,194,189,negative
83,45,73,161,68,8,142,46,18,144,169,305,179,71,10,3,191,199,negative 
83,43,90,105,54,5,128,43,21,119,202,437,201,67,1,0,203,199,positive
93,41,82,159,63,9,144,46,19,143,160,309,127,63,6,10,199,207,negative 
95,43,96,202,65,10,189,35,22,143,217,534,166,71,6,27,190,197,negative
78,42,110,232,62,12,175,30,20,188,232,580,180,70,4,10,180,208,negative
91,40,76,171,67,7,149,44,19,135,169,332,144,68,4,17,192,200,negative 
92,41,63,120,53,8,181,43,20,154,208,308,207,75,11,0,192,194,positive
93,42,104,192,57,11,154,30,25,167,241,587,197,61,0,9,189,185,negative
84,54,106,176,67,12,205,30,17,188,191,705,203,87,0,13,190,192,negative
91,45,79,176,59,9,163,40,20,148,184,404,179,62,0,10,199,208,positive
73,52,87,200,62,12,225,53,18,150,231,548,188,70,8,5,206,184,negative
100,44,93,193,62,8,186,35,22,147,202,521,151,66,0,2,193,198,negative
96,40,100,178,58,8,181,37,21,134,205,486,160,68,5,34,192,202,positive
83,40,59,116,53,7,132,52,18,137,145,250,157,84,12,6,177,183,negative 
89,57,97,151,57,13,130,35,21,123,182,603,172,62,0,3,195,187,negative
98,51,96,203,66,10,188,35,22,157,207,533,231,68,10,1,191,199,positive
101,48,85,191,60,11,175,38,21,153,192,458,187,62,5,22,197,210,positive
101,52,105,162,53,10,212,31,24,163,226,669,204,74,12,11,186,194,negative
88,44,85,139,56,11,157,43,20,155,176,363,175,76,5,16,184,195,negative 
97,47,103,174,54,4,200,37,18,174,235,320,240,74,2,4,203,211,positive
94,45,72,179,69,6,156,41,19,144,181,373,191,69,5,5,193,198,negative 
106,52,101,213,64,11,201,33,23,158,214,607,204,65,2,4,192,204,positive
101,43,98,165,68,11,163,41,22,141,135,617,167,72,20,0,194,211,positive
90,55,56,104,51,4,163,48,25,148,235,479,181,70,16,0,188,187,positive
89,46,84,163,66,11,159,43,20,159,173,368,176,72,1,20,186,197,negative 
100,57,107,207,63,11,227,30,25,180,234,756,205,72,6,19,186,198,negative
78,44,66,171,61,12,198,58,20,163,197,358,240,65,17,16,191,210,positive
93,53,98,215,66,10,217,30,19,134,240,486,184,74,0,7,200,183,negative
94,43,82,136,54,10,155,43,19,149,176,359,161,74,1,6,186,197,negative 
88,44,77,167,59,6,151,44,19,145,175,343,177,64,9,12,202,208,negative
93,56,91,143,60,13,227,55,23,146,228,252,166,64,11,1,201,199,negative
84,41,46,204,60,6,194,36,25,146,235,422,145,71,22,14,189,211,positive
94,44,70,186,72,8,153,42,19,144,171,361,178,67,7,2,199,206,negative 
91,39,76,104,54,12,112,56,17,143,215,184,129,68,9,9,199,204,positive
84,35,53,122,57,4,116,59,17,123,135,196,128,76,10,27,183,190,positive
87,58,100,183,55,12,182,35,19,188,241,191,154,87,3,16,194,184,negative
83,53,52,135,54,7,160,36,17,162,229,655,240,71,15,14,198,187,positive
88,41,80,147,62,8,146,45,19,144,169,318,161,71,4,16,188,197,negative 
97,35,66,151,64,8,128,52,18,129,148,246,112,66,6,2,195,200,negative 
87,47,88,107,56,9,193,54,20,155,154,437,214,74,22,3,189,193,positive
92,54,45,169,53,12,165,49,18,148,214,513,195,73,10,0,190,211,positive
78,42,71,104,59,8,160,35,17,140,192,509,206,71,3,22,195,211,positive
74,55,107,232,63,11,183,30,18,160,200,443,172,85,5,0,176,190,negative
98,51,84,207,72,7,184,35,21,161,199,520,198,72,9,11,196,199,negative 
93,44,98,197,62,11,183,36,22,146,202,505,152,64,4,14,195,204,positive
93,37,76,183,63,8,164,40,20,134,191,405,139,67,4,7,192,197,positive
89,46,78,150,63,11,160,43,20,160,170,367,176,73,5,9,185,194,negative 
96,48,93,170,57,13,156,30,20,154,188,453,220,87,0,16,196,187,negative
92,43,94,169,63,8,227,30,20,167,239,544,114,61,8,15,183,211,negative
98,42,90,192,61,9,178,37,21,144,189,480,138,61,3,8,199,208,positive
106,53,98,154,47,4,237,28,26,164,263,838,222,82,4,17,185,184,negative 
93,39,63,146,58,7,128,52,18,134,149,246,158,63,9,7,198,204,positive
86,43,60,104,51,8,192,33,25,169,235,514,201,72,11,0,187,202,positive
106,40,101,230,68,13,227,30,20,188,241,444,168,67,5,18,196,185,negative
91,54,110,130,62,13,179,41,19,159,234,528,160,72,0,26,205,189,negative
104,57,103,216,69,11,219,30,25,176,228,708,219,73,4,3,186,196,negative
94,50,84,138,57,10,156,44,20,170,171,351,187,77,5,6,182,191,negative 
90,39,85,160,59,7,163,41,20,131,189,396,158,71,7,13,186,192,positive
103,51,45,141,59,6,130,52,25,145,235,285,181,74,9,0,187,191,positive
91,43,70,133,55,8,130,51,18,146,159,253,156,70,1,8,190,194,negative 
92,58,57,207,73,9,227,33,24,168,198,197,154,71,12,19,181,203,negative
78,47,49,104,61,8,137,34,21,164,205,323,240,74,5,27,195,204,positive
84,42,110,141,56,8,217,34,20,188,241,407,163,74,7,0,202,199,negative
95,45,70,170,61,8,211,36,25,139,212,184,187,71,22,0,195,210,positive
111,53,108,211,61,11,207,32,23,167,217,636,216,64,21,2,196,205,positive
80,53,46,104,61,7,222,33,23,158,235,572,240,70,18,0,195,187,positive
93,38,60,115,55,11,200,43,24,145,189,670,155,77,6,23,199,196,positive
89,36,72,141,56,7,138,48,18,126,163,286,130,72,1,1,187,192,negative
82,45,68,139,64,6,147,46,19,143,169,320,184,80,0,1,181,184,negative 
89,41,63,134,59,6,123,55,17,137,148,223,150,76,12,3,186,188,negative 
78,39,101,148,60,10,112,36,20,128,235,628,190,67,2,3,189,211,positive
86,38,89,176,59,9,169,39,20,132,190,428,148,67,7,33,193,202,negative
91,41,66,131,56,9,126,53,18,144,159,237,155,72,3,10,191,194,negative 
110,53,104,223,66,10,211,32,24,164,223,659,210,67,5,16,190,203,positive
96,40,70,120,50,8,137,50,18,141,162,269,139,80,10,13,183,183,negative 
98,48,101,203,65,9,197,33,23,152,216,584,174,68,2,5,189,197,positive
89,40,72,155,63,7,146,45,19,135,175,321,145,72,4,10,192,196,negative 
78,40,79,104,71,7,129,46,19,164,196,529,240,86,11,0,187,201,positive
98,42,57,111,59,8,194,51,23,139,179,348,220,73,22,0,186,198,positive
79,46,101,187,64,7,193,32,20,184,223,757,191,87,12,0,185,187,negative
96,53,89,189,72,11,129,30,23,182,229,401,194,65,11,0,206,189,negative
89,40,89,174,58,8,177,37,21,133,202,471,155,70,7,18,189,196,positive
118,45,60,208,52,7,197,44,25,155,235,530,204,73,22,25,193,202,positive
97,37,78,181,62,8,161,41,20,131,182,389,117,62,2,28,203,211,negative
91,42,66,169,66,7,145,44,19,140,169,325,159,67,4,0,201,207,negative 
108,49,109,204,61,11,212,31,24,159,229,665,215,71,16,11,190,199,positive
86,43,61,119,53,8,150,46,19,144,169,326,172,85,8,8,179,182,negative 
90,55,74,200,52,11,168,47,21,154,182,278,240,73,22,19,194,211,positive
101,55,105,182,59,10,215,31,24,177,221,678,223,74,12,26,186,195,negative
83,44,59,144,65,7,222,34,18,135,230,394,215,62,20,5,203,210,positive
101,56,110,145,64,11,181,33,24,153,235,285,213,77,11,0,203,208,positive
91,38,75,136,53,6,144,47,19,131,165,305,149,69,1,7,186,191,positive
92,42,69,153,58,8,140,48,18,138,165,290,151,64,10,21,199,206,negative
107,55,103,213,68,11,219,30,25,172,221,709,216,70,10,7,187,197,positive
102,54,98,167,53,10,217,31,24,174,228,692,223,72,0,31,187,198,negative
89,40,85,142,61,12,135,35,21,188,241,730,192,72,0,8,198,190,negative
85,42,70,130,56,7,150,45,19,145,177,328,172,82,10,14,181,185,negative 
104,52,100,191,59,9,197,33,23,158,218,583,234,70,10,10,191,198,positive
94,39,89,194,62,9,172,38,21,135,191,444,121,63,4,23,201,209,negative
101,49,103,212,67,10,201,33,23,156,215,601,174,69,4,11,189,196,negative
90,36,57,130,57,6,121,56,17,127,137,216,132,68,22,23,190,195,positive
80,37,57,116,55,6,125,54,18,125,142,229,132,81,8,5,178,184,negative
81,44,110,219,60,13,139,47,22,188,165,470,148,76,0,3,201,183,negative
96,56,40,166,58,11,129,47,19,134,235,395,182,64,11,3,202,198,positive
81,56,53,164,51,11,140,30,18,168,225,371,194,67,19,0,196,210,positive
107,38,101,140,62,11,208,34,25,188,235,334,154,77,0,3,203,199,negative
93,53,45,104,71,9,126,46,21,173,179,365,154,69,22,0,189,194,positive
85,56,74,166,55,8,222,43,21,155,224,721,238,66,12,6,203,210,positive
87,40,81,162,68,10,146,46,19,139,167,317,157,70,0,13,189,199,negative 
98,58,101,208,65,12,226,30,25,182,225,748,216,71,6,1,185,196,negative
98,39,81,191,64,9,166,40,20,138,184,415,131,62,8,19,197,205,positive
109,53,103,210,63,11,219,30,25,172,229,707,212,71,6,3,188,199,positive
89,44,80,191,66,6,162,40,20,143,189,396,180,66,13,11,194,199,negative
91,45,75,154,57,6,150,44,19,146,170,335,180,66,16,2,193,198,negative
89,44,70,158,64,6,141,47,18,143,164,299,173,66,9,11,193,199,negative 
83,37,62,113,53,6,122,55,17,129,143,218,135,79,0,7,181,185,negative 
98,49,84,219,74,7,190,34,22,154,208,558,209,74,4,7,195,195,negative 
108,44,80,173,55,13,160,35,25,144,185,757,182,70,6,15,193,206,negative
85,43,66,130,57,6,151,45,19,143,173,333,168,86,4,9,180,183,negative 
104,54,100,186,61,10,216,31,24,173,225,686,220,74,5,11,185,195,positive
86,35,44,110,54,2,119,57,17,121,139,208,137,90,6,1,180,183,negative 
86,41,64,148,61,5,150,45,19,138,165,333,173,80,5,8,182,185,positive
104,55,107,222,68,11,218,31,24,173,232,703,229,71,3,10,188,199,positive
85,56,107,156,53,9,165,54,19,146,212,572,180,76,11,2,190,207,positive
88,56,54,172,60,4,189,50,21,141,174,434,202,71,22,1,184,198,positive
96,50,94,215,67,9,187,35,22,158,214,525,214,67,8,6,193,201,positive
90,48,78,142,59,11,160,43,20,160,173,370,185,76,10,11,183,192,negative 
84,37,53,121,59,5,123,55,17,125,141,221,133,82,7,1,179,183,negative 
90,39,89,181,62,8,175,38,21,132,200,458,154,70,11,15,189,195,positive
99,53,105,219,66,11,204,32,23,165,221,623,224,68,0,6,191,201,positive
94,47,85,333,138,49,155,43,19,155,320,354,187,135,12,9,188,196,negative 
73,37,53,111,54,6,126,55,18,128,135,227,147,82,1,15,176,184,negative
95,43,71,159,64,6,145,45,19,141,169,322,171,67,8,4,195,200,negative 
103,55,100,194,62,11,212,31,24,175,217,666,219,73,10,14,187,194,negative
84,38,66,138,62,6,126,54,18,132,144,232,139,70,4,7,185,190,negative
86,39,58,125,55,5,117,57,17,134,140,204,148,69,7,6,190,194,negative 
87,40,102,104,57,12,160,46,18,134,216,562,171,78,21,5,197,201,positive
85,44,66,125,58,6,148,45,19,145,170,323,185,84,8,1,180,183,negative 
96,55,104,159,50,9,221,33,19,187,159,661,181,68,0,3,206,200,negative
87,37,60,132,57,6,128,52,18,129,154,243,132,71,1,14,186,192,positive
99,57,109,220,66,11,221,30,25,176,234,725,236,70,10,25,188,200,negative
96,43,82,161,55,5,186,34,22,141,215,534,162,75,0,6,195,196,negative 
98,43,86,145,67,11,227,32,21,165,177,484,179,71,1,0,190,198,negative
96,36,74,183,70,6,149,43,19,127,178,341,127,69,0,17,201,205,negative 
113,57,109,194,56,6,260,26,28,175,288,982,261,85,11,21,182,183,negative 
80,49,93,150,62,11,185,59,18,174,201,359,205,72,22,17,193,211,positive
90,37,80,171,58,9,157,42,20,132,172,373,115,60,3,18,201,209,positive
114,48,61,111,62,10,163,42,25,145,192,500,189,60,16,4,187,199,positive
82,36,51,114,53,4,135,50,18,126,150,268,144,86,15,4,181,182,positive
73,43,94,153,64,13,159,41,25,158,241,569,115,82,15,0,195,183,negative
97,37,73,143,53,6,151,48,21,172,241,191,215,87,5,0,183,195,negative
99,47,91,226,74,5,202,32,23,148,234,629,186,79,4,11,192,191,negative 
85,39,68,119,52,5,128,53,18,135,148,241,142,75,8,8,182,187,negative 
106,49,107,194,57,11,214,31,24,161,224,670,172,67,0,39,192,206,negative
108,56,103,234,73,10,221,30,25,174,232,718,214,73,8,3,187,197,positive
101,52,77,197,59,10,227,35,23,187,157,599,183,69,9,18,196,188,negative
88,40,78,186,73,6,158,41,20,134,185,379,148,73,1,11,193,197,negative 
91,52,98,196,62,9,193,34,22,161,216,562,244,69,3,1,190,199,negative
92,46,83,154,56,6,160,41,20,148,185,382,184,71,10,5,186,191,positive
95,45,80,186,62,7,164,40,20,145,188,406,178,65,11,18,199,204,negative
107,55,103,167,49,7,252,27,28,172,269,904,239,83,5,30,179,186,negative 
84,47,75,153,64,6,154,43,19,145,175,354,184,75,0,3,185,192,negative 
94,49,82,137,56,10,159,43,20,160,176,367,186,76,10,7,183,192,negative 
93,48,85,159,57,7,153,48,18,131,235,585,206,72,15,9,191,210,positive
78,38,63,115,51,6,142,47,19,130,162,299,146,77,2,4,181,185,positive
86,42,65,125,54,7,150,45,19,140,171,327,172,85,2,8,180,182,negative 
91,49,86,195,63,8,177,37,21,156,203,473,201,67,7,5,192,198,negative
100,46,90,172,67,9,157,43,20,150,170,363,184,67,17,7,192,200,negative 
88,41,102,127,62,10,199,39,21,157,199,252,197,72,22,0,192,206,positive
80,38,64,130,59,8,134,51,18,126,152,259,135,76,1,23,179,188,negative
87,38,71,123,53,8,137,49,18,127,158,277,145,75,0,9,181,186,positive
104,45,110,155,73,8,208,33,18,160,239,207,160,79,7,7,191,183,negative
89,47,67,152,65,6,183,34,24,158,235,617,232,66,10,11,189,195,positive
101,47,109,160,53,12,198,30,19,188,185,191,159,76,4,12,206,189,negative
91,38,70,160,66,25,140,47,18,139,162,296,130,67,4,11,192,202,negative 
92,55,104,126,57,6,202,30,24,176,222,546,216,64,8,0,187,191,negative
86,41,86,120,51,9,137,41,24,148,229,327,204,77,9,11,191,192,positive
106,52,108,207,64,12,221,31,25,168,229,709,200,73,22,38,190,205,positive
76,58,109,169,50,11,227,30,18,188,238,507,136,75,0,3,206,193,negative
97,55,104,219,71,9,211,32,24,171,222,658,223,74,1,24,186,196,positive
106,55,98,224,68,11,215,31,24,170,222,679,214,68,2,29,189,201,negative
94,52,98,157,57,6,197,44,19,174,143,617,190,66,22,0,188,195,positive
86,38,58,119,56,4,118,57,17,129,140,208,152,78,9,2,184,186,negative 
82,44,72,118,52,7,152,44,19,147,174,340,177,82,2,2,180,185,negative 
107,53,108,213,64,12,206,32,23,163,216,627,202,65,21,22,194,205,positive
92,37,75,191,71,6,161,40,20,128,180,393,135,69,1,14,195,202,negative 
91,44,96,199,57,7,167,30,22,152,241,671,148,75,11,4,200,198,negative
119,54,106,220,65,12,213,31,24,167,223,675,232,66,20,1,192,202,positive
86,41,66,129,55,7,135,50,18,136,154,266,165,74,3,4,180,187,negative
80,44,68,120,53,8,151,45,19,146,170,333,190,80,4,16,180,185,negative 
99,46,105,209,64,11,197,34,23,152,212,575,159,65,0,33,194,205,negative
89,35,70,138,58,7,126,53,17,128,147,237,112,64,4,19,199,207,negative 
79,39,72,127,53,9,142,48,19,135,165,295,144,77,7,21,181,189,negative
106,54,103,161,47,4,247,27,27,166,266,892,242,85,4,11,181,183,negative 
87,39,74,165,66,6,145,45,19,134,173,318,139,70,3,21,195,200,negative 
104,53,108,206,61,11,217,31,24,168,226,694,209,67,0,9,188,201,positive
85,45,65,128,56,8,151,45,19,145,170,332,186,81,1,10,179,184,negative 
80,46,107,130,65,13,198,48,18,162,201,624,120,61,13,0,182,191,negative
110,50,105,168,66,11,156,31,17,153,241,191,167,64,1,27,191,183,negative
86,36,66,128,57,8,131,52,18,127,148,252,139,76,5,27,183,187,negative
