102,50,88,208,66,4,193,30,24,149,131,191,206,70,22,39,194,196,negative
103,49,107,179,54,12,208,32,24,159,214,644,183,66,1,12,191,200,negative
93,46,94,220,70,6,195,35,19,130,234,721,115,70,14,13,195,182,positive
109,55,102,169,51,6,241,27,26,165,265,870,247,84,10,11,184,183,negative 
90,38,87,143,69,8,221,44,22,146,214,757,150,74,8,8,194,189,negative
105,51,105,197,60,11,191,35,22,162,207,545,194,64,18,4,196,205,positive
89,44,82,136,54,6,149,45,19,144,170,332,168,68,10,14,188,193,negative
101,51,112,201,59,11,214,32,24,162,223,667,194,65,0,36,190,206,positive
88,39,89,232,74,6,190,30,22,119,241,240,174,70,14,27,195,204,negative
100,57,107,207,63,11,227,30,25,180,234,756,205,72,6,19,186,198,negative
86,41,66,133,56,6,136,49,18,136,155,274,162,74,5,14,183,189,positive
77,38,63,135,59,5,130,52,18,130,145,247,139,79,13,21,183,187,negative
102,55,94,187,69,10,185,36,25,135,146,393,165,75,8,0,190,207,negative
105,53,105,184,57,11,211,31,24,168,224,661,218,71,0,15,186,197,positive
80,43,68,120,54,8,150,45,19,145,171,329,176,85,4,8,179,183,negative 
93,44,98,197,62,11,183,36,22,146,202,505,152,64,4,14,195,204,positive
88,40,73,173,68,7,150,44,19,137,174,341,151,69,2,20,196,200,negative 
82,43,73,158,68,7,151,44,19,145,181,337,173,80,2,17,183,188,negative 
99,51,66,172,67,6,166,30,17,168,212,265,115,60,4,14,189,196,positive
91,42,66,142,58,9,134,50,18,142,163,268,164,69,6,5,191,197,negative 
83,36,54,119,57,6,128,53,18,125,143,238,139,82,6,3,179,183,positive
94,38,84,158,55,9,169,39,20,130,196,430,155,69,9,15,190,195,negative
98,58,101,208,65,12,226,30,25,182,225,748,216,71,6,1,185,196,negative
104,53,101,190,63,10,213,32,24,166,218,664,202,74,13,21,188,198,positive
102,54,106,221,68,11,207,32,24,164,228,638,238,71,0,26,189,200,positive
94,45,85,163,68,10,157,44,20,156,170,357,176,73,17,11,187,195,negative 
85,43,69,141,62,7,152,44,19,145,178,341,179,84,1,4,181,184,negative 
84,45,66,154,65,6,145,46,19,144,168,312,177,73,2,3,184,188,negative 
93,42,64,158,68,9,134,49,18,142,163,268,170,71,7,13,192,201,negative 
85,43,66,120,54,5,148,46,19,145,168,320,174,87,8,2,179,181,negative 
91,40,98,192,64,9,177,38,21,135,194,465,165,66,9,35,195,205,positive
105,54,96,185,57,10,219,30,25,170,231,706,217,75,5,12,187,195,negative
97,45,76,175,60,9,157,42,20,149,180,370,169,63,16,12,198,206,positive
94,41,63,162,59,9,187,35,22,143,232,563,131,63,2,34,181,198,positive
88,35,88,199,58,8,173,32,25,136,234,294,209,60,19,15,185,196,positive
109,52,95,189,58,4,227,29,25,158,262,776,217,82,0,19,187,186,negative 
109,54,103,205,63,11,222,30,25,175,229,720,213,71,6,14,187,200,positive
85,42,59,132,58,7,149,46,19,144,166,320,172,83,8,4,179,182,negative 
90,42,87,153,66,10,174,45,22,166,218,420,135,75,8,24,183,200,positive
91,42,66,169,66,7,145,44,19,140,169,325,159,67,4,0,201,207,negative 
100,45,100,209,65,8,201,32,23,147,231,611,189,72,5,5,189,195,negative
99,43,89,195,63,8,186,35,22,144,210,521,166,68,6,13,191,199,positive
104,57,103,222,72,12,221,30,25,177,223,718,218,72,11,12,186,195,negative
103,34,61,191,61,10,220,30,24,127,196,366,168,74,7,2,195,200,negative
108,39,85,171,71,7,114,37,24,148,229,651,136,69,11,4,191,196,negative
95,51,96,196,63,9,190,35,22,161,208,543,235,68,13,0,191,198,negative
97,46,94,209,67,10,195,34,22,147,224,573,194,70,0,14,188,197,negative
84,42,76,156,64,7,151,44,19,143,179,339,157,75,0,20,187,193,negative 
93,49,79,180,65,7,173,37,21,158,189,463,194,70,5,10,197,202,negative 
95,37,71,171,61,9,157,43,20,134,178,365,125,63,5,40,196,208,positive
86,52,72,182,65,8,191,30,23,148,231,721,184,64,5,15,188,189,positive
99,57,109,220,66,11,221,30,25,176,234,725,236,70,10,25,188,200,negative
89,36,72,141,56,7,138,48,18,126,163,286,130,72,1,1,187,192,negative
82,44,63,123,54,7,151,45,19,147,166,329,185,81,3,4,179,182,negative 
100,46,67,232,70,11,199,38,21,162,233,335,136,68,21,24,191,200,negative
108,54,105,203,62,11,202,33,23,164,216,608,235,68,12,3,190,200,positive
110,53,104,223,66,10,211,32,24,164,223,659,210,67,5,16,190,203,positive
107,53,108,211,63,11,219,31,25,168,228,704,198,69,10,21,190,203,positive
78,56,91,186,51,12,214,30,24,118,143,464,115,68,15,0,186,182,positive
83,56,83,159,72,7,222,31,21,121,209,666,221,73,4,10,197,191,positive
89,40,77,159,65,9,144,46,19,141,168,314,143,70,0,5,190,200,negative 
112,50,104,197,58,11,208,32,24,159,223,639,186,67,15,22,191,202,positive
101,53,91,194,65,6,204,32,23,161,231,636,214,78,5,14,192,192,negative 
92,40,62,144,59,8,127,52,17,139,149,241,150,62,13,1,204,210,negative 
98,48,94,171,73,10,171,59,19,188,206,612,205,76,12,22,187,205,negative
97,45,72,187,71,5,161,40,20,144,178,399,186,70,7,7,196,203,negative 
93,35,72,172,62,7,149,44,19,124,169,334,125,62,5,30,203,210,negative
83,52,103,197,61,10,216,30,25,118,191,478,212,64,10,26,190,187,positive
91,42,81,193,69,5,169,38,20,137,184,434,156,68,3,23,198,204,negative 
90,41,112,165,51,12,212,30,20,140,209,498,178,69,8,39,188,193,positive
109,52,104,199,60,12,215,31,24,162,220,691,212,67,11,7,189,199,positive
96,45,80,162,63,9,146,46,19,148,161,316,161,64,5,10,199,207,negative 
79,38,98,157,70,11,115,30,23,162,178,238,173,62,6,13,184,200,positive
107,45,92,197,62,10,188,35,22,148,202,526,159,64,12,20,195,203,negative
106,35,88,153,64,10,216,39,25,146,233,234,114,71,16,6,191,196,negative
85,43,112,168,51,6,137,31,22,139,185,474,126,63,5,18,179,190,positive
85,38,72,130,53,9,134,51,18,132,145,261,123,65,1,24,188,198,negative
88,35,60,143,59,7,128,52,18,129,147,246,109,62,1,6,202,209,negative 
93,45,86,201,69,7,184,35,22,145,203,523,183,72,0,4,194,197,negative 
85,42,64,121,55,7,149,46,19,146,167,323,172,85,1,6,179,182,negative 
84,43,76,180,75,7,155,43,19,143,180,359,173,77,5,12,185,190,negative 
94,42,96,220,65,7,220,59,25,174,216,585,139,73,9,23,189,202,negative
78,49,106,160,63,12,197,33,20,147,215,436,115,74,8,19,179,191,positive
109,55,96,191,57,6,241,28,26,170,267,857,242,85,8,9,184,184,negative 
94,40,61,202,65,8,152,59,24,141,232,712,230,79,13,10,188,202,negative
73,38,46,232,57,11,178,36,21,137,218,754,179,70,10,8,183,195,negative
78,36,60,116,56,6,123,55,17,124,141,221,121,78,3,16,178,185,negative
96,45,101,201,66,9,192,34,22,143,218,552,195,73,3,19,189,197,positive
86,42,65,125,54,7,150,45,19,140,171,327,172,85,2,8,180,182,negative 
92,38,74,178,62,9,161,41,20,135,181,388,132,63,7,29,197,206,negative
99,48,104,196,63,10,201,33,23,152,221,604,199,73,8,4,188,197,positive
88,44,84,135,55,12,155,44,20,158,176,351,164,75,7,11,183,195,negative 
90,43,72,172,59,8,154,42,19,144,174,360,158,61,15,9,203,209,positive
105,51,93,160,51,7,217,30,24,165,240,703,208,81,9,25,188,188,negative 
100,50,98,204,63,6,218,30,24,156,232,719,213,77,8,7,189,189,negative 
83,44,68,144,61,8,147,45,19,143,170,325,180,74,1,1,185,191,negative 
107,39,90,205,72,11,198,35,21,167,225,612,154,68,1,5,185,211,negative
94,43,64,173,69,7,150,43,19,142,169,344,177,68,9,1,199,206,negative 
98,38,72,192,69,5,166,38,20,131,189,427,138,70,1,3,200,202,negative 
97,47,88,183,60,7,197,33,23,148,214,596,201,74,8,0,192,191,negative 
95,46,112,183,56,11,181,30,21,130,195,643,117,63,10,21,182,182,positive
96,55,98,161,54,10,215,31,24,175,226,683,221,76,3,6,185,193,negative
90,38,79,185,69,6,160,40,20,130,178,393,133,66,2,14,198,205,negative 
101,52,105,162,53,10,212,31,24,163,226,669,204,74,12,11,186,194,negative
82,36,54,117,53,7,125,54,18,126,146,229,128,78,1,5,180,184,positive
98,50,89,217,74,9,178,59,23,144,157,688,201,73,8,6,187,207,negative
75,34,42,232,56,10,194,30,20,142,131,548,114,65,17,37,193,202,negative
91,45,79,176,59,9,163,40,20,148,184,404,179,62,0,10,199,208,positive
78,54,102,190,56,7,150,30,22,119,191,676,145,72,1,16,188,185,positive
91,39,72,133,55,7,146,46,19,132,170,314,149,77,9,18,184,189,positive
101,48,107,222,68,10,208,32,24,154,232,641,204,70,5,38,190,202,negative
96,47,86,162,67,11,211,37,23,128,235,206,155,70,18,16,179,182,positive
83,40,53,114,53,6,132,53,18,140,142,247,157,86,8,7,176,183,negative 
80,44,68,135,59,8,150,45,19,145,170,329,173,80,7,12,180,185,negative 
85,35,47,110,55,3,117,57,17,122,136,203,139,89,5,9,180,184,negative 
85,45,71,150,63,8,143,46,19,147,171,307,179,72,2,3,187,196,negative 
93,39,63,146,58,7,128,52,18,134,149,246,158,63,9,7,198,204,positive
96,46,74,202,74,5,163,39,20,149,185,408,191,70,7,8,196,200,negative 
108,51,103,197,60,11,211,31,24,160,222,661,187,67,7,3,190,200,negative
87,43,70,169,72,7,152,44,19,145,177,341,171,76,6,12,184,187,negative 
98,48,101,203,65,9,197,33,23,152,216,584,174,68,2,5,189,197,positive
100,52,104,189,59,10,208,32,24,163,220,642,197,70,1,22,187,198,positive
92,45,74,187,74,7,157,41,19,143,179,375,183,70,8,6,195,201,negative 
89,36,97,132,65,8,121,33,18,118,235,379,130,82,1,3,179,182,positive
85,42,66,122,54,6,148,46,19,141,172,317,174,88,6,14,180,182,negative 
94,43,69,161,59,7,152,43,19,143,175,349,187,67,12,11,193,198,positive
89,37,57,177,60,12,198,32,19,134,235,279,115,62,2,41,179,190,positive
103,53,106,172,55,10,212,32,24,168,220,660,223,73,16,24,187,197,positive
102,54,100,183,74,7,140,40,19,188,147,602,114,87,18,2,192,211,negative
91,38,76,172,61,8,167,40,20,134,196,415,145,71,0,28,189,198,negative
91,54,73,154,55,9,222,30,23,173,226,677,115,69,21,34,182,182,positive
91,39,83,176,59,7,169,39,20,132,190,426,142,67,0,24,192,199,positive
90,37,80,171,58,9,157,42,20,132,172,373,115,60,3,18,201,209,positive
89,44,72,160,66,7,144,46,19,147,166,312,169,69,11,1,191,198,negative 
104,53,101,199,65,11,213,31,24,168,216,667,221,72,12,12,187,198,positive
84,38,66,138,62,6,126,54,18,132,144,232,139,70,4,7,185,190,negative
85,36,72,127,56,7,127,54,18,125,144,233,123,70,3,30,184,194,negative
89,45,85,149,59,11,158,43,20,158,177,362,173,75,12,16,183,193,negative 
90,34,66,158,59,7,140,47,18,124,165,298,117,61,1,3,201,207,positive
86,35,44,110,54,2,119,57,17,121,139,208,137,90,6,1,180,183,negative 
85,42,85,185,62,9,128,43,24,143,235,567,115,67,7,11,195,191,positive
93,42,70,131,56,7,127,53,18,145,156,240,152,74,5,4,189,190,negative 
109,48,107,215,62,10,205,32,23,158,222,624,168,65,9,32,195,206,negative
87,42,76,159,65,5,155,42,19,138,184,362,157,76,6,12,189,193,negative 
88,37,57,132,62,6,135,50,18,125,151,265,144,83,16,16,180,184,positive
84,44,104,166,56,11,189,39,25,127,235,352,144,66,8,24,189,191,positive
95,45,48,183,56,10,216,30,23,149,201,302,205,71,17,13,197,211,negative
81,54,42,232,65,9,131,34,18,144,222,609,225,74,14,17,194,200,negative
90,38,75,164,64,7,151,43,19,131,168,345,139,66,0,0,195,204,negative 
77,45,103,195,63,12,156,58,20,141,240,713,159,77,17,0,179,211,negative
102,40,45,167,72,9,144,35,22,168,204,335,149,76,18,0,195,197,negative
78,43,83,110,57,9,203,43,21,123,146,721,115,74,10,14,192,182,positive
93,36,63,139,57,8,132,50,18,136,158,260,121,67,3,27,193,201,negative 
89,46,74,135,59,9,157,44,20,158,170,356,177,79,12,3,184,191,negative 
93,34,43,232,74,8,114,37,22,146,204,461,160,67,20,15,191,202,negative
87,49,86,190,64,9,177,37,21,153,197,471,209,67,11,7,192,199,negative
105,50,93,173,54,4,222,30,25,159,254,735,206,83,4,12,186,184,negative 
95,43,54,198,60,10,165,51,25,162,131,623,249,76,14,11,188,203,negative
76,44,76,171,63,13,114,31,24,153,211,327,160,66,0,23,205,194,negative
101,48,85,191,60,11,175,38,21,153,192,458,187,62,5,22,197,210,positive
87,45,66,139,58,8,140,47,18,148,168,294,175,73,3,12,188,196,negative 
92,36,78,165,57,8,153,43,19,128,169,349,124,60,4,19,203,211,positive
91,50,95,209,73,13,204,58,18,140,219,719,165,77,18,0,187,205,negative
100,51,109,224,67,9,217,30,24,162,238,704,206,72,6,18,189,199,negative
108,35,79,195,74,9,114,34,21,144,165,199,192,71,12,16,187,201,negative
98,51,96,203,66,10,188,35,22,157,207,533,231,68,10,1,191,199,positive
95,46,92,159,63,11,160,42,20,157,176,372,171,70,7,21,189,200,negative 
102,53,101,238,72,4,238,28,26,163,267,844,242,85,7,22,184,184,negative 
99,55,101,206,62,13,222,30,25,180,225,722,213,71,2,3,186,196,negative
93,39,86,180,59,9,167,39,20,134,186,418,129,63,6,17,197,204,positive
98,38,70,125,52,8,130,53,18,139,157,243,132,74,0,13,186,185,negative 
82,41,79,227,63,9,203,35,18,141,231,590,159,62,22,0,179,197,positive
96,39,58,117,51,6,133,52,18,139,154,255,150,86,6,0,181,182,negative 
104,52,100,191,59,9,197,33,23,158,218,583,234,70,10,10,191,198,positive
101,55,101,183,57,13,225,30,25,177,225,741,204,71,5,10,186,198,negative
106,57,107,235,67,6,262,26,28,171,285,987,260,86,9,31,180,184,negative 
94,43,112,151,52,10,132,48,20,144,229,653,115,66,19,39,196,191,positive
89,40,76,188,76,7,150,44,19,136,174,342,148,72,3,8,193,197,negative 
83,42,66,156,67,7,150,45,19,144,174,333,159,78,4,2,182,188,negative 
94,37,74,169,59,7,162,41,20,133,178,394,130,63,6,6,198,204,negative
88,43,84,136,55,11,154,44,19,150,174,350,164,73,6,2,185,196,negative 
95,47,88,162,64,11,159,43,20,157,176,371,185,71,12,13,189,198,negative 
99,50,88,204,64,10,185,35,22,159,209,517,193,66,12,11,194,201,negative
93,46,85,169,66,9,151,44,19,147,169,339,179,67,0,4,195,204,negative 
105,45,102,224,74,9,211,59,25,145,172,757,167,76,15,0,194,209,negative
87,53,106,104,59,10,192,41,18,138,162,193,115,65,3,38,179,199,positive
88,39,70,166,66,7,148,44,19,134,167,332,143,69,5,13,193,201,negative 
105,51,104,174,63,11,122,32,18,158,216,351,129,76,21,40,182,188,positive
86,34,62,140,61,7,122,54,17,127,141,223,112,64,2,14,200,208,negative 
85,43,66,123,55,7,150,45,19,146,172,326,173,83,4,15,180,183,negative 
110,46,100,197,61,9,193,34,22,149,209,561,160,65,11,7,194,203,positive
75,52,73,159,69,12,199,46,25,142,213,328,191,78,4,5,189,207,negative
96,43,104,188,60,8,141,32,22,120,167,704,172,66,15,3,191,182,positive
101,53,103,203,63,9,195,34,22,162,210,571,210,68,5,5,191,198,negative
109,51,100,197,59,10,192,34,22,161,210,553,195,64,14,3,196,202,negative
90,48,81,144,60,9,150,44,19,156,173,333,200,75,2,0,185,195,negative 
93,37,70,126,52,9,127,53,18,137,156,238,119,71,2,13,191,190,negative 
92,40,82,163,63,9,146,45,19,140,165,319,137,64,9,0,199,206,negative 
106,46,101,128,67,8,180,36,24,155,233,298,152,68,17,32,183,197,negative
106,53,98,154,47,4,237,28,26,164,263,838,222,82,4,17,185,184,negative 
100,48,95,209,68,7,199,32,23,150,216,605,200,73,7,11,192,194,negative 
84,37,70,150,61,7,137,49,18,140,156,278,121,64,0,23,196,205,negative 
83,40,59,116,53,7,132,52,18,137,145,250,157,84,12,6,177,183,negative 
88,42,79,232,61,7,198,36,25,168,222,681,186,78,15,28,182,198,negative
104,49,89,168,54,4,212,31,24,153,238,682,198,78,1,23,190,189,negative 
81,47,69,146,64,6,151,44,19,147,171,340,195,75,5,0,183,188,negative 
78,40,98,194,71,8,195,32,22,167,241,500,194,75,20,28,195,196,negative
91,48,99,113,69,12,222,37,21,130,220,193,125,73,2,37,188,195,positive
86,42,101,186,68,8,219,33,25,125,218,629,148,71,7,22,179,182,positive
102,51,104,217,67,10,204,32,23,162,220,621,195,68,3,19,188,197,positive
92,41,107,149,62,10,115,30,22,165,211,355,152,63,18,14,186,195,positive
110,48,66,195,71,7,194,30,19,150,197,622,172,84,19,14,193,185,negative
103,55,100,194,62,11,212,31,24,175,217,666,219,73,10,14,187,194,negative
107,42,84,225,74,11,114,38,25,154,194,494,202,72,21,13,206,194,negative
89,38,95,174,51,9,210,30,24,139,235,638,119,60,17,36,179,183,positive
90,47,55,191,74,9,185,53,23,133,199,757,216,72,21,33,190,200,negative
95,57,104,228,74,10,212,31,24,175,224,670,223,74,0,4,186,193,negative
111,53,108,211,61,11,207,32,23,167,217,636,216,64,21,2,196,205,positive
86,48,75,136,58,10,161,43,20,163,170,371,185,75,3,1,183,192,negative 
91,37,76,138,55,8,132,51,18,135,157,256,124,69,0,12,191,192,negative 
87,42,64,150,64,10,133,50,18,142,157,264,159,67,7,1,193,201,negative 
91,41,64,148,61,8,129,51,18,142,161,249,153,68,6,12,194,201,negative 
91,39,88,189,63,9,175,38,21,132,197,457,156,69,0,23,191,198,positive
85,45,80,154,64,9,147,45,19,148,169,324,174,71,1,4,188,199,negative 
98,46,94,199,71,8,114,30,25,150,222,496,220,77,11,33,194,201,negative
86,36,78,146,58,7,135,50,18,124,155,270,148,66,0,25,190,195,positive
79,39,72,127,53,9,142,48,19,135,165,295,144,77,7,21,181,189,negative
90,33,83,183,54,10,211,37,19,129,195,670,212,63,6,23,179,182,positive
107,54,96,201,62,12,218,31,24,170,221,694,217,71,2,21,187,198,positive
84,46,97,161,53,8,133,30,19,167,207,407,131,82,15,25,188,196,positive
98,54,104,186,59,10,213,32,24,172,223,665,217,73,1,26,186,195,negative
86,42,65,113,50,8,152,45,19,141,169,332,171,85,4,16,179,183,negative 
108,53,104,181,56,11,220,31,25,167,226,712,214,72,15,18,189,199,positive
99,59,51,115,62,10,140,30,20,177,205,753,194,73,10,0,192,211,negative
93,39,87,183,64,8,169,40,20,134,200,422,149,72,7,25,188,195,positive
104,59,88,183,63,11,201,36,21,175,225,391,192,69,3,0,190,205,negative
108,52,109,182,55,12,216,31,24,171,229,687,214,72,10,28,189,201,positive
73,54,55,221,61,9,114,31,17,128,131,528,119,71,13,30,194,192,negative
110,54,102,201,64,11,213,31,24,171,222,669,221,73,17,16,188,198,positive
93,53,90,224,63,10,130,33,18,153,134,202,144,66,19,20,188,194,negative
75,52,105,183,60,7,114,59,20,165,234,704,159,82,5,21,187,203,negative
106,53,98,203,63,11,220,30,25,167,228,710,214,71,10,24,188,197,negative
101,42,91,219,69,9,201,33,23,164,241,276,156,77,13,12,197,194,negative
93,35,66,154,59,6,142,46,18,128,162,304,120,64,5,13,197,202,negative
78,48,101,205,69,6,129,32,23,142,228,669,119,60,4,3,180,198,positive
83,37,49,112,55,5,122,55,17,128,144,219,146,85,8,16,180,184,negative 
90,49,85,141,57,11,159,43,20,167,173,365,186,75,1,11,182,192,negative 
95,47,73,195,70,7,167,38,20,152,184,430,185,69,9,19,200,206,negative 
96,46,88,174,68,10,155,43,19,148,173,354,182,69,14,15,194,202,negative 
92,41,66,125,52,7,139,50,18,143,160,275,161,81,7,19,182,184,negative 
107,57,106,172,50,6,255,26,28,169,280,957,264,85,5,9,181,183,negative 
89,42,85,144,58,10,152,44,19,144,173,345,161,72,8,13,187,197,negative 
79,41,112,142,56,4,196,30,25,134,179,480,174,61,22,32,179,196,positive
101,56,100,204,62,12,227,30,25,178,231,757,204,73,0,11,186,197,negative
91,54,70,150,56,5,223,30,24,154,221,518,133,75,6,38,205,198,negative
89,36,68,141,59,8,139,47,18,130,166,291,127,73,7,1,189,196,negative 
81,43,68,148,64,7,150,45,19,144,175,330,171,80,1,2,182,185,negative 
90,41,62,147,60,6,128,52,18,141,149,246,157,61,13,4,201,208,negative 
105,54,108,234,70,12,215,31,24,168,226,687,228,68,4,22,189,201,positive
90,50,90,188,61,10,181,36,21,158,211,492,220,69,6,19,191,199,positive
100,55,96,232,57,12,127,59,19,123,212,619,158,67,15,28,186,211,negative
93,39,112,137,59,9,187,30,20,150,199,484,204,60,4,7,189,184,positive
92,37,75,191,71,6,161,40,20,128,180,393,135,69,1,14,195,202,negative 
80,39,60,122,56,6,139,49,18,131,151,281,142,80,0,5,179,186,negative
94,37,72,146,60,9,133,50,18,135,161,262,128,69,2,7,192,195,negative 
89,44,109,192,56,11,203,40,25,163,167,286,197,61,5,31,179,182,positive
86,40,75,146,62,6,140,48,18,135,158,290,162,72,3,21,183,190,negative
96,37,104,227,60,8,170,59,17,168,145,757,189,74,9,0,194,209,negative
104,51,105,168,54,10,208,32,24,162,220,641,221,72,9,20,187,197,positive
97,35,66,151,64,8,128,52,18,129,148,246,112,66,6,2,195,200,negative 
101,42,62,175,67,6,149,43,19,139,169,341,165,65,7,11,202,209,negative 
94,46,91,175,70,12,157,43,20,155,172,358,192,69,15,21,190,200,negative 
82,45,66,252,126,52,148,45,19,144,237,326,185,119,1,1,181,185,negative 
94,35,66,147,62,9,131,50,18,127,159,258,115,66,8,7,196,201,negative 
85,43,64,128,56,8,150,46,19,144,168,324,173,82,9,14,180,184,negative 
81,40,83,163,53,8,115,30,18,155,235,276,132,70,10,35,179,186,positive
81,43,68,139,62,7,149,46,19,145,172,323,171,83,1,14,180,184,negative 
93,47,85,161,65,12,155,43,19,157,179,354,178,76,2,9,184,196,negative 
105,43,99,208,74,10,114,37,21,144,204,602,179,76,6,5,205,211,negative
90,46,75,133,55,11,160,43,20,161,173,369,171,77,0,16,182,192,negative 
93,36,64,165,69,8,136,49,18,136,161,279,127,67,2,29,193,204,negative 
90,43,67,182,56,10,140,45,23,142,230,632,115,71,14,41,193,193,positive
98,50,90,192,63,9,177,37,21,155,195,472,197,65,10,1,193,201,positive
84,48,60,232,74,9,187,37,18,177,197,662,115,78,22,0,185,202,negative
101,55,108,228,69,12,215,31,24,168,229,684,214,71,2,16,188,199,positive
78,54,81,159,61,8,166,34,18,121,209,480,122,67,5,30,179,190,positive
109,58,94,179,63,11,145,50,18,169,241,191,220,78,20,5,191,209,negative
103,52,103,170,52,7,236,28,26,160,254,816,250,82,3,23,183,184,negative 
83,56,96,204,56,11,191,34,21,124,234,709,122,72,4,11,184,205,positive
86,41,66,129,55,7,135,50,18,136,154,266,165,74,3,4,180,187,negative
101,38,42,232,74,4,195,37,22,148,227,541,114,70,9,2,197,210,negative
78,37,104,234,62,7,201,30,21,118,235,721,192,66,14,9,190,182,positive
106,53,98,192,58,11,217,31,24,166,228,693,191,71,11,24,188,198,negative
79,46,84,200,53,11,208,42,22,118,155,239,115,69,18,14,179,182,positive
90,40,83,178,61,8,178,37,21,132,199,472,157,71,1,14,187,193,negative
117,52,110,228,65,12,212,31,24,163,228,668,220,66,21,25,194,205,positive
90,46,80,143,62,11,159,43,20,156,169,366,186,74,17,7,185,193,negative 
92,45,76,162,57,7,159,41,20,147,184,381,177,69,8,10,190,195,positive
82,44,72,136,61,7,147,46,19,143,173,317,183,81,6,17,181,185,negative 
99,46,105,209,64,11,197,34,23,152,212,575,159,65,0,33,194,205,negative
103,39,98,232,66,8,152,58,20,164,170,252,207,76,17,16,192,202,negative
106,49,96,201,61,10,181,36,21,158,197,494,180,62,19,15,202,209,negative
98,51,84,207,72,7,184,35,21,161,199,520,198,72,9,11,196,199,negative 
86,42,102,166,64,9,207,30,18,131,223,514,115,60,8,16,187,191,positive
88,38,58,137,60,5,148,46,19,131,163,319,157,86,12,0,180,183,positive
90,48,77,132,56,10,157,44,20,164,169,354,187,78,1,3,182,191,negative 
90,47,85,145,58,9,152,44,19,155,175,345,184,73,4,2,186,197,negative 
79,38,55,120,55,5,142,48,19,128,153,295,145,81,4,2,180,183,positive
108,41,102,218,74,9,182,36,23,134,163,245,218,78,7,17,187,210,negative
90,48,78,134,56,11,160,43,20,167,169,366,185,76,1,14,182,192,negative 
91,36,77,157,56,7,155,42,19,126,177,361,123,65,8,15,195,201,positive
92,45,79,154,62,9,222,31,18,118,181,355,224,75,2,4,191,193,positive
98,38,78,191,65,8,169,39,20,136,197,430,141,67,9,20,192,199,positive
82,48,61,181,55,9,127,40,18,118,172,193,170,66,7,10,179,190,positive
89,42,66,125,53,7,131,51,18,144,162,254,162,73,10,17,188,191,negative 
104,37,93,220,67,11,184,58,22,119,216,757,187,64,17,0,191,211,negative
100,51,89,199,65,6,201,32,23,159,219,622,205,74,6,7,193,193,negative 
98,39,81,191,64,9,166,40,20,138,184,415,131,62,8,19,197,205,positive
82,36,51,114,53,4,135,50,18,126,150,268,144,86,15,4,181,182,positive
100,41,112,143,65,8,115,37,23,118,163,365,188,70,7,5,186,188,positive
103,41,83,194,63,9,175,38,21,142,199,455,138,65,7,30,197,206,negative
89,45,81,246,102,43,155,44,20,160,200,347,177,90,9,17,183,192,negative 
83,44,79,158,63,9,203,32,20,118,232,287,172,64,16,36,191,182,positive
93,38,99,194,59,7,191,31,25,138,235,431,115,60,17,33,188,196,positive
89,44,80,191,66,6,162,40,20,143,189,396,180,66,13,11,194,199,negative
84,42,83,214,64,9,140,30,19,165,206,245,155,65,6,41,179,182,positive
89,41,88,232,66,12,116,38,25,154,216,588,114,65,17,38,190,201,negative
103,47,101,139,69,3,203,54,18,142,222,757,186,72,20,8,191,199,negative
96,40,70,120,50,8,137,50,18,141,162,269,139,80,10,13,183,183,negative 
101,54,106,188,57,7,236,28,26,164,256,833,253,81,6,14,185,185,negative 
92,40,66,111,48,7,139,50,19,140,159,277,148,85,12,19,182,183,negative 
86,45,71,170,70,6,146,45,19,146,172,321,189,71,10,8,187,191,negative 
91,41,93,197,65,9,183,36,21,137,202,504,153,66,11,24,193,200,negative
97,44,96,195,63,9,185,36,22,144,202,512,165,66,4,8,191,199,positive
98,46,88,191,63,6,192,34,22,147,215,563,174,73,2,26,194,197,negative 
97,37,78,181,62,8,161,41,20,131,182,389,117,62,2,28,203,211,negative
94,39,89,194,62,9,172,38,21,135,191,444,121,63,4,23,201,209,negative
108,54,109,189,57,11,220,31,25,174,229,709,214,70,12,23,189,201,positive
84,38,74,138,57,8,139,49,18,127,160,282,127,72,9,20,183,191,negative
103,56,100,185,59,11,216,31,24,173,219,684,219,75,15,11,186,194,negative
100,46,79,104,59,9,115,30,21,118,170,418,155,86,2,11,179,202,positive
89,47,83,322,133,48,158,43,20,163,229,364,176,97,0,14,184,194,negative 
89,37,54,119,53,5,134,50,18,127,151,266,146,79,16,14,184,185,positive
85,44,111,210,66,7,222,45,20,139,202,493,115,60,6,34,195,194,positive
99,51,48,186,74,11,117,59,22,149,218,653,175,68,5,15,186,211,negative
103,49,100,194,60,10,185,35,22,160,202,518,178,62,13,8,198,208,positive
98,35,70,182,68,5,155,41,19,124,184,371,117,71,3,22,202,205,negative 
109,49,101,231,72,8,192,39,25,165,131,757,129,71,8,5,186,193,negative
93,43,78,162,64,8,137,48,18,145,156,281,159,63,17,12,203,210,negative 
116,53,110,231,67,12,217,31,24,165,231,692,222,67,16,28,192,206,positive
89,46,78,150,63,11,160,43,20,160,170,367,176,73,5,9,185,194,negative 
93,40,73,139,58,6,136,49,18,138,166,275,137,73,0,0,187,188,negative 
86,38,86,175,60,9,170,39,21,134,191,433,138,68,1,28,191,199,positive
101,49,101,159,58,5,191,35,21,164,193,341,187,60,22,21,179,182,positive
85,42,66,120,53,7,149,46,19,143,169,321,160,85,10,7,180,182,negative 
99,53,105,219,66,11,204,32,23,165,221,623,224,68,0,6,191,201,positive
101,46,93,232,64,8,163,34,20,157,228,664,164,70,6,6,192,201,negative
86,41,64,211,70,3,213,58,25,188,219,452,152,75,22,36,190,204,negative
88,44,70,151,61,8,143,46,18,143,163,311,173,68,7,8,196,203,negative 
93,49,112,180,68,7,135,33,24,138,209,438,115,62,5,22,187,191,positive
101,56,100,215,69,10,208,32,24,169,227,651,223,74,6,5,186,193,negative
91,40,76,171,67,7,149,44,19,135,169,332,144,68,4,17,192,200,negative 
89,40,58,137,58,7,122,54,17,140,146,225,150,63,7,4,199,206,negative 
92,46,106,138,62,8,187,33,20,142,231,446,115,62,11,5,187,182,positive
89,42,89,147,61,11,151,44,19,145,170,338,163,72,11,23,187,199,negative 
98,51,94,218,65,8,173,36,20,127,131,689,188,76,7,0,189,198,negative
85,42,66,120,53,7,149,45,19,145,173,325,163,85,5,4,180,182,negative 
85,37,68,145,60,6,130,51,18,130,150,253,121,65,3,14,195,203,negative 
89,36,69,162,63,6,140,48,18,131,164,291,126,66,1,38,193,204,positive
89,47,81,156,57,8,161,41,20,149,187,388,197,72,9,15,187,193,negative
89,50,83,195,65,6,178,37,21,156,207,481,210,71,1,6,189,194,negative
90,48,85,157,64,11,161,43,20,167,175,375,186,74,3,16,185,195,negative 
82,45,68,139,64,6,147,46,19,143,169,320,184,80,0,1,181,184,negative 
93,37,73,174,68,7,151,43,19,131,175,347,135,68,1,22,196,205,negative 
109,54,109,225,68,11,214,31,24,169,226,675,212,68,11,32,189,202,positive
88,40,78,186,73,6,158,41,20,134,185,379,148,73,1,11,193,197,negative 
95,51,47,232,64,4,172,49,23,122,232,191,188,71,9,31,187,191,negative
105,45,100,195,61,10,198,33,23,149,214,586,186,67,8,5,192,200,positive
101,40,100,166,68,3,190,52,25,176,212,191,136,76,8,8,191,194,negative
87,44,98,211,70,10,189,35,22,141,214,535,178,71,2,21,187,194,negative
105,54,105,213,67,10,200,33,23,163,214,597,214,68,10,20,190,198,negative
79,55,111,207,61,8,207,30,25,177,154,645,175,73,8,41,179,195,positive
111,50,103,199,60,11,211,31,24,156,223,663,188,68,9,9,190,200,positive
85,43,66,123,56,6,148,46,19,145,166,319,171,85,6,11,179,182,negative 
96,46,80,104,67,4,188,40,25,165,201,545,200,72,13,20,188,186,positive
88,46,74,171,68,6,152,43,19,148,180,349,192,71,5,11,189,195,negative 
92,37,75,184,70,6,154,42,19,131,184,363,127,71,0,4,198,202,negative 
90,41,78,145,55,7,138,48,18,138,161,284,158,67,0,1,192,197,negative
96,55,103,201,65,9,204,32,23,166,227,624,246,74,6,2,186,194,negative
81,44,72,139,60,6,153,44,19,146,180,347,178,81,1,15,182,186,negative 
86,46,70,149,65,8,149,45,19,146,170,331,185,77,6,6,183,188,negative 
96,52,104,222,67,9,198,33,23,163,217,589,226,67,12,20,192,201,negative
105,44,50,214,74,9,114,54,25,119,217,564,226,77,14,18,205,201,negative
92,35,58,136,58,6,122,55,17,132,142,222,116,64,6,17,197,203,negative 
100,43,92,197,62,10,180,36,21,143,200,489,153,64,6,9,195,205,positive
92,37,80,180,67,8,154,43,19,129,180,353,144,69,6,9,190,195,positive
97,45,88,173,67,10,157,43,20,157,173,365,157,67,8,12,192,200,negative 
90,42,63,144,59,7,131,50,18,142,154,259,162,65,15,3,197,204,negative 
84,39,88,218,69,8,185,49,24,153,228,323,163,68,16,7,178,194,negative
88,42,66,133,57,6,123,54,17,144,147,227,160,66,8,4,193,198,negative 
87,44,87,143,59,12,222,36,24,153,235,700,115,64,11,41,179,182,positive
107,55,103,167,49,7,252,27,28,172,269,904,239,83,5,30,179,186,negative 
79,56,112,226,57,7,162,30,21,149,233,574,115,60,12,9,188,187,positive
89,36,68,149,60,8,133,50,18,134,153,265,119,62,6,18,201,209,negative 
92,40,49,223,67,6,179,34,23,119,241,462,187,66,8,10,180,183,negative
111,39,98,176,55,9,211,38,21,124,222,603,124,62,11,11,179,182,positive
91,41,102,104,61,9,115,32,19,176,223,193,182,67,15,25,183,198,positive
84,44,80,140,58,11,156,44,20,157,166,349,176,74,5,17,183,193,negative 
97,59,108,227,70,11,224,30,25,186,225,732,218,70,10,25,186,198,negative
89,38,82,156,59,8,153,43,19,129,179,351,137,70,1,1,187,192,positive
94,39,75,184,72,8,155,42,19,133,175,365,145,70,4,5,192,200,negative 
86,45,94,154,58,11,191,38,18,156,207,589,168,72,0,7,183,209,negative
97,49,76,203,73,7,178,36,21,157,194,487,186,72,0,7,197,200,negative 
113,48,98,208,62,9,203,33,23,151,216,613,183,64,17,29,193,204,positive
84,37,53,121,59,5,123,55,17,125,141,221,133,82,7,1,179,183,negative 
108,49,103,200,62,10,206,32,23,155,227,635,215,72,6,16,189,198,positive
104,53,108,204,64,11,220,31,25,172,226,707,203,71,14,30,189,203,positive
89,44,70,158,64,6,141,47,18,143,164,299,173,66,9,11,193,199,negative 
107,53,103,221,66,11,209,32,24,163,222,653,212,66,0,1,191,201,negative
111,58,105,183,51,6,265,26,29,174,285,1018,255,85,4,8,181,183,negative 
93,48,84,150,63,11,156,44,20,165,171,354,188,73,8,15,185,195,negative 
78,38,63,115,51,6,142,47,19,130,162,299,146,77,2,4,181,185,positive
96,40,78,170,58,7,174,38,21,139,197,455,160,68,3,29,191,200,positive
100,37,67,232,73,9,155,30,18,141,230,650,250,72,17,36,195,211,negative
103,34,66,179,64,9,116,31,22,152,236,533,189,67,22,4,197,210,negative
113,50,100,234,67,6,149,34,19,132,201,410,128,60,15,28,179,197,positive
91,44,79,190,62,10,181,36,18,145,193,275,195,60,3,11,184,198,positive
89,41,63,134,59,6,123,55,17,137,148,223,150,76,12,3,186,188,negative 
100,58,109,230,70,11,226,30,25,182,234,752,207,72,0,13,187,198,negative
91,39,82,164,68,10,143,46,19,137,164,308,158,68,13,9,191,201,negative 
90,39,89,181,62,8,175,38,21,132,200,458,154,70,11,15,189,195,positive
103,56,105,183,59,10,210,32,24,173,217,648,218,72,13,22,188,196,negative
94,37,72,193,72,6,158,41,19,133,184,385,127,70,0,14,200,204,negative 
104,38,59,232,73,10,176,59,24,187,213,458,147,74,21,15,188,204,negative
83,46,109,212,65,6,204,36,21,150,235,696,124,68,8,14,194,203,positive
106,54,105,164,48,5,247,27,27,165,269,891,243,84,12,1,181,182,negative 
96,53,90,190,53,7,114,32,24,143,214,757,160,70,21,39,179,201,negative
92,43,42,202,72,9,190,34,19,138,211,757,177,68,17,15,206,206,negative
84,39,109,147,62,10,205,41,24,159,235,193,175,61,16,18,185,191,positive
97,59,82,201,62,10,161,59,19,139,227,668,204,74,9,3,192,208,negative
87,36,53,117,58,4,118,57,17,125,138,205,138,85,9,15,180,183,negative 
91,59,50,169,62,9,144,33,24,167,241,695,119,72,6,8,195,204,negative
99,56,82,162,61,9,215,32,20,135,216,659,122,67,6,36,183,194,positive
89,46,77,125,52,10,156,44,20,160,171,351,177,78,7,17,183,191,negative 
92,46,79,176,64,8,162,41,20,149,183,396,178,67,2,10,191,198,negative
103,46,90,170,70,10,206,36,20,127,220,757,183,87,2,30,182,204,negative
108,51,100,206,63,10,196,34,23,159,214,576,201,65,7,16,194,205,positive
89,46,81,232,65,11,166,34,25,188,195,659,171,74,15,38,192,205,negative
94,49,79,203,71,5,174,37,21,154,196,465,206,71,6,2,197,199,negative 
89,45,77,188,64,9,161,41,20,151,190,390,174,66,4,2,194,201,positive
87,43,65,127,56,8,149,46,19,143,169,322,171,85,6,3,180,182,negative 
103,44,78,232,74,9,125,32,23,119,210,602,198,67,22,5,189,206,negative
88,41,80,147,62,8,146,45,19,144,169,318,161,71,4,16,188,197,negative 
81,39,71,192,59,5,192,34,20,118,135,600,115,72,8,4,179,187,positive
86,38,76,143,59,8,142,47,18,131,167,301,138,71,5,10,189,196,negative 
96,44,85,166,66,10,155,43,19,150,167,355,159,67,3,10,192,202,negative 
82,38,101,213,56,12,194,40,24,123,235,433,115,71,4,40,187,187,positive
90,38,57,232,74,13,184,45,25,149,186,347,174,67,15,17,188,195,negative
99,52,104,177,55,10,210,32,24,166,219,657,215,73,3,2,187,194,negative
73,35,100,144,59,9,165,37,20,172,211,413,178,70,5,13,180,211,negative
111,54,103,171,50,11,221,30,25,172,227,727,201,69,15,6,190,198,negative
83,56,112,211,63,4,210,37,20,158,203,193,115,61,11,27,182,182,positive
102,54,100,163,53,10,213,31,24,173,219,669,201,76,12,27,187,195,negative
89,37,91,212,71,9,148,37,23,146,167,739,210,76,19,0,184,193,negative
79,56,107,196,62,12,124,30,20,150,220,511,163,70,6,17,179,192,positive
98,44,101,188,52,6,130,45,24,126,234,446,124,75,0,17,179,189,positive
76,43,92,232,74,4,199,31,22,166,213,507,124,87,14,39,206,199,negative
96,48,83,177,59,8,171,39,21,152,195,438,196,67,15,0,195,201,negative
78,42,57,180,66,10,206,35,24,167,212,193,140,67,10,14,179,184,positive
99,34,45,181,58,11,118,38,21,140,193,541,170,75,11,16,187,189,negative
102,34,44,222,62,8,227,31,22,151,221,571,194,71,15,14,188,208,negative
95,45,105,208,64,10,187,36,22,150,202,520,158,64,7,32,198,211,positive
97,56,104,163,66,7,156,41,22,127,203,253,165,65,15,41,191,184,positive
104,55,105,216,68,11,205,32,23,169,221,623,216,71,9,18,189,196,negative
80,38,64,130,59,8,134,51,18,126,152,259,135,76,1,23,179,188,negative
87,41,73,158,64,7,151,44,19,138,175,341,152,73,3,8,190,194,negative 
94,45,72,179,69,6,156,41,19,144,181,373,191,69,5,5,193,198,negative 
96,50,94,215,67,9,187,35,22,158,214,525,214,67,8,6,193,201,positive
91,35,66,159,59,7,147,45,19,131,169,322,123,64,1,1,197,203,negative
91,46,75,185,75,7,154,42,19,147,178,362,192,72,8,8,192,199,negative 
84,46,95,175,74,11,204,59,19,160,224,757,183,68,21,0,186,201,negative
106,54,103,161,47,4,247,27,27,166,266,892,242,85,4,11,181,183,negative 
93,45,83,142,56,10,157,43,20,155,180,364,188,75,1,21,184,197,negative 
89,41,76,183,73,7,157,42,19,136,181,373,153,74,8,12,191,195,negative 
89,43,77,147,54,8,144,46,19,146,163,308,174,64,13,5,194,201,positive
91,54,98,187,69,6,115,32,24,152,187,552,115,68,11,1,187,189,positive
78,37,50,120,56,10,166,31,25,129,235,611,218,80,1,2,196,193,positive
84,36,75,136,55,6,140,48,18,125,166,290,138,71,4,36,189,195,positive
94,48,87,162,64,10,157,43,20,161,179,363,186,75,4,15,184,195,negative 
94,40,85,186,62,9,169,39,20,139,184,430,133,61,2,9,200,210,positive
82,43,73,154,65,7,151,44,19,143,178,341,160,76,5,11,185,189,negative 
86,44,79,131,56,9,159,45,18,125,175,465,182,78,14,1,186,182,positive
100,54,102,206,65,10,198,33,23,164,224,587,240,72,4,11,187,196,positive
78,39,103,149,64,12,195,33,25,129,135,515,184,67,18,16,182,182,positive
83,42,71,152,64,7,149,45,19,142,172,331,158,74,2,2,184,190,negative 
87,39,74,152,58,6,151,44,19,136,174,337,140,70,1,33,187,196,positive
84,49,90,220,60,9,160,30,22,143,235,594,193,67,3,25,179,211,positive
98,55,101,219,69,11,225,30,25,178,231,748,216,74,6,14,187,195,negative
81,56,66,167,63,4,193,35,23,148,174,260,198,64,3,38,182,198,positive
89,45,106,177,69,8,181,37,23,147,211,300,115,76,11,30,192,188,negative
100,38,75,202,70,8,116,31,19,157,131,539,193,70,22,15,187,194,negative
95,43,96,202,65,10,189,35,22,143,217,534,166,71,6,27,190,197,negative
95,48,83,178,72,10,162,42,20,159,176,379,184,70,6,16,187,197,negative 
86,41,64,148,61,5,150,45,19,138,165,333,173,80,5,8,182,185,positive
83,46,68,139,59,6,150,44,19,146,172,336,183,74,5,3,185,191,negative 
107,54,98,203,65,11,218,31,25,167,229,696,216,72,1,28,187,199,positive
102,54,98,201,61,6,225,29,25,165,246,766,231,79,9,14,188,187,negative 
103,50,68,232,74,12,195,59,24,131,208,757,207,76,19,0,191,200,negative
104,55,100,201,66,10,214,31,24,173,224,680,221,74,1,1,185,194,positive
89,42,75,140,55,6,145,46,19,139,170,312,166,71,15,26,191,198,negative
96,45,110,160,53,11,208,46,18,177,235,539,221,69,13,10,179,203,positive
93,50,92,232,67,7,213,30,20,150,230,191,171,76,4,28,192,206,negative
107,52,103,186,57,11,214,31,24,162,217,676,189,66,6,5,189,198,negative
84,45,68,148,64,6,146,46,19,142,168,317,180,75,5,1,183,187,negative 
109,49,109,193,59,10,207,32,24,156,225,635,213,70,13,31,191,202,positive
86,39,60,140,60,7,119,55,17,134,140,212,141,61,7,8,200,207,negative 
88,45,82,155,56,8,154,43,19,149,180,357,170,69,3,0,188,193,positive
107,55,98,199,59,7,240,27,26,168,258,866,245,80,3,1,186,184,negative 
97,34,95,232,74,10,180,34,18,162,144,191,230,70,17,38,197,211,negative
94,49,87,159,64,10,157,43,20,158,179,363,203,75,4,0,183,194,negative 
79,49,111,199,51,6,165,30,22,166,211,721,175,73,10,0,179,182,positive
93,35,78,162,60,8,150,45,19,125,172,331,137,67,2,33,191,198,negative
86,38,58,119,56,4,118,57,17,129,140,208,152,78,9,2,184,186,negative 
81,42,63,125,55,8,149,46,19,145,166,320,172,86,7,7,179,182,negative 
83,46,73,137,59,6,148,45,19,146,167,327,183,75,8,0,185,191,negative 
105,51,80,207,71,6,195,33,22,159,214,579,188,75,6,20,194,194,negative 
86,47,112,135,56,11,215,30,25,152,235,721,122,68,22,41,187,202,positive
88,40,55,114,53,7,132,53,18,139,142,249,158,87,0,7,176,183,negative 
99,54,100,199,62,9,200,33,23,166,222,600,241,70,2,7,189,198,negative
91,40,83,166,60,8,160,41,20,133,189,383,155,72,5,7,186,191,positive
87,35,52,178,65,7,222,37,19,141,235,538,115,67,22,36,184,182,positive
89,36,77,172,62,8,157,42,19,125,174,367,126,63,5,22,198,205,negative
86,40,66,138,59,4,137,49,18,133,162,279,151,74,6,14,186,190,positive
81,45,68,137,60,7,152,45,19,151,167,333,179,81,3,13,179,183,negative 
88,40,69,146,59,7,130,51,18,134,147,252,144,64,1,1,193,200,negative
89,40,72,155,63,7,146,45,19,135,175,321,145,72,4,10,192,196,negative 
85,39,68,119,52,5,128,53,18,135,148,241,142,75,8,8,182,187,negative 
96,41,69,153,56,7,141,47,18,141,162,297,169,61,11,8,202,209,positive
86,45,71,155,66,7,146,45,19,144,167,322,176,72,5,6,189,196,negative 
103,55,112,172,59,6,173,36,20,144,235,603,150,68,18,21,183,192,positive
91,45,76,171,69,7,150,44,19,144,170,340,179,69,12,1,195,201,negative 
101,45,86,134,59,12,208,30,19,166,160,468,115,68,16,14,188,184,positive
96,41,77,177,64,5,177,36,21,134,205,485,148,74,0,4,196,198,negative 
85,38,75,132,54,7,147,46,19,131,171,318,145,75,7,25,183,188,positive
93,45,73,164,59,7,159,42,20,146,182,379,188,65,11,15,195,201,negative
89,50,94,232,72,10,153,45,21,119,227,632,139,73,5,11,176,203,negative
96,37,74,187,68,8,159,42,20,134,183,378,134,69,3,16,190,197,positive
94,44,84,216,74,6,184,35,22,145,208,525,154,73,4,22,196,197,negative 
96,54,104,175,58,10,215,31,24,175,221,682,222,75,13,23,186,194,negative
88,39,76,155,62,8,137,48,18,137,156,281,124,63,3,6,201,209,negative 
83,45,73,161,68,8,142,46,18,144,169,305,179,71,10,3,191,199,negative 
105,56,98,209,64,11,217,31,24,173,225,696,216,72,2,19,188,199,negative
94,37,73,186,71,7,154,42,19,127,171,362,132,67,2,8,197,206,negative 
81,41,108,174,52,12,169,33,21,150,235,721,193,63,22,34,183,192,positive
97,46,101,210,66,8,192,35,22,151,208,546,169,66,1,32,191,200,negative
93,44,90,166,65,10,153,44,19,156,170,348,143,66,9,17,194,203,negative 
86,37,60,115,54,5,119,56,17,132,141,209,129,72,2,8,186,190,negative 
81,44,68,120,53,6,151,45,19,147,170,333,178,86,4,5,179,183,negative 
87,49,91,104,56,8,162,32,19,139,219,628,145,63,6,7,189,196,positive
94,46,77,169,60,8,158,42,20,148,181,373,181,67,12,2,193,199,positive
101,55,105,182,59,10,215,31,24,177,221,678,223,74,12,26,186,195,negative
107,54,108,228,68,12,218,31,25,170,223,700,224,67,13,25,190,204,positive
98,47,109,202,59,11,199,34,23,154,207,586,165,61,1,33,194,208,positive
89,47,81,147,64,11,156,44,20,163,170,352,188,76,6,13,184,193,negative 
88,40,98,180,65,12,124,32,23,173,218,580,153,72,20,23,195,206,negative
108,57,105,139,70,4,211,38,17,178,216,482,216,75,21,14,195,200,negative
91,47,75,143,57,10,194,41,21,118,190,205,140,85,3,41,184,183,positive
106,55,98,224,68,11,215,31,24,170,222,679,214,68,2,29,189,201,negative
95,41,82,170,65,9,145,46,19,145,163,314,140,64,4,8,199,207,negative 
102,47,111,118,67,11,208,30,20,147,235,452,156,60,22,12,179,193,positive
95,49,92,193,62,10,178,37,21,154,200,478,171,64,2,0,198,206,negative
80,38,63,129,55,7,146,46,19,130,168,314,158,83,9,20,180,185,positive
82,37,59,134,63,7,135,51,18,128,151,264,143,82,11,24,179,185,positive
79,43,72,141,62,8,153,44,19,144,175,344,174,78,0,8,182,188,negative 
90,52,101,199,64,10,222,30,19,149,222,642,173,66,8,35,179,192,positive
85,40,66,121,52,4,152,44,19,133,170,340,163,87,13,3,180,183,negative
89,38,80,169,59,7,161,41,20,131,186,389,137,68,5,15,192,197,positive
89,42,80,151,62,6,144,46,19,139,166,308,170,74,17,13,185,189,positive
96,47,77,204,72,6,167,38,20,150,188,429,182,69,6,16,199,203,negative 
81,45,68,169,73,6,151,44,19,146,173,336,186,75,7,0,183,189,negative 
83,54,100,114,52,6,190,30,23,123,160,554,211,75,0,10,179,201,positive
105,34,96,145,60,9,207,35,17,164,216,222,164,87,6,38,181,209,negative
89,42,70,148,62,7,147,45,19,143,176,323,153,76,2,6,186,189,negative 
87,42,60,116,51,6,150,46,19,141,169,324,171,85,2,14,178,182,negative 
103,56,99,196,74,8,185,58,18,150,213,215,192,67,1,28,181,206,negative
83,44,70,166,69,5,143,46,18,143,166,306,170,69,7,6,188,193,negative 
102,55,83,183,53,7,190,36,18,118,196,193,173,86,13,16,189,192,positive
95,49,82,139,56,11,159,43,20,162,173,365,185,75,7,10,182,191,negative 
104,55,105,223,70,10,223,30,25,177,237,737,218,75,14,11,188,196,negative
85,46,108,104,54,7,213,39,25,151,232,449,126,67,18,26,184,193,positive
86,56,101,147,57,9,165,30,24,160,235,386,189,73,5,41,186,190,positive
95,53,95,202,65,10,193,34,22,160,220,559,237,71,3,2,188,196,positive
88,39,88,194,69,8,168,40,20,133,199,416,151,74,3,22,186,192,negative
84,39,90,180,60,7,177,37,21,131,209,469,145,71,4,38,190,198,negative
87,37,60,132,57,6,128,52,18,129,154,243,132,71,1,14,186,192,positive
104,55,107,222,68,11,218,31,24,173,232,703,229,71,3,10,188,199,positive
105,34,77,155,59,10,140,35,20,157,232,323,174,78,20,0,192,193,negative
108,55,105,230,68,11,218,30,24,171,228,709,210,69,14,4,190,197,negative
85,36,66,123,55,5,120,56,17,128,140,212,131,73,1,18,186,190,negative 
110,51,104,191,57,12,213,31,24,162,226,674,190,68,18,2,191,199,positive
89,40,79,154,64,9,144,46,19,139,168,311,149,71,8,7,188,197,negative 
78,43,92,215,72,6,161,30,21,153,213,191,149,78,22,35,195,201,negative
105,53,108,206,63,12,222,31,25,168,226,712,201,71,15,35,189,203,positive
91,49,94,234,62,4,214,34,21,119,224,445,179,65,0,10,179,185,positive
85,47,75,121,53,9,157,44,20,165,168,358,176,77,1,7,182,191,negative 
92,37,86,167,60,7,158,42,20,131,181,373,144,68,9,21,190,196,positive
102,46,112,203,58,10,192,30,24,152,226,643,143,65,8,9,189,193,positive
84,43,73,183,64,11,222,30,22,118,212,517,115,61,7,40,179,182,positive
87,40,81,162,68,10,146,46,19,139,167,317,157,70,0,13,189,199,negative 
109,40,49,232,69,8,134,35,19,127,166,564,231,67,9,11,196,206,negative
108,54,103,212,65,11,208,32,24,162,228,648,240,71,9,0,189,197,positive
89,41,75,143,56,7,146,46,19,137,170,317,156,76,18,5,184,188,negative
97,41,92,197,63,10,179,37,21,140,197,481,136,63,4,3,197,204,negative
73,37,53,111,54,6,126,55,18,128,135,227,147,82,1,15,176,184,negative
87,39,70,148,61,7,143,46,18,136,164,307,141,69,1,2,192,199,negative 
108,53,103,202,64,10,220,30,25,168,224,711,214,73,11,10,188,199,positive
78,49,112,148,61,10,164,46,22,162,235,609,115,65,11,34,179,192,positive
105,44,101,148,69,7,188,35,23,180,226,656,114,74,12,27,183,191,negative
91,42,84,209,75,6,171,38,20,138,189,446,161,69,3,12,196,201,negative 
91,46,78,148,61,9,147,45,19,152,168,323,199,70,13,11,189,200,negative 
93,43,76,149,57,7,149,44,19,143,172,335,176,69,14,0,189,194,positive
86,52,110,185,58,8,171,30,19,177,232,352,193,63,4,3,187,203,positive
86,39,84,149,57,8,156,43,20,133,185,358,157,74,0,23,183,190,negative
106,43,98,177,51,6,136,30,19,159,191,351,173,63,17,5,184,190,positive
85,34,53,127,58,6,116,58,17,121,137,197,127,70,3,20,185,189,positive
93,51,90,209,69,8,183,36,22,156,211,506,230,70,6,1,189,196,positive
85,38,93,185,62,7,114,33,24,152,213,655,160,65,19,26,191,199,negative
107,51,48,232,72,11,182,33,22,150,220,331,182,72,2,2,202,195,negative
104,55,109,230,67,12,218,30,24,174,230,706,226,67,8,22,191,202,negative
80,37,57,116,55,6,125,54,18,125,142,229,132,81,8,5,178,184,negative
96,45,87,169,67,10,154,44,19,149,167,351,174,67,9,8,192,201,negative 
85,36,51,115,56,5,119,57,17,124,139,207,127,81,13,5,181,184,negative 
100,46,90,172,67,9,157,43,20,150,170,363,184,67,17,7,192,200,negative 
98,45,76,166,60,7,157,42,20,148,184,371,186,69,13,10,190,196,negative
85,45,73,167,69,8,143,46,18,148,173,307,176,71,2,0,190,199,negative 
89,52,46,232,63,4,204,32,19,152,146,434,176,70,4,33,191,196,negative
99,57,100,177,54,13,224,30,25,188,223,726,213,72,4,7,185,198,negative
94,45,89,213,71,5,186,35,22,145,204,533,182,71,4,13,195,198,negative 
106,54,100,227,67,4,250,27,27,162,280,923,262,88,5,11,182,182,negative 
90,41,71,169,68,7,150,44,19,138,175,336,157,71,3,18,192,197,negative 
98,55,104,213,67,9,206,32,23,167,223,629,220,72,5,19,187,196,positive
91,43,70,133,55,8,130,51,18,146,159,253,156,70,1,8,190,194,negative 
92,39,76,180,71,6,152,43,19,131,179,350,143,72,6,14,195,200,negative 
78,36,51,116,56,4,120,57,17,124,135,209,135,84,1,12,177,184,negative
95,41,80,210,61,8,146,38,18,119,142,688,201,75,3,11,181,199,negative
88,56,106,119,58,11,199,30,25,128,169,564,168,66,22,13,179,185,positive
109,49,103,186,57,11,206,32,23,156,212,630,186,65,12,21,192,201,negative
90,44,69,152,64,7,135,49,18,145,165,272,162,75,3,2,187,191,negative 
100,46,81,187,61,9,166,40,20,154,189,415,175,63,13,9,198,207,positive
93,53,84,104,62,10,192,41,19,154,226,595,115,66,5,25,185,199,positive
78,43,70,147,65,8,147,46,19,145,169,319,168,77,1,12,181,186,negative 
85,42,70,130,56,7,150,45,19,145,177,328,172,82,10,14,181,185,negative 
97,48,94,198,63,9,181,36,21,155,200,494,189,64,20,11,199,203,negative
93,47,85,163,66,11,156,44,20,158,172,355,178,74,7,15,183,195,negative 
78,39,110,189,55,10,115,37,18,149,235,555,115,75,9,0,189,190,positive
91,42,80,162,66,8,148,44,19,145,171,331,147,70,3,5,189,199,negative 
96,42,58,188,74,11,196,33,22,124,211,556,232,74,9,18,195,201,negative
86,44,65,129,56,6,152,45,19,150,168,331,177,83,4,13,178,183,negative 
106,46,74,140,73,10,214,30,25,171,174,258,138,70,2,0,197,205,negative
89,48,85,189,64,8,169,39,20,153,188,427,190,64,16,5,195,201,positive
89,33,91,172,52,10,210,30,24,128,235,721,196,72,16,17,195,182,positive
89,37,51,111,54,5,120,56,17,127,138,213,147,82,7,4,181,183,negative 
110,56,103,223,64,5,250,26,27,169,280,928,239,85,4,6,184,183,negative 
93,47,83,165,60,7,167,40,20,147,197,417,201,73,12,4,187,192,negative
78,38,82,206,60,11,204,36,19,148,153,598,134,70,17,20,179,196,positive
83,37,54,131,61,4,135,50,18,127,152,271,141,85,3,6,180,183,positive
89,41,75,162,66,5,153,43,19,136,175,352,154,72,2,0,188,195,negative 
86,39,62,129,59,6,116,57,17,135,137,203,145,64,7,9,199,204,negative 
90,43,81,231,97,46,150,45,19,149,200,332,164,91,5,9,186,196,negative 
97,44,95,202,66,9,188,35,22,144,216,526,175,72,15,11,190,197,positive
105,55,99,232,70,6,149,51,19,119,227,735,159,75,0,16,191,211,negative
103,51,105,174,56,11,210,32,24,163,222,650,222,73,8,9,187,196,positive
95,38,66,126,52,8,133,52,18,140,158,253,140,78,11,8,184,183,negative 
103,48,96,232,71,10,205,32,23,153,226,633,197,71,2,15,188,196,negative
74,40,69,142,58,10,199,35,25,157,177,757,231,77,7,23,179,209,negative
96,40,100,178,58,8,181,37,21,134,205,486,160,68,5,34,192,202,positive
96,52,112,234,66,12,196,30,22,122,223,461,157,70,10,20,182,192,positive
100,52,109,225,68,10,222,30,25,165,241,731,207,73,7,28,188,199,negative
92,42,75,172,60,8,147,45,19,142,174,322,160,62,22,10,206,211,negative
79,47,68,175,73,9,195,41,22,121,196,193,115,66,22,32,179,192,positive
83,37,62,113,53,6,122,55,17,129,143,218,135,79,0,7,181,185,negative 
95,36,73,191,73,6,156,41,19,126,184,374,124,71,2,19,199,204,negative 
105,51,108,201,62,11,220,30,25,163,232,711,202,72,12,16,189,200,positive
102,54,98,177,56,10,219,31,25,171,219,706,223,72,5,17,186,196,negative
90,48,78,142,59,11,160,43,20,160,173,370,185,76,10,11,183,192,negative 
95,43,102,172,57,8,206,43,21,137,235,718,133,60,9,35,194,198,positive
84,40,71,131,55,7,150,45,19,134,167,330,165,80,12,1,180,186,negative
87,35,80,234,68,8,217,30,22,127,227,616,115,68,22,4,179,182,positive
90,36,78,179,64,8,157,42,19,126,182,367,142,66,1,20,192,198,negative
104,58,103,230,69,11,219,30,25,176,231,716,246,71,7,4,187,196,negative
93,41,79,159,63,8,144,46,19,150,165,309,134,67,4,9,195,203,negative 
97,44,98,164,64,12,212,30,23,129,229,193,150,67,9,23,187,196,positive
100,47,70,185,70,7,162,40,20,153,179,406,172,68,9,6,200,205,negative 
98,46,77,199,71,7,166,39,20,150,184,422,180,69,13,9,200,203,negative 
87,45,100,197,66,10,192,30,22,118,149,720,176,62,5,26,179,189,positive
87,44,65,124,56,6,149,46,19,144,170,321,171,87,4,12,179,182,negative 
87,37,52,116,54,6,115,58,17,126,135,196,144,74,11,22,186,190,negative 
85,45,82,133,56,11,159,43,20,156,170,362,173,76,10,21,183,193,negative 
85,39,57,126,56,6,114,58,17,135,134,195,145,64,17,7,197,202,negative 
86,36,70,143,61,9,133,50,18,130,153,266,127,66,2,10,194,202,negative 
105,51,76,171,74,9,114,32,24,142,155,220,176,78,14,18,187,203,negative
82,39,86,140,54,7,153,45,19,134,174,338,139,71,11,18,183,189,negative
105,46,100,195,61,9,193,34,22,150,207,557,161,65,5,9,194,202,negative
84,44,65,128,55,8,150,46,19,148,169,325,176,82,1,11,179,183,negative 
97,55,103,197,63,11,215,31,24,172,219,677,219,75,5,24,185,194,negative
94,38,88,179,60,7,170,39,21,131,188,435,144,66,2,28,195,204,positive
91,49,86,195,63,8,177,37,21,156,203,473,201,67,7,5,192,198,negative
102,52,98,225,71,10,214,31,24,164,228,682,199,71,0,16,187,196,negative
104,52,99,232,74,8,114,50,21,165,209,630,192,69,10,4,193,195,negative
90,46,73,137,58,11,161,43,20,158,170,373,186,76,0,9,182,193,negative 
84,43,70,123,54,8,151,45,19,146,173,332,176,81,1,12,181,184,negative 
92,42,69,153,58,8,140,48,18,138,165,290,151,64,10,21,199,206,negative
82,43,70,250,105,55,139,48,18,145,231,289,172,99,4,9,190,199,negative 
82,41,70,155,64,7,148,45,19,138,172,328,152,72,5,17,187,195,negative 
86,42,65,116,53,6,152,45,19,141,175,335,172,85,5,4,179,183,negative 
90,45,63,142,62,9,134,59,24,156,225,478,195,69,2,18,202,211,negative
111,46,96,182,63,8,196,37,22,148,198,361,185,71,3,9,193,206,negative
78,56,103,191,64,5,209,42,25,157,135,536,115,72,0,32,179,192,positive
101,44,105,168,63,9,146,30,18,124,216,504,169,60,0,23,185,182,positive
99,48,79,199,68,6,185,35,22,153,202,524,171,74,5,8,195,195,negative 
86,43,68,150,64,9,138,48,18,143,161,285,174,69,6,0,192,201,negative 
99,53,86,205,73,11,199,35,25,170,234,374,205,74,16,22,185,192,negative
98,52,86,207,69,5,192,33,22,161,212,570,221,75,4,6,194,195,negative 
101,52,101,197,62,9,188,35,22,162,208,527,203,67,14,15,193,202,positive
95,52,73,224,68,12,203,30,18,175,219,198,142,60,10,37,179,191,positive
90,36,57,130,57,6,121,56,17,127,137,216,132,68,22,23,190,195,positive
103,54,91,179,57,11,220,31,25,170,220,707,198,72,1,32,186,198,negative
94,45,85,160,63,10,158,43,20,157,174,367,162,68,1,6,189,199,negative 
88,37,51,105,52,5,119,57,17,128,135,207,125,86,8,16,179,183,negative 
90,46,94,154,68,7,172,30,22,118,227,430,180,72,3,29,185,182,positive
86,41,105,199,74,11,129,32,18,142,241,694,200,78,10,3,193,199,negative
90,57,42,175,58,9,114,31,25,121,131,352,136,74,3,0,202,205,negative
96,49,97,232,74,4,202,59,24,119,143,739,197,72,17,4,189,194,negative
106,49,106,211,64,9,208,32,24,158,224,645,184,68,1,24,190,202,positive
97,41,88,184,59,9,175,38,21,140,192,459,147,63,1,5,196,205,positive
96,41,86,225,74,4,201,30,25,139,223,479,241,73,22,13,188,210,negative
99,51,105,232,63,8,117,45,17,160,200,543,171,71,10,13,206,196,negative
94,36,68,127,54,7,127,52,18,132,155,242,116,66,1,2,195,196,negative 
97,47,87,164,64,9,156,43,20,149,173,359,182,68,1,13,192,202,negative 
88,34,58,140,59,6,127,52,18,130,148,243,113,63,4,10,199,206,negative 
109,50,87,203,63,9,114,59,20,145,168,191,160,64,9,0,186,191,negative
88,36,78,160,62,6,140,48,18,123,161,287,129,66,4,35,194,202,negative
104,56,96,231,74,11,220,30,25,172,223,713,218,73,6,16,186,195,negative
102,55,101,213,67,12,222,30,25,177,226,719,213,71,2,21,187,199,positive
113,57,109,194,56,6,260,26,28,175,288,982,261,85,11,21,182,183,negative 
93,55,97,218,61,11,153,31,25,123,220,193,157,61,13,18,179,182,positive
86,36,112,178,60,11,115,30,24,126,180,368,134,67,10,8,186,182,positive
95,43,83,198,69,6,177,36,21,139,189,484,163,68,6,4,196,198,negative 
100,43,109,205,61,12,210,38,22,138,209,685,115,69,7,19,179,192,positive
78,56,100,181,55,11,129,31,20,126,173,393,237,61,15,6,184,191,positive
98,55,101,228,70,9,210,31,24,168,236,661,245,72,1,6,188,197,negative
106,54,101,222,67,12,222,30,25,173,228,721,200,70,3,4,187,201,positive
97,48,105,212,64,11,201,33,23,155,212,602,162,64,2,7,193,202,negative
91,55,76,169,63,7,180,30,18,170,197,643,144,69,0,22,180,186,positive
90,48,86,306,126,49,153,44,19,156,272,346,200,118,0,15,185,194,negative 
82,45,68,150,69,5,148,45,19,144,169,322,184,80,5,0,181,184,negative 
96,44,68,190,70,7,155,41,19,145,179,372,166,67,5,7,202,206,negative 
86,43,69,123,54,6,150,46,19,144,174,325,177,87,3,7,180,182,negative 
100,49,96,206,63,9,186,35,22,156,202,519,176,62,3,5,197,205,negative
99,34,89,204,69,10,217,34,18,128,209,707,114,69,5,18,201,197,negative
87,42,64,150,64,10,133,50,18,141,157,265,159,67,7,0,193,201,negative 
93,41,75,124,51,7,140,49,18,141,164,284,149,77,5,15,184,185,negative 
95,36,93,201,66,10,186,59,17,144,164,757,152,85,11,26,194,203,negative
88,35,50,121,58,5,114,59,17,122,132,192,138,74,21,4,182,187,negative
80,43,54,175,56,9,188,31,18,118,207,553,135,76,1,22,179,197,positive
81,46,71,141,61,7,153,44,19,148,177,347,190,80,1,14,182,187,negative 
86,45,70,122,56,7,148,45,19,144,170,324,186,84,9,5,180,183,negative 
93,34,66,140,56,7,130,51,18,120,151,251,114,62,5,29,201,207,negative
80,36,69,127,56,7,128,53,18,124,147,240,133,70,2,21,183,191,negative
91,52,98,196,62,9,193,34,22,161,216,562,244,69,3,1,190,199,negative
107,56,105,202,61,11,221,30,25,179,234,725,212,72,15,1,189,196,negative
96,56,103,232,71,8,188,36,24,127,212,561,176,79,7,0,192,188,negative
97,37,76,169,60,8,161,41,20,131,189,391,136,72,0,0,188,192,negative
95,46,104,208,66,9,191,35,22,148,210,543,169,68,0,28,190,200,positive
95,43,76,142,57,10,151,44,19,149,173,339,159,71,2,23,187,200,negative 
86,43,68,152,62,7,150,44,19,142,179,337,164,75,4,9,188,192,negative 
93,45,81,177,64,7,160,41,20,147,180,383,188,70,11,11,192,199,positive
98,44,78,160,63,8,142,47,18,148,160,300,171,63,19,2,201,207,negative 
92,52,93,204,67,9,189,35,22,161,214,536,240,72,2,5,188,195,negative
90,47,85,149,60,10,155,43,19,155,179,355,186,75,1,5,185,196,negative 
82,44,72,118,52,7,152,44,19,147,174,340,177,82,2,2,180,185,negative 
108,56,103,234,73,10,221,30,25,174,232,718,214,73,8,3,187,197,positive
94,42,68,150,64,7,128,52,18,143,154,246,159,69,14,5,192,196,negative 
96,39,77,160,62,8,140,47,18,150,161,294,124,62,15,3,201,208,negative 
91,36,72,162,60,8,150,44,19,133,166,334,121,63,2,22,196,205,positive
86,40,63,135,56,5,133,50,18,135,152,262,166,70,9,2,187,191,positive
106,52,107,211,62,8,200,33,23,161,218,602,200,67,9,17,194,201,negative
91,46,101,199,65,9,196,34,23,146,219,574,199,73,5,8,186,194,negative
115,53,100,205,64,11,220,30,25,166,229,710,214,71,21,11,189,199,positive
97,41,62,133,56,7,130,52,18,143,158,247,157,78,5,7,184,186,negative 
80,34,42,110,57,3,114,59,17,119,131,191,121,87,4,7,179,183,negative
88,44,77,167,59,6,151,44,19,145,175,343,177,64,9,12,202,208,negative
83,46,71,156,70,6,151,44,19,147,174,338,198,80,3,11,181,186,negative 
101,56,104,185,53,6,257,26,28,168,275,956,230,83,5,26,180,184,negative 
74,38,92,231,59,8,192,35,21,158,223,502,165,75,9,13,190,194,negative
79,34,94,224,66,11,134,34,19,166,218,620,178,76,7,5,189,183,negative
106,53,98,193,60,10,215,31,24,169,224,681,218,73,8,21,188,197,positive
76,56,93,220,74,4,202,32,18,143,217,191,114,70,5,28,193,202,negative
81,45,68,154,69,22,151,45,19,147,186,335,186,88,1,10,180,185,negative 
94,43,82,136,54,10,155,43,19,149,176,359,161,74,1,6,186,197,negative 
99,51,92,203,65,5,209,31,24,159,232,671,214,78,5,11,191,189,negative 
90,46,103,202,59,7,202,30,20,174,181,721,183,72,11,27,179,187,positive
81,43,107,124,63,7,138,30,23,143,233,306,184,66,22,37,183,197,positive
96,39,91,221,63,3,131,37,23,160,237,554,114,66,12,30,190,193,negative
89,46,84,163,66,11,159,43,20,159,173,368,176,72,1,20,186,197,negative 
101,51,98,194,60,10,195,34,22,161,219,572,219,67,0,10,192,201,positive
109,39,99,182,70,8,225,58,21,119,180,324,160,66,18,17,196,201,negative
90,56,110,104,53,5,187,30,20,160,235,625,189,70,1,1,189,189,positive
86,44,78,164,68,9,142,46,18,147,168,305,171,70,1,11,190,201,negative 
101,49,103,212,67,10,201,33,23,156,215,601,174,69,4,11,189,196,negative
102,43,96,197,63,10,185,36,22,142,202,513,139,65,8,12,195,204,negative
80,43,71,133,60,7,150,45,19,146,170,330,176,81,6,15,180,184,negative 
95,57,59,232,65,9,192,42,25,163,214,573,115,67,13,34,192,203,negative
103,44,94,149,68,13,197,45,23,188,227,285,196,66,11,0,191,211,negative
109,53,103,210,63,11,219,30,25,172,229,707,212,71,6,3,188,199,positive
103,57,105,221,69,11,218,30,24,173,226,706,250,73,10,2,187,195,negative
92,36,60,232,66,11,166,34,22,132,223,232,200,78,8,34,188,190,negative
82,35,52,216,71,9,172,47,20,176,232,659,190,66,7,5,187,208,negative
103,55,103,211,65,11,212,31,24,165,229,673,249,72,5,16,188,196,negative
98,38,107,176,65,9,206,30,23,166,227,484,200,60,22,41,188,182,positive
89,44,76,125,54,10,156,44,20,151,163,352,176,76,12,12,184,193,negative 
79,54,104,146,70,11,202,31,19,168,205,721,121,71,22,29,179,198,positive
104,45,92,232,70,4,210,37,24,119,208,516,222,79,8,33,189,200,negative
97,45,91,161,63,10,151,45,19,148,166,334,171,65,18,20,197,205,negative 
87,45,77,153,59,7,154,44,19,145,181,350,172,75,15,14,184,189,negative
87,51,111,157,71,9,188,30,25,147,149,559,134,62,9,3,185,195,positive
105,52,107,207,60,11,218,31,24,167,221,701,197,66,0,20,191,203,negative
91,41,66,131,56,9,126,53,18,144,159,237,155,72,3,10,191,194,negative 
97,47,81,183,64,8,168,39,20,150,193,426,182,70,11,2,192,198,negative
88,38,77,156,56,7,163,41,20,129,184,395,140,67,1,9,192,198,negative
106,55,96,196,60,12,221,30,25,173,225,717,214,72,9,13,186,196,negative
96,37,74,199,74,5,165,39,20,128,188,419,136,72,1,3,196,200,negative 
85,43,66,130,57,6,151,45,19,143,173,333,168,86,4,9,180,183,negative 
83,57,90,232,59,8,215,48,19,133,217,757,114,70,22,13,193,205,negative
100,50,81,197,67,6,186,34,22,158,206,531,198,74,6,1,197,198,negative 
105,54,106,215,68,10,208,32,24,166,217,640,218,69,14,23,189,199,positive
90,36,74,171,60,8,157,42,19,128,177,367,123,61,6,21,197,204,positive
104,52,101,206,62,10,198,33,23,161,207,587,204,64,2,5,195,204,negative
91,52,103,151,58,6,153,36,18,118,234,414,115,84,16,5,179,182,positive
102,46,93,213,74,9,174,33,25,119,202,462,122,65,22,27,198,194,negative
93,41,98,153,58,10,180,49,19,173,135,554,125,76,3,18,179,198,positive
94,43,68,170,67,6,142,46,18,142,164,310,177,65,10,8,198,203,negative 
93,43,85,133,54,10,155,44,19,153,174,351,165,75,12,13,184,196,negative 
93,40,62,117,49,7,131,52,18,145,160,249,156,78,8,6,184,184,negative 
88,37,63,130,58,5,125,54,18,130,141,230,145,74,14,20,184,188,positive
103,58,97,215,69,5,190,37,17,141,202,591,230,76,22,17,192,197,negative
91,36,60,126,56,6,119,56,17,130,139,211,118,67,6,14,192,198,negative 
109,56,89,232,71,4,140,39,19,177,228,191,198,77,14,0,176,202,negative
91,49,106,195,71,6,220,30,23,136,227,280,179,60,21,20,179,186,positive
96,43,103,199,72,8,114,30,20,150,232,533,114,79,18,39,199,192,negative
80,59,99,152,74,13,195,36,20,157,186,382,187,70,9,3,184,208,negative
99,41,77,197,69,6,177,36,21,139,202,485,151,72,4,10,198,199,negative 
81,34,91,154,64,8,198,35,18,129,228,384,114,87,5,11,190,191,negative
87,46,71,159,66,6,151,44,19,146,175,343,189,73,2,0,186,190,negative 
95,47,81,176,59,7,168,39,20,152,196,425,185,67,4,4,191,198,positive
91,50,108,112,64,8,127,32,23,160,212,500,117,71,6,32,183,190,positive
108,56,102,246,75,6,239,28,26,167,264,855,228,82,9,13,186,185,negative 
95,46,76,162,66,11,162,42,20,155,175,381,172,74,8,4,184,193,negative 
100,51,104,163,52,10,206,32,23,164,217,631,193,69,5,21,188,196,negative
94,43,101,170,61,9,163,53,18,151,211,426,115,68,17,41,187,195,positive
91,38,88,222,59,10,212,35,19,134,205,571,137,61,8,29,190,193,positive
81,38,53,123,58,6,134,51,18,128,147,259,148,83,10,6,177,184,negative
88,34,69,152,57,5,138,48,18,122,158,284,120,62,9,29,204,210,negative
98,55,108,168,53,11,224,30,25,178,231,737,217,73,8,30,187,198,negative
85,35,64,129,57,6,116,57,17,125,138,200,123,65,1,23,196,203,negative 
104,51,94,166,68,6,184,33,20,137,235,357,115,65,5,18,188,192,positive
85,44,66,125,58,6,148,45,19,145,170,323,185,84,8,1,180,183,negative 
84,35,53,122,57,4,116,59,17,123,135,196,128,76,10,27,183,190,positive
90,42,63,126,55,7,152,45,19,142,173,336,173,81,0,15,180,184,negative 
90,39,95,214,68,7,201,59,23,173,161,735,178,78,7,28,190,199,negative
85,36,78,149,55,7,147,45,19,128,168,321,134,64,10,24,197,203,negative
78,45,106,140,56,6,192,35,21,140,160,649,115,71,22,0,185,201,positive
104,56,45,191,73,7,114,35,19,188,217,618,182,70,2,9,192,187,negative
99,38,54,224,74,5,181,59,23,157,240,679,206,64,8,19,190,198,negative
91,36,83,162,61,8,142,47,19,128,163,298,137,63,0,31,193,200,positive
102,34,85,232,63,8,210,30,18,163,228,354,234,83,4,30,193,211,negative
88,48,90,178,60,8,175,38,21,152,200,460,198,68,13,16,192,199,positive
87,45,82,164,60,8,156,42,19,144,181,366,174,70,2,2,190,196,negative
100,50,78,175,64,7,210,30,23,157,235,223,184,66,20,26,179,200,positive
105,34,102,189,60,11,200,32,22,142,228,547,114,70,16,30,188,195,negative
86,45,73,152,63,6,149,44,19,145,170,335,176,71,6,1,189,196,negative 
85,45,70,130,58,8,151,45,19,146,171,334,187,79,2,5,181,186,negative 
80,35,98,140,66,10,200,50,18,149,241,207,173,72,19,11,179,199,negative
97,38,75,188,68,6,171,37,20,129,199,450,137,74,2,6,197,199,negative 
101,55,107,200,61,11,225,30,25,178,228,730,204,74,8,35,187,201,negative
89,41,102,222,66,5,120,36,23,119,241,657,226,72,7,2,201,189,negative
81,39,70,171,57,7,195,34,20,140,149,522,134,72,15,31,179,196,positive
95,46,105,219,68,9,201,33,23,148,223,602,201,69,5,38,191,202,negative
88,42,64,151,62,8,130,51,18,142,150,253,161,63,3,2,203,210,negative 
93,34,72,144,56,6,133,50,18,123,158,263,125,63,5,20,200,206,positive
114,57,102,181,52,6,257,26,28,169,287,968,261,85,2,21,182,184,negative 
86,47,75,165,68,6,154,43,19,146,176,356,190,74,7,3,188,194,negative 
80,45,71,128,56,7,151,45,19,147,171,337,176,79,3,16,181,187,negative 
104,46,92,180,74,6,152,59,18,161,205,757,220,76,4,5,187,191,negative
118,45,76,166,51,9,137,50,22,135,235,360,115,68,9,32,183,182,positive
98,40,77,171,61,6,172,37,21,139,197,457,141,72,4,17,199,201,negative 
96,54,112,150,60,7,194,30,22,126,207,217,172,65,9,15,184,191,positive
93,42,102,217,62,3,118,34,25,141,181,718,243,70,18,4,184,183,negative
96,36,74,183,70,6,149,43,19,127,178,341,127,69,0,17,201,205,negative 
97,45,109,178,59,7,125,36,20,174,144,551,127,68,17,21,179,197,positive
92,46,82,170,58,8,165,40,20,149,181,409,164,61,8,11,200,208,negative
98,48,101,195,61,11,207,31,23,152,227,650,193,71,5,7,189,196,negative
88,44,71,165,70,7,144,46,19,141,167,312,172,71,4,4,188,193,negative 
91,39,77,153,59,8,139,48,18,139,159,289,123,62,8,17,201,209,negative 
105,34,90,197,73,8,114,36,17,152,220,209,155,71,21,9,189,198,negative
100,46,104,184,60,9,197,34,23,147,222,578,198,73,13,13,189,197,positive
89,35,70,138,58,7,126,53,17,128,147,237,112,64,4,19,199,207,negative 
94,47,85,333,138,49,155,43,19,155,320,354,187,135,12,9,188,196,negative 
99,47,91,226,74,5,202,32,23,148,234,629,186,79,4,11,192,191,negative 
106,48,107,202,61,10,207,32,24,153,227,635,200,70,5,28,190,203,positive
101,53,108,184,54,12,216,31,24,172,220,685,187,68,4,24,190,201,negative
88,43,70,177,74,19,152,44,19,143,180,342,168,76,1,9,186,189,negative 
103,46,106,209,66,10,203,33,23,149,217,612,210,70,9,10,191,199,positive
108,42,60,232,65,8,125,33,17,152,241,691,182,74,8,18,185,192,negative
106,39,52,232,70,7,185,37,24,151,237,286,208,77,10,10,184,192,negative
93,49,100,232,64,3,187,33,23,150,220,537,164,70,22,39,204,191,negative
88,45,97,196,56,7,177,37,18,129,233,520,155,79,19,0,191,183,negative
94,48,83,162,64,10,156,43,19,153,177,357,187,74,4,14,185,196,negative 
107,57,106,179,51,8,257,26,28,172,275,954,232,83,2,20,181,184,negative 
97,42,83,162,68,8,179,30,20,165,210,255,239,70,1,22,179,194,positive
97,42,101,186,59,9,186,36,22,138,208,511,168,67,7,41,194,206,positive
87,59,89,188,74,7,114,31,18,162,220,191,174,74,20,7,193,193,negative
105,44,89,232,74,4,197,32,22,142,232,712,177,63,8,23,194,202,negative
90,45,71,200,65,6,206,35,21,155,212,721,186,68,22,5,179,208,positive
82,40,73,141,57,8,153,44,19,133,173,342,153,75,11,9,181,187,negative
97,35,96,232,63,4,152,36,25,176,228,757,125,74,2,21,195,207,negative
91,44,66,151,63,7,137,48,18,146,166,280,167,72,1,9,188,194,negative 
98,44,111,223,59,4,115,30,24,131,233,509,187,60,6,13,179,182,positive
85,44,70,205,103,52,149,45,19,144,241,325,188,127,9,11,180,183,negative 
83,39,69,127,54,5,135,49,18,131,155,274,162,69,16,6,187,190,negative
106,49,104,193,71,11,114,35,24,188,223,348,200,76,16,0,196,204,negative
94,45,81,166,67,9,145,46,19,147,164,313,179,66,11,14,194,202,negative 
78,45,54,152,57,5,115,35,23,177,235,230,175,66,22,27,179,188,positive
100,48,51,232,73,7,198,34,22,183,196,584,206,70,14,10,185,205,negative
106,53,91,232,74,4,227,35,19,188,212,651,230,72,22,2,176,198,negative
93,37,76,183,63,8,164,40,20,134,191,405,139,67,4,7,192,197,positive
102,49,63,220,66,9,134,52,17,177,218,650,148,78,0,12,187,201,negative
93,43,78,166,59,7,151,44,19,141,182,342,174,68,15,2,193,197,negative
97,53,105,225,71,12,221,30,25,167,226,713,202,70,3,20,186,200,positive
96,43,82,161,55,5,186,34,22,141,215,534,162,75,0,6,195,196,negative 
93,41,96,222,62,11,201,30,23,119,227,191,235,76,22,8,190,206,negative
105,54,100,220,69,10,221,30,25,170,232,718,202,73,0,13,187,199,positive
113,53,93,197,62,11,216,31,24,165,221,688,196,72,6,25,188,199,positive
85,37,80,158,59,8,153,44,19,126,179,348,136,69,6,21,191,197,negative
79,47,74,141,61,7,153,43,19,149,175,349,199,77,6,10,183,189,negative 
81,43,91,119,68,7,217,30,23,174,173,475,115,65,10,30,179,182,positive
86,43,70,126,56,6,148,46,19,145,166,317,171,86,6,9,179,182,negative 
106,52,101,213,64,11,201,33,23,158,214,607,204,65,2,4,192,204,positive
78,40,101,143,54,6,115,46,24,140,173,403,136,63,22,25,179,195,positive
91,47,94,189,65,6,115,30,25,144,135,667,115,67,7,0,179,194,positive
90,44,72,157,64,8,137,48,18,144,159,283,171,65,9,4,196,203,negative 
88,44,71,145,56,8,142,48,19,143,159,296,174,68,7,18,188,197,negative
92,42,97,166,51,10,146,30,20,119,195,584,126,64,22,32,190,200,positive
97,52,99,232,71,9,212,36,25,166,219,229,185,72,7,15,179,204,negative
89,38,74,138,59,7,136,49,18,133,167,278,128,72,7,7,189,193,negative 
93,42,88,188,62,10,183,36,21,141,208,504,168,70,3,12,189,197,negative
84,43,109,138,66,7,182,33,22,146,131,650,151,73,22,12,194,183,negative
78,56,77,166,60,12,195,39,21,170,136,687,204,64,10,41,186,208,positive
94,44,70,186,72,8,153,42,19,144,171,361,178,67,7,2,199,206,negative 
91,35,71,142,59,9,120,49,24,133,235,610,213,66,20,39,182,200,positive
85,40,72,139,59,5,132,50,18,135,159,260,150,68,3,9,191,195,positive
89,58,92,173,59,8,114,35,23,149,139,580,180,75,15,25,186,199,negative
105,36,112,182,69,8,205,42,17,132,218,193,176,68,22,14,187,200,positive
93,47,84,205,71,7,176,36,21,152,190,476,201,70,7,19,198,201,negative 
89,47,80,131,54,11,160,43,20,163,175,369,174,77,1,7,182,193,negative 
84,50,108,154,56,5,200,30,24,150,176,523,115,83,20,34,191,194,positive
94,40,84,134,51,11,219,30,19,127,235,193,115,63,16,38,179,190,positive
82,53,110,171,58,5,197,42,23,129,194,499,131,60,6,31,189,187,positive
79,52,97,223,70,7,179,36,24,188,207,330,196,61,0,14,183,195,negative
86,44,70,140,64,6,148,45,19,145,170,322,185,82,10,1,181,183,negative 
104,50,106,209,66,10,207,32,23,158,223,635,220,73,14,9,188,196,positive
88,42,77,151,58,8,140,47,18,142,165,293,158,64,10,11,198,205,positive
90,48,78,143,60,11,161,43,20,159,172,374,186,75,2,2,184,193,negative 
104,39,102,232,68,8,168,35,19,146,221,606,170,77,18,39,195,194,negative
103,47,42,210,64,8,184,35,19,185,159,518,163,75,21,16,184,202,negative
98,42,90,192,61,9,178,37,21,144,189,480,138,61,3,8,199,208,positive
96,39,64,111,48,8,134,52,18,141,160,258,139,80,7,20,183,184,negative 
104,54,101,197,64,11,213,31,24,172,218,669,222,74,14,4,187,196,positive
87,50,97,198,66,8,204,37,21,146,216,459,180,61,5,40,180,182,positive
89,51,46,212,74,8,186,32,25,131,241,517,158,73,22,18,196,205,negative
96,46,90,232,70,12,203,36,25,135,224,588,217,76,5,18,185,203,negative
100,55,101,189,57,10,222,30,25,177,225,731,211,71,7,17,188,197,negative
94,50,84,138,57,10,156,44,20,170,171,351,187,77,5,6,182,191,negative 
107,55,103,213,68,11,219,30,25,172,221,709,216,70,10,7,187,197,positive
84,45,112,169,59,5,222,34,18,123,201,508,115,66,12,38,185,203,positive
94,36,66,151,61,8,133,50,18,135,154,265,119,62,9,3,201,208,negative 
94,50,105,230,57,8,180,30,25,132,217,526,204,77,20,13,197,198,negative
79,52,90,151,61,5,205,33,20,140,232,415,194,60,9,26,190,193,positive
95,52,107,232,71,6,213,30,24,171,241,524,241,69,22,19,198,201,negative
98,36,100,198,64,11,222,32,22,149,164,328,216,76,0,10,186,182,positive
90,39,85,160,59,7,163,41,20,131,189,396,158,71,7,13,186,192,positive
82,52,108,129,62,11,222,37,23,156,226,501,213,64,13,27,179,198,positive
98,42,100,168,53,8,196,32,21,118,135,193,115,60,0,9,185,182,positive
104,57,103,216,69,11,219,30,25,176,228,708,219,73,4,3,186,196,negative
89,44,70,137,58,6,136,49,18,146,168,273,166,78,10,3,186,187,negative 
86,40,66,139,59,7,122,54,17,139,145,225,143,63,7,11,202,208,negative 
94,45,59,185,51,11,188,56,19,136,235,573,202,61,7,19,179,197,positive
89,36,69,142,57,7,135,50,18,126,154,266,128,66,3,36,193,203,negative
107,57,102,184,55,7,234,28,26,171,243,822,229,77,7,11,187,187,negative 
89,47,83,169,61,8,164,40,20,150,189,402,190,72,7,10,187,193,positive
89,44,68,113,50,7,150,45,19,147,171,328,189,88,6,5,179,182,negative 
102,48,105,214,64,10,201,33,23,152,214,600,178,64,0,25,192,204,positive
89,47,85,147,58,10,153,44,19,151,175,349,186,74,13,7,186,197,negative 
94,43,92,216,57,9,171,37,20,131,188,567,115,70,18,8,179,182,positive
78,44,91,205,54,12,198,50,23,144,235,472,180,72,4,17,179,197,positive
95,40,108,207,67,12,114,33,22,165,230,734,116,87,18,2,194,197,negative
88,54,73,232,68,3,199,34,20,175,222,524,154,76,13,6,190,197,negative
89,40,89,174,58,8,177,37,21,133,202,471,155,70,7,18,189,196,positive
81,39,62,104,51,9,202,34,18,142,205,546,128,75,4,32,186,187,positive
102,52,101,213,64,10,203,33,23,157,214,616,186,65,0,19,193,203,negative
87,47,81,149,62,9,147,45,19,152,171,325,181,72,0,6,188,198,negative 
87,38,71,123,53,8,137,49,18,127,158,277,145,75,0,9,181,186,positive
90,39,57,114,48,7,135,51,18,139,155,261,151,85,12,8,183,182,negative 
78,38,112,209,58,6,148,31,19,153,223,721,115,67,14,8,184,182,positive
102,54,98,167,53,10,217,31,24,174,228,692,223,72,0,31,187,198,negative
85,45,82,104,52,8,141,40,20,146,206,612,174,73,14,41,186,197,positive
81,38,100,161,58,8,161,31,24,118,223,255,218,83,8,28,179,192,positive
91,38,75,136,53,6,144,47,19,131,165,305,149,69,1,7,186,191,positive
88,40,79,183,62,7,176,38,21,138,200,462,150,66,0,29,189,199,negative
109,47,96,206,64,9,198,33,23,150,219,586,191,70,4,13,190,198,positive
94,46,79,181,62,8,167,40,20,148,190,418,193,67,12,15,191,198,negative
92,51,105,221,69,9,190,37,17,125,208,215,206,77,7,15,185,202,negative
90,47,73,136,58,11,161,42,20,153,172,376,185,77,11,8,183,191,negative 
86,40,62,140,62,7,150,45,19,133,165,330,173,82,2,3,180,185,positive
90,39,86,169,62,7,162,41,20,131,194,388,147,74,1,22,185,191,negative
103,54,107,189,56,11,223,30,25,174,225,729,200,70,0,29,187,201,negative
109,53,109,221,69,12,221,31,25,169,226,712,212,72,13,28,188,201,positive
79,40,80,133,55,7,147,47,19,135,172,311,144,76,8,30,181,193,negative
96,43,91,214,72,8,208,33,25,153,224,660,200,72,17,0,184,196,negative
73,48,93,232,74,7,114,36,22,124,147,289,199,73,21,16,206,199,negative
99,48,88,169,61,4,198,32,22,141,186,529,143,60,22,31,184,188,positive
98,53,112,143,55,9,198,30,21,136,215,513,182,60,20,2,184,182,positive
78,47,100,165,57,9,144,32,24,164,217,583,171,71,5,17,192,197,negative
89,44,87,168,51,11,153,32,21,118,221,518,115,72,15,32,189,183,positive
83,43,75,155,66,6,186,40,18,142,159,277,122,62,6,24,185,189,positive
86,37,69,150,63,8,138,48,18,134,163,284,124,71,1,6,189,195,negative 
100,44,93,193,62,8,186,35,22,147,202,521,151,66,0,2,193,198,negative
104,50,96,211,65,10,187,35,22,156,207,527,195,65,3,7,195,206,positive
109,54,103,220,66,11,214,31,24,167,229,677,212,70,1,23,188,201,positive
85,38,63,130,55,7,122,55,17,130,137,219,144,64,20,8,195,201,negative
82,38,53,125,59,5,133,51,18,128,152,259,146,87,0,0,177,183,negative
85,45,70,120,54,7,149,45,19,145,169,326,186,81,8,4,181,184,negative 
86,46,73,125,57,6,151,45,19,147,170,334,188,82,9,11,180,184,negative 
89,41,84,141,58,9,149,45,19,145,172,330,162,72,4,18,188,200,negative 
83,55,99,194,74,7,114,37,24,167,220,629,114,73,15,19,181,203,negative
88,36,53,113,57,3,118,57,17,128,137,204,136,88,7,14,180,183,negative 
90,34,66,136,55,6,123,54,17,118,148,224,118,65,5,26,196,202,positive
96,46,88,160,64,9,151,44,19,148,173,339,182,70,15,11,192,199,negative 
107,56,104,231,71,11,219,31,25,172,226,705,217,71,19,11,189,196,positive
91,39,83,170,60,8,172,38,21,134,197,445,152,72,0,10,188,194,positive
103,38,79,104,70,7,126,33,20,126,177,336,158,80,13,7,179,204,positive
78,49,98,194,67,4,160,30,22,146,227,193,166,63,22,41,184,187,positive
89,38,77,161,62,7,149,45,19,129,174,327,153,71,6,21,188,193,positive
98,39,68,121,49,7,134,51,18,142,164,261,134,75,4,1,186,186,negative 
89,43,85,160,64,11,155,43,19,151,173,356,174,72,5,9,185,196,negative 
107,51,103,182,56,11,213,31,24,162,226,673,217,72,2,4,188,198,positive
104,54,100,186,61,10,216,31,24,173,225,686,220,74,5,11,185,195,positive
108,57,106,177,51,5,256,26,28,170,285,966,261,87,11,2,182,181,negative 
92,39,91,191,62,8,176,37,21,137,196,466,151,67,3,23,192,200,negative
82,43,71,154,68,7,150,45,19,143,171,330,173,78,7,11,181,186,negative 
101,56,100,168,55,11,214,31,24,175,219,681,224,74,2,3,185,192,negative
105,55,96,181,56,9,219,30,25,175,231,713,216,74,4,5,187,194,negative
86,39,58,125,55,5,117,57,17,134,140,204,148,69,7,6,190,194,negative 
99,35,106,169,64,7,220,36,25,152,205,707,164,71,20,16,180,182,positive
90,43,72,157,64,8,136,49,18,145,158,279,167,64,4,6,201,209,negative 
98,39,107,232,74,12,203,36,24,119,225,392,114,69,20,18,193,211,negative
104,51,108,193,59,11,217,31,24,163,232,694,203,72,15,22,190,201,positive
102,54,101,190,58,10,222,30,25,171,224,728,203,71,13,6,189,198,negative
93,39,78,164,66,8,139,48,18,140,157,290,126,64,4,7,201,208,negative 
90,51,52,183,58,8,149,35,25,159,204,191,203,79,22,10,183,194,negative
84,37,70,145,62,9,136,48,18,134,159,280,140,68,11,9,194,202,negative 
99,51,88,188,62,5,203,32,23,158,222,625,219,77,8,26,191,190,negative 
84,49,103,144,68,9,222,49,21,141,235,319,135,70,7,6,179,182,positive
86,36,77,165,60,7,150,45,19,128,174,331,131,66,0,32,196,203,positive
80,51,63,155,62,9,192,30,17,118,209,675,171,64,5,14,183,182,positive
92,46,83,154,56,6,160,41,20,148,185,382,184,71,10,5,186,191,positive
97,50,88,221,63,9,197,36,18,169,179,757,206,77,13,15,186,202,negative
96,42,62,212,74,10,114,56,22,132,229,757,181,78,22,12,185,205,negative
93,42,64,123,51,7,135,51,18,144,164,262,155,78,16,12,185,185,negative 
104,52,94,208,66,5,208,31,24,161,227,666,218,76,11,4,193,191,negative 
106,49,107,194,57,11,214,31,24,161,224,670,172,67,0,39,192,206,negative
90,36,85,184,64,6,160,41,20,125,187,385,139,66,9,31,195,203,positive
100,41,95,144,57,13,188,30,20,154,237,402,229,68,17,26,196,204,negative
81,46,71,130,56,7,153,44,19,149,172,342,191,81,3,14,180,186,negative 
97,55,96,170,54,10,216,31,24,173,219,685,218,75,0,4,184,193,negative
108,49,109,204,61,11,212,31,24,159,229,665,215,71,16,11,190,199,positive
103,54,107,218,64,12,222,30,25,174,221,728,199,67,0,18,189,200,negative
98,44,88,176,67,10,158,43,20,149,173,367,154,66,14,9,194,202,negative 
102,45,85,193,64,6,192,33,22,146,217,570,163,76,6,7,195,193,negative 
94,49,82,137,56,10,159,43,20,160,176,367,186,76,10,7,183,192,negative 
97,44,95,168,56,6,141,34,22,159,159,334,162,86,17,32,192,182,positive
119,54,106,220,65,12,213,31,24,167,223,675,232,66,20,1,192,202,positive
95,44,84,158,62,10,145,46,19,148,163,312,166,64,10,6,199,206,negative 
86,38,89,176,59,9,169,39,20,132,190,428,148,67,7,33,193,202,negative
94,49,87,137,54,11,158,43,20,162,178,366,186,75,5,5,183,194,negative 
95,53,84,144,64,6,186,41,24,137,146,193,115,62,5,30,190,183,positive
103,48,101,204,62,12,200,33,23,158,215,595,164,66,8,22,192,202,negative
93,42,98,192,63,9,185,36,22,138,206,508,173,70,10,21,189,197,positive
82,34,82,193,68,8,172,52,19,166,209,546,224,67,15,31,202,183,negative
100,44,75,217,64,8,115,30,25,118,233,193,115,62,3,40,179,182,positive
101,52,107,232,67,3,185,30,19,145,194,569,175,72,13,39,205,197,negative
98,38,70,186,68,6,164,39,20,136,189,413,129,71,3,17,200,203,negative 
80,38,94,232,66,9,199,30,25,135,204,633,168,72,1,3,189,204,negative
93,35,112,164,73,6,138,41,19,124,235,526,168,73,0,21,180,182,positive
85,33,50,104,53,4,115,59,17,118,136,193,127,83,1,30,179,185,positive
96,42,50,189,61,11,197,52,19,152,192,664,152,69,5,8,188,207,negative
97,55,104,219,71,9,211,32,24,171,222,658,223,74,1,24,186,196,positive
104,54,91,209,67,11,218,31,24,170,223,697,196,74,4,21,187,196,negative
91,56,104,166,51,7,201,47,21,118,213,560,115,75,3,9,179,183,positive
86,45,66,126,57,8,148,46,19,145,170,321,186,86,0,7,179,182,negative 
93,46,82,145,58,11,159,43,20,160,180,371,189,77,2,4,183,194,negative 
90,49,83,187,63,7,176,37,21,154,205,467,222,70,1,2,189,195,positive
98,39,68,136,56,8,131,52,18,144,159,251,134,72,4,10,186,187,negative 
75,34,107,158,65,12,132,48,23,123,187,248,200,65,22,14,195,211,negative
106,53,98,176,54,10,216,31,24,171,235,691,218,74,1,9,187,197,positive
96,47,103,215,69,10,200,33,23,147,220,598,200,73,6,6,187,194,negative
87,42,70,139,59,7,149,45,19,142,177,327,156,78,6,9,185,188,negative 
97,50,108,211,65,10,214,31,24,156,232,683,218,72,7,29,188,197,negative
87,44,70,179,75,6,146,45,19,141,167,326,178,69,6,1,194,201,negative 
76,38,58,125,58,5,133,51,18,127,152,259,145,87,0,21,177,184,negative
100,41,75,205,71,5,176,36,21,138,204,479,151,72,7,19,197,197,negative 
87,39,74,165,66,6,145,45,19,134,173,318,139,70,3,21,195,200,negative 
84,38,83,141,54,7,149,45,19,132,177,327,149,74,6,29,185,191,positive
89,40,60,131,56,6,118,56,17,137,143,209,153,65,10,8,193,199,negative 
91,41,42,232,64,12,197,30,21,166,241,304,152,61,15,5,194,211,negative
97,59,102,198,74,9,193,32,24,132,241,431,222,76,6,6,193,201,negative
102,51,108,193,57,10,212,31,24,162,219,663,184,66,7,21,191,201,negative
88,53,91,186,72,7,205,41,18,152,224,542,129,73,22,9,190,201,negative
