90,58,77,232,54,4,172,30,24,126,225,482,203,70,0,12,196,194,negative
94,54,84,214,56,5,224,31,25,151,232,417,145,78,0,21,195,200,negative
112,56,72,148,70,8,167,34,18,139,210,382,160,73,0,29,179,190,positive
89,45,81,246,102,43,155,44,20,160,200,347,177,90,9,17,183,192,negative 
74,40,108,192,51,9,214,43,25,187,208,276,157,70,11,14,195,192,negative
89,35,52,121,57,4,122,55,17,125,139,220,128,82,5,13,181,184,positive
89,44,82,136,54,6,149,45,19,144,170,332,168,68,10,14,188,193,negative
85,40,75,137,56,7,152,44,19,134,173,339,160,76,7,16,182,187,positive
73,56,103,179,63,5,124,32,25,182,156,420,239,78,2,30,188,195,negative
85,53,97,232,58,5,148,47,23,124,225,552,147,75,0,35,202,194,negative
100,52,104,189,59,10,208,32,24,163,220,642,197,70,1,22,187,198,positive
77,38,63,135,59,5,130,52,18,130,145,247,139,79,13,21,183,187,negative
99,47,97,207,61,7,205,30,25,179,223,519,171,72,11,37,191,193,negative
85,40,66,136,58,6,142,48,19,137,164,295,164,77,2,22,182,186,positive
80,43,68,120,54,8,150,45,19,145,171,329,176,85,4,8,179,183,negative 
90,34,66,136,55,6,123,54,17,118,148,224,118,65,5,26,196,202,positive
96,39,77,160,62,8,140,47,18,150,161,294,124,62,15,3,201,208,negative 
97,47,88,183,60,7,197,33,23,148,214,596,201,74,8,0,192,191,negative 
92,47,109,216,63,12,112,53,17,177,235,597,163,59,3,0,191,196,positive
80,43,68,123,53,7,150,46,19,147,169,327,176,81,7,14,179,184,negative 
107,54,98,203,65,11,218,31,25,167,229,696,216,72,1,28,187,199,positive
94,38,84,158,55,9,169,39,20,130,196,430,155,69,9,15,190,195,negative
92,43,69,158,56,7,149,44,19,143,170,333,168,63,14,18,198,203,negative
96,41,69,153,56,7,141,47,18,141,162,297,169,61,11,8,202,209,positive
107,56,104,231,71,11,219,31,25,172,226,705,217,71,19,11,189,196,positive
94,45,85,163,68,10,157,44,20,156,170,357,176,73,17,11,187,195,negative 
91,42,66,142,58,9,134,50,18,142,163,268,164,69,6,5,191,197,negative 
86,37,60,115,54,5,119,56,17,132,141,209,129,72,2,8,186,190,negative 
81,44,68,120,53,6,151,45,19,147,170,333,178,86,4,5,179,183,negative 
98,46,88,191,63,6,192,34,22,147,215,563,174,73,2,26,194,197,negative 
106,53,98,193,60,10,215,31,24,169,224,681,218,73,8,21,188,197,positive
97,46,94,209,67,10,195,34,22,147,224,573,194,70,0,14,188,197,negative
115,53,100,205,64,11,220,30,25,166,229,710,214,71,21,11,189,199,positive
107,45,98,203,63,12,112,35,19,149,234,184,192,66,5,19,193,190,positive
117,43,43,127,58,7,112,37,23,129,149,184,115,68,0,8,190,191,positive
87,36,53,117,58,4,118,57,17,125,138,205,138,85,9,15,180,183,negative 
88,38,58,137,60,5,148,46,19,131,163,319,157,86,12,0,180,183,positive
85,45,65,128,56,8,151,45,19,145,170,332,186,81,1,10,179,184,negative 
96,55,103,201,65,9,204,32,23,166,227,624,246,74,6,2,186,194,negative
89,44,70,137,58,6,136,49,18,146,168,273,166,78,10,3,186,187,negative 
88,35,50,121,58,5,114,59,17,122,132,192,138,74,21,4,182,187,negative
91,38,75,136,53,6,144,47,19,131,165,305,149,69,1,7,186,191,positive
90,37,79,201,74,8,204,30,22,181,206,397,216,70,0,16,200,198,negative
78,47,85,223,52,11,203,38,22,147,229,394,178,70,5,0,186,194,negative
88,46,94,152,60,5,195,31,21,187,221,523,143,74,0,10,180,200,negative
93,47,83,165,60,7,167,40,20,147,197,417,201,73,12,4,187,192,negative
93,35,78,162,60,8,150,45,19,125,172,331,137,67,2,33,191,198,negative
86,35,44,110,54,2,119,57,17,121,139,208,137,90,6,1,180,183,negative 
95,47,88,162,64,11,159,43,20,157,176,371,185,71,12,13,189,198,negative 
89,40,89,174,58,8,177,37,21,133,202,471,155,70,7,18,189,196,positive
92,52,99,152,60,9,176,47,19,157,210,714,177,70,0,11,194,207,positive
104,52,96,188,59,9,188,35,22,161,206,530,205,67,11,8,193,200,negative
94,39,89,194,62,9,172,38,21,135,191,444,121,63,4,23,201,209,negative
113,57,109,194,56,6,260,26,28,175,288,982,261,85,11,21,182,183,negative 
77,59,90,161,64,10,198,48,20,183,161,244,147,74,6,27,180,203,negative
104,51,108,193,59,11,217,31,24,163,232,694,203,72,15,22,190,201,positive
110,53,104,223,66,10,211,32,24,164,223,659,210,67,5,16,190,203,positive
104,53,101,199,65,11,213,31,24,168,216,667,221,72,12,12,187,198,positive
105,51,98,104,73,7,147,48,19,118,219,208,183,60,8,0,203,204,positive
102,56,101,173,69,8,163,34,23,170,204,311,115,67,21,0,179,205,positive
94,42,68,150,64,7,128,52,18,143,154,246,159,69,14,5,192,196,negative 
104,51,105,168,54,10,208,32,24,162,220,641,221,72,9,20,187,197,positive
89,46,74,135,59,9,157,44,20,158,170,356,177,79,12,3,184,191,negative 
90,41,62,147,60,6,128,52,18,141,149,246,157,61,13,4,201,208,negative 
105,56,98,209,64,11,217,31,24,173,225,696,216,72,2,19,188,199,negative
96,41,77,177,64,5,177,36,21,134,205,485,148,74,0,4,196,198,negative 
95,45,80,186,62,7,164,40,20,145,188,406,178,65,11,18,199,204,negative
117,40,98,190,69,10,112,61,18,142,214,327,115,74,0,15,198,192,positive
91,42,81,193,69,5,169,38,20,137,184,434,156,68,3,23,198,204,negative 
104,37,78,176,72,8,166,52,18,161,229,615,164,61,4,0,195,190,positive
93,51,90,209,69,8,183,36,22,156,211,506,230,70,6,1,189,196,positive
91,43,88,157,61,9,149,45,19,157,165,326,140,64,1,26,197,207,negative 
99,50,110,206,66,12,190,37,19,169,223,544,115,72,9,0,202,201,positive
91,46,101,199,65,9,196,34,23,146,219,574,199,73,5,8,186,194,negative
101,53,108,184,54,12,216,31,24,172,220,685,187,68,4,24,190,201,negative
116,52,98,191,57,12,112,47,25,145,156,557,172,70,3,0,183,185,positive
76,43,82,215,67,12,114,30,17,175,208,191,179,80,0,14,184,198,negative
88,35,60,143,59,7,128,52,18,129,147,246,109,62,1,6,202,209,negative 
93,45,86,201,69,7,184,35,22,145,203,523,183,72,0,4,194,197,negative 
87,47,81,149,62,9,147,45,19,152,171,325,181,72,0,6,188,198,negative 
86,44,65,129,56,6,152,45,19,150,168,331,177,83,4,13,178,183,negative 
77,54,107,232,52,8,214,43,19,173,183,569,195,81,0,32,192,197,negative
98,35,40,172,60,9,152,33,18,154,229,462,162,79,7,41,193,182,positive
89,41,63,134,59,6,123,55,17,137,148,223,150,76,12,3,186,188,negative 
98,54,110,232,51,3,167,33,17,133,212,318,122,63,5,28,201,201,negative
97,48,74,220,55,4,190,36,19,153,226,304,206,75,0,36,206,197,negative
108,51,103,197,60,11,211,31,24,160,222,661,187,67,7,3,190,200,negative
96,45,101,201,66,9,192,34,22,143,218,552,195,73,3,19,189,197,positive
82,44,63,123,54,7,151,45,19,147,166,329,185,81,3,4,179,182,negative 
92,38,74,178,62,9,161,41,20,135,181,388,132,63,7,29,197,206,negative
103,49,100,194,60,10,185,35,22,160,202,518,178,62,13,8,198,208,positive
109,55,96,191,57,6,241,28,26,170,267,857,242,85,8,9,184,184,negative 
87,39,74,152,58,6,151,44,19,136,174,337,140,70,1,33,187,196,positive
100,50,98,204,63,6,218,30,24,156,232,719,213,77,8,7,189,189,negative 
96,44,85,166,66,10,155,43,19,150,167,355,159,67,3,10,192,202,negative 
104,49,89,168,54,4,212,31,24,153,238,682,198,78,1,23,190,189,negative 
102,57,105,232,68,6,160,41,19,137,206,619,187,77,0,35,177,199,negative
89,36,51,109,52,6,118,57,17,129,137,206,125,80,2,14,181,185,negative 
90,48,77,132,56,10,157,44,20,164,169,354,187,78,1,3,182,191,negative 
85,44,66,125,58,6,148,45,19,145,170,323,185,84,8,1,180,183,negative 
92,49,41,162,66,6,112,61,22,154,176,225,115,59,5,0,189,198,positive
96,55,98,161,54,10,215,31,24,175,226,683,221,76,3,6,185,193,negative
96,46,88,160,64,9,151,44,19,148,173,339,182,70,15,11,192,199,negative 
102,38,99,194,74,11,114,47,22,135,131,462,195,79,4,33,196,192,negative
107,53,108,213,64,12,206,32,23,163,216,627,202,65,21,22,194,205,positive
96,56,100,212,73,11,191,30,24,158,239,674,195,76,0,17,205,183,negative
81,34,107,232,70,6,176,30,25,144,202,235,166,71,9,39,184,203,negative
91,39,83,170,60,8,172,38,21,134,197,445,152,72,0,10,188,194,positive
99,39,89,175,73,7,121,30,23,118,226,674,215,69,6,11,184,182,positive
101,51,112,201,59,11,214,32,24,162,223,667,194,65,0,36,190,206,positive
98,55,101,228,70,9,210,31,24,168,236,661,245,72,1,6,188,197,negative
93,41,107,154,64,8,129,33,24,137,162,719,212,67,0,6,188,183,positive
92,39,76,180,71,6,152,43,19,131,179,350,143,72,6,14,195,200,negative 
82,45,66,252,126,52,148,45,19,144,237,326,185,119,1,1,181,185,negative 
93,41,79,159,63,8,144,46,19,150,165,309,134,67,4,9,195,203,negative 
90,48,78,142,59,11,160,43,20,160,173,370,185,76,10,11,183,192,negative 
85,33,50,104,53,4,115,59,17,118,136,193,127,83,1,30,179,185,positive
102,54,98,201,61,6,225,29,25,165,246,766,231,79,9,14,188,187,negative 
107,52,101,218,64,11,202,33,23,164,219,610,192,65,17,2,197,206,negative
96,36,74,183,70,6,149,43,19,127,178,341,127,69,0,17,201,205,negative 
96,40,78,170,58,7,174,38,21,139,197,455,160,68,3,29,191,200,positive
85,34,53,127,58,6,116,58,17,121,137,197,127,70,3,20,185,189,positive
90,39,57,114,48,7,135,51,18,139,155,261,151,85,12,8,183,182,negative 
109,38,66,226,68,8,195,55,19,129,206,476,196,73,15,0,187,203,positive
94,49,87,137,54,11,158,43,20,162,178,366,186,75,5,5,183,194,negative 
109,54,103,220,66,11,214,31,24,167,229,677,212,70,1,23,188,201,positive
103,56,97,234,70,11,112,33,18,164,228,558,115,61,3,5,191,207,positive
103,53,106,172,55,10,212,32,24,168,220,660,223,73,16,24,187,197,positive
92,54,101,232,56,9,183,30,20,188,240,541,244,77,15,7,183,190,negative
103,48,96,232,71,10,205,32,23,153,226,633,197,71,2,15,188,196,negative
109,46,96,215,59,11,168,55,23,124,173,494,131,67,6,2,184,199,positive
91,36,77,157,56,7,155,42,19,126,177,361,123,65,8,15,195,201,positive
106,49,106,211,64,9,208,32,24,158,224,645,184,68,1,24,190,202,positive
88,40,78,186,73,6,158,41,20,134,185,379,148,73,1,11,193,197,negative 
102,48,105,214,64,10,201,33,23,152,214,600,178,64,0,25,192,204,positive
103,35,104,205,59,5,227,54,25,128,203,676,114,79,0,19,198,196,negative
86,37,77,144,54,7,154,43,19,127,179,352,145,71,14,13,186,191,negative
89,45,85,149,59,11,158,43,20,158,177,362,173,75,12,16,183,193,negative 
84,38,83,141,54,7,149,45,19,132,177,327,149,74,6,29,185,191,positive
90,38,79,185,69,6,160,40,20,130,178,393,133,66,2,14,198,205,negative 
114,53,92,192,61,4,157,34,25,174,207,382,177,70,3,7,193,198,positive
110,56,103,223,64,5,250,26,27,169,280,928,239,85,4,6,184,183,negative 
109,51,100,197,59,10,192,34,22,161,210,553,195,64,14,3,196,202,negative
88,43,84,136,55,11,154,44,19,150,174,350,164,73,6,2,185,196,negative 
91,40,98,192,64,9,177,38,21,135,194,465,165,66,9,35,195,205,positive
113,34,104,166,62,12,112,61,19,161,225,363,213,67,5,2,193,193,positive
76,45,53,232,57,9,114,30,24,166,241,472,181,72,8,36,194,204,negative
95,59,69,184,74,10,200,37,24,177,165,709,202,81,0,22,180,211,negative
93,36,63,139,57,8,132,50,18,136,158,260,121,67,3,27,193,201,negative 
78,56,64,232,63,5,114,40,24,139,239,451,208,84,5,26,186,200,negative
73,52,102,232,53,7,215,30,21,161,163,374,191,77,13,34,205,206,negative
117,39,109,160,67,8,115,35,18,171,202,252,117,68,0,10,189,187,positive
98,38,66,130,55,7,130,51,18,138,160,251,123,69,3,12,191,194,negative 
102,53,101,238,72,4,238,28,26,163,267,844,242,85,7,22,184,184,negative 
88,44,71,145,56,8,142,48,19,143,159,296,174,68,7,18,188,197,negative
92,51,98,232,54,10,181,31,25,126,225,658,134,70,3,39,186,197,negative
82,43,71,154,68,7,150,45,19,143,171,330,173,78,7,11,181,186,negative 
92,51,90,232,55,9,227,30,19,155,241,600,189,77,12,39,203,196,negative
81,47,102,226,60,8,114,30,21,180,238,716,129,77,0,26,197,191,negative
108,54,103,212,65,11,208,32,24,162,228,648,240,71,9,0,189,197,positive
95,43,76,142,57,10,151,44,19,149,173,339,159,71,2,23,187,200,negative 
103,46,106,209,66,10,203,33,23,149,217,612,210,70,9,10,191,199,positive
92,57,107,214,55,10,210,32,19,161,191,571,169,76,3,34,197,203,negative
89,47,81,156,57,8,161,41,20,149,187,388,197,72,9,15,187,193,negative
86,36,82,223,64,7,114,50,19,161,241,401,120,68,3,22,177,199,negative
109,54,103,205,63,11,222,30,25,175,229,720,213,71,6,14,187,200,positive
85,43,66,130,57,6,151,45,19,143,173,333,168,86,4,9,180,183,negative 
91,36,60,126,56,6,119,56,17,130,139,211,118,67,6,14,192,198,negative 
104,57,103,216,69,11,219,30,25,176,228,708,219,73,4,3,186,196,negative
96,37,74,187,68,8,159,42,20,134,183,378,134,69,3,16,190,197,positive
98,38,70,125,52,8,130,53,18,139,157,243,132,74,0,13,186,185,negative 
83,46,105,132,60,9,112,39,18,155,235,236,115,67,2,0,203,206,positive
87,43,70,169,72,7,152,44,19,145,177,341,171,76,6,12,184,187,negative 
109,53,109,221,69,12,221,31,25,169,226,712,212,72,13,28,188,201,positive
92,52,93,204,67,9,189,35,22,161,214,536,240,72,2,5,188,195,negative
90,46,73,137,58,11,161,43,20,158,170,373,186,76,0,9,182,193,negative 
105,44,92,161,64,11,112,61,23,142,234,237,184,67,0,16,200,201,positive
99,51,92,203,65,5,209,31,24,159,232,671,214,78,5,11,191,189,negative 
83,42,66,156,67,7,150,45,19,144,174,333,159,78,4,2,182,188,negative 
94,37,74,169,59,7,162,41,20,133,178,394,130,63,6,6,198,204,negative
89,46,77,125,52,10,156,44,20,160,171,351,177,78,7,17,183,191,negative 
80,44,68,135,59,8,150,45,19,145,170,329,173,80,7,12,180,185,negative 
99,50,88,204,64,10,185,35,22,159,209,517,193,66,12,11,194,201,negative
93,46,85,169,66,9,151,44,19,147,169,339,179,67,0,4,195,204,negative 
93,57,105,232,66,8,211,31,20,121,194,591,197,75,1,39,176,197,negative
113,50,89,147,64,10,131,35,23,177,215,184,212,71,6,6,192,189,positive
80,44,68,120,53,8,151,45,19,146,170,333,190,80,4,16,180,185,negative 
88,53,103,138,73,7,175,54,23,144,224,577,186,71,17,3,179,196,positive
85,44,70,205,103,52,149,45,19,144,241,325,188,127,9,11,180,183,negative 
81,45,68,154,69,22,151,45,19,147,186,335,186,88,1,10,180,185,negative 
87,41,66,140,58,6,148,46,19,136,164,318,178,79,19,2,181,185,positive
101,44,48,214,71,7,207,59,23,133,170,331,178,78,0,35,187,203,negative
108,56,40,163,62,9,200,52,24,148,213,579,125,59,6,41,179,193,positive
101,53,103,203,63,9,195,34,22,162,210,571,210,68,5,5,191,198,negative
107,52,103,186,57,11,214,31,24,162,217,676,189,66,6,5,189,198,negative
83,37,49,112,55,5,122,55,17,128,144,219,146,85,8,16,180,184,negative 
86,43,68,150,64,9,138,48,18,143,161,285,174,69,6,0,192,201,negative 
93,49,79,180,65,7,173,37,21,158,189,463,194,70,5,10,197,202,negative 
102,37,87,230,74,4,126,35,24,188,230,541,161,75,0,20,186,195,negative
88,42,64,151,62,8,130,51,18,142,150,253,161,63,3,2,203,210,negative 
85,41,66,155,65,22,149,45,19,139,173,330,155,75,6,16,184,191,negative 
88,42,66,133,57,6,123,54,17,144,147,227,160,66,8,4,193,198,negative 
100,51,89,199,65,6,201,32,23,159,219,622,205,74,6,7,193,193,negative 
85,46,110,232,65,5,184,48,19,188,241,622,114,64,2,15,187,193,negative
90,41,71,169,68,7,150,44,19,138,175,336,157,71,3,18,192,197,negative 
95,44,84,158,62,10,145,46,19,148,163,312,166,64,10,6,199,206,negative 
74,53,69,226,54,7,184,31,24,160,205,541,118,74,4,39,203,203,negative
106,52,111,174,64,11,181,46,22,152,235,309,171,74,0,10,197,182,positive
116,56,63,108,72,4,207,38,20,136,212,406,142,59,2,11,189,191,positive
98,48,101,203,65,9,197,33,23,152,216,584,174,68,2,5,189,197,positive
103,45,52,104,58,6,119,53,18,177,210,387,169,70,0,29,199,196,positive
82,50,104,146,74,9,114,52,24,126,201,757,150,79,17,24,192,210,negative
111,54,103,171,50,11,221,30,25,172,227,727,201,69,15,6,190,198,negative
73,59,97,200,59,8,136,33,23,141,212,599,220,87,14,39,179,197,negative
99,56,93,191,64,5,134,38,19,154,221,184,184,74,12,10,197,195,positive
80,46,61,232,70,10,164,33,23,135,199,624,146,74,2,24,187,200,negative
95,57,104,228,74,10,212,31,24,175,224,670,223,74,0,4,186,193,negative
111,53,108,211,61,11,207,32,23,167,217,636,216,64,21,2,196,205,positive
89,47,83,322,133,48,158,43,20,163,229,364,176,97,0,14,184,194,negative 
91,37,76,138,55,8,132,51,18,135,157,256,124,69,0,12,191,192,negative 
86,48,75,136,58,10,161,43,20,163,170,371,185,75,3,1,183,192,negative 
100,36,73,199,73,6,162,40,20,127,189,401,125,72,6,19,200,204,negative 
100,46,81,187,61,9,166,40,20,154,189,415,175,63,13,9,198,207,positive
84,47,75,153,64,6,154,43,19,145,175,354,184,75,0,3,185,192,negative 
91,57,110,195,52,7,227,30,24,163,238,191,215,73,0,27,176,194,negative
103,36,51,128,65,4,112,35,24,164,217,590,119,68,0,20,181,185,positive
88,39,88,194,69,8,168,40,20,133,199,416,151,74,3,22,186,192,negative
104,43,97,104,63,9,210,36,19,154,136,439,208,72,1,10,196,198,positive
107,55,103,213,68,11,219,30,25,172,221,709,216,70,10,7,187,197,positive
89,47,99,187,73,11,136,33,24,134,202,604,170,60,18,15,184,197,positive
91,45,75,154,57,6,150,44,19,146,170,335,180,66,16,2,193,198,negative
86,42,65,113,50,8,152,45,19,141,169,332,171,85,4,16,179,183,negative 
93,39,63,146,58,7,128,52,18,134,149,246,158,63,9,7,198,204,positive
95,47,103,201,65,5,181,30,20,144,206,191,148,66,0,5,178,201,negative
106,54,101,222,67,12,222,30,25,173,228,721,200,70,3,4,187,201,positive
73,59,110,204,56,5,186,34,22,149,224,511,227,63,1,32,180,194,negative
108,54,105,203,62,11,202,33,23,164,216,608,235,68,12,3,190,200,positive
84,59,102,232,58,9,137,30,24,183,232,191,161,75,3,2,177,190,negative
100,54,102,206,65,10,198,33,23,164,224,587,240,72,4,11,187,196,positive
91,52,43,232,62,11,114,30,20,175,219,621,177,62,12,38,194,196,negative
73,59,95,232,65,13,173,30,21,144,204,636,114,74,8,8,194,190,negative
73,54,99,232,63,8,191,32,24,165,235,545,116,77,9,5,192,201,negative
99,55,101,219,68,10,224,30,25,178,228,737,213,74,11,20,187,196,negative
95,48,104,214,67,9,205,32,23,151,227,628,202,74,5,9,186,193,negative
104,54,102,130,69,10,204,38,24,123,159,342,221,63,4,13,203,189,positive
86,39,62,129,59,6,116,57,17,135,137,203,145,64,7,9,199,204,negative 
93,39,78,164,66,8,139,48,18,140,157,290,126,64,4,7,201,208,negative 
86,43,70,126,56,6,148,46,19,145,166,317,171,86,6,9,179,182,negative 
85,43,69,141,62,7,152,44,19,145,178,341,179,84,1,4,181,184,negative 
85,42,66,120,53,7,149,46,19,143,169,321,160,85,10,7,180,182,negative 
93,41,82,159,63,9,144,46,19,143,160,309,127,63,6,10,199,207,negative 
86,34,62,140,61,7,122,54,17,127,141,223,112,64,2,14,200,208,negative 
104,45,93,145,73,8,150,36,24,170,185,329,115,74,0,3,183,202,positive
98,52,79,201,52,9,202,30,17,167,224,191,123,73,3,7,197,199,negative
88,34,69,152,57,5,138,48,18,122,158,284,120,62,9,29,204,210,negative
97,35,66,151,64,8,128,52,18,129,148,246,112,66,6,2,195,200,negative 
83,46,68,139,59,6,150,44,19,146,172,336,183,74,5,3,185,191,negative 
81,43,68,139,62,7,149,46,19,145,172,323,171,83,1,14,180,184,negative 
102,51,104,217,67,10,204,32,23,162,220,621,195,68,3,19,188,197,positive
105,54,100,220,69,10,221,30,25,170,232,718,202,73,0,13,187,199,positive
93,58,99,224,59,11,209,30,24,177,238,221,197,75,9,3,186,211,negative
117,48,40,213,60,6,217,53,24,141,202,208,115,61,0,24,188,202,positive
84,37,70,150,61,7,137,49,18,140,156,278,121,64,0,23,196,205,negative 
97,46,101,210,66,8,192,35,22,151,208,546,169,66,1,32,191,200,negative
94,37,72,146,60,9,133,50,18,135,161,262,128,69,2,7,192,195,negative 
110,53,104,170,70,6,112,59,19,124,221,393,115,67,0,5,193,203,positive
99,57,109,220,66,11,221,30,25,176,234,725,236,70,10,25,188,200,negative
84,38,60,128,56,5,132,50,18,130,148,261,141,75,8,4,185,188,negative
101,51,98,194,60,10,195,34,22,161,219,572,219,67,0,10,192,201,positive
108,56,102,246,75,6,239,28,26,167,264,855,228,82,9,13,186,185,negative 
91,43,70,133,55,8,130,51,18,146,159,253,156,70,1,8,190,194,negative 
90,47,85,161,64,10,163,42,20,160,177,389,185,73,9,0,185,195,negative 
86,43,68,152,62,7,150,44,19,142,179,337,164,75,4,9,188,192,negative 
81,44,72,139,60,6,153,44,19,146,180,347,178,81,1,15,182,186,negative 
94,48,83,162,64,10,156,43,19,153,177,357,187,74,4,14,185,196,negative 
104,40,87,113,72,11,180,36,24,156,216,606,132,70,12,14,187,199,positive
91,46,75,185,75,7,154,42,19,147,178,362,192,72,8,8,192,199,negative 
84,44,80,140,58,11,156,44,20,157,166,349,176,74,5,17,183,193,negative 
79,43,93,227,51,12,186,33,24,144,216,191,221,75,0,7,190,201,negative
99,38,74,184,66,6,164,39,20,131,193,414,137,71,2,22,200,202,negative 
91,40,76,171,67,7,149,44,19,135,169,332,144,68,4,17,192,200,negative 
102,44,90,229,62,11,112,35,20,127,209,319,136,65,7,38,203,210,positive
101,46,105,195,61,10,198,34,23,150,213,578,195,66,7,38,192,205,positive
100,44,55,225,63,4,213,48,22,144,213,210,239,64,0,29,185,199,negative
112,50,110,186,56,11,214,31,24,159,232,676,203,71,18,27,191,202,positive
113,45,110,165,64,9,115,48,23,129,209,184,125,68,0,14,198,192,positive
79,54,97,232,59,8,201,39,24,188,231,233,234,71,0,17,185,199,negative
103,52,103,170,52,7,236,28,26,160,254,816,250,82,3,23,183,184,negative 
94,40,105,174,67,12,125,30,18,124,235,280,185,71,10,3,191,182,positive
98,58,101,208,65,12,226,30,25,182,225,748,216,71,6,1,185,196,negative
88,57,107,205,66,6,191,30,24,167,210,740,147,72,0,39,194,194,negative
84,46,58,180,66,9,169,31,25,152,219,483,199,67,16,28,198,196,positive
104,52,110,172,53,10,219,30,25,166,235,711,218,74,10,28,188,198,negative
96,44,40,112,68,8,141,59,19,161,225,558,177,68,19,4,190,207,positive
80,34,42,110,57,3,114,59,17,119,131,191,121,87,4,7,179,183,negative
109,49,109,193,59,10,207,32,24,156,225,635,213,70,13,31,191,202,positive
92,40,82,163,63,9,146,45,19,140,165,319,137,64,9,0,199,206,negative 
88,48,90,178,60,8,175,38,21,152,200,460,198,68,13,16,192,199,positive
81,46,71,130,56,7,153,44,19,149,172,342,191,81,3,14,180,186,negative 
85,39,77,151,59,8,150,45,19,134,176,331,133,73,0,16,184,193,negative
102,54,98,177,56,10,219,31,25,171,219,706,223,72,5,17,186,196,negative
106,49,96,201,61,10,181,36,21,158,197,494,180,62,19,15,202,209,negative
83,44,70,166,69,5,143,46,18,143,166,306,170,69,7,6,188,193,negative 
106,51,85,203,64,6,163,30,22,145,211,346,192,60,0,5,203,203,positive
108,52,109,182,55,12,216,31,24,171,229,687,214,72,10,28,189,201,positive
85,43,66,123,55,7,150,45,19,146,172,326,173,83,4,15,180,183,negative 
90,47,85,145,58,9,152,44,19,155,175,345,184,73,4,2,186,197,negative 
104,53,108,204,64,11,220,31,25,172,226,707,203,71,14,30,189,203,positive
104,45,93,155,59,9,197,39,25,169,241,663,148,78,0,8,188,183,negative
93,42,64,158,68,9,134,49,18,142,163,268,170,71,7,13,192,201,negative 
83,37,54,118,55,4,129,52,18,127,146,245,140,81,4,13,180,184,positive
109,49,40,191,72,11,184,31,19,118,235,187,186,77,1,15,189,197,positive
98,38,78,191,65,8,169,39,20,136,197,430,141,67,9,20,192,199,positive
105,47,98,155,73,8,126,55,25,177,230,222,115,63,0,0,183,200,positive
95,49,82,139,56,11,159,43,20,162,173,365,185,75,7,10,182,191,negative 
94,59,95,232,69,6,186,30,25,176,236,415,231,67,5,39,190,206,negative
96,45,87,169,67,10,154,44,19,149,167,351,174,67,9,8,192,201,negative 
110,51,104,191,57,12,213,31,24,162,226,674,190,68,18,2,191,199,positive
94,46,77,169,60,8,158,42,20,148,181,373,181,67,12,2,193,199,positive
93,38,105,133,65,9,121,34,17,153,195,565,115,66,16,11,179,195,positive
106,53,98,192,58,11,217,31,24,166,228,693,191,71,11,24,188,198,negative
83,41,70,155,65,7,144,46,19,141,168,309,147,71,4,12,188,195,negative 
99,37,55,116,63,11,179,32,23,149,207,387,121,70,11,0,182,188,positive
115,56,107,147,71,9,145,35,18,166,222,400,211,69,0,25,183,200,positive
104,52,101,206,62,10,198,33,23,161,207,587,204,64,2,5,195,204,negative
108,51,111,220,69,6,113,34,22,154,217,221,199,65,11,15,185,193,positive
86,56,89,183,71,7,216,30,21,152,241,697,170,66,1,8,195,196,negative
88,43,94,232,67,10,177,32,21,174,241,265,118,73,2,25,206,196,negative
85,39,68,119,52,5,128,53,18,135,148,241,142,75,8,8,182,187,negative 
97,45,91,161,63,10,151,45,19,148,166,334,171,65,18,20,197,205,negative 
92,45,74,187,74,7,157,41,19,143,179,375,183,70,8,6,195,201,negative 
110,56,109,199,57,5,251,27,27,169,272,928,268,82,11,10,183,183,negative 
95,51,96,196,63,9,190,35,22,161,208,543,235,68,13,0,191,198,negative
104,55,107,222,68,11,218,31,24,173,232,703,229,71,3,10,188,199,positive
83,40,53,114,53,6,132,53,18,140,142,247,157,86,8,7,176,183,negative 
91,35,66,159,59,7,147,45,19,131,169,322,123,64,1,1,197,203,negative
101,56,100,168,55,11,214,31,24,175,219,681,224,74,2,3,185,192,negative
91,39,72,133,55,7,146,46,19,132,170,314,149,77,9,18,184,189,positive
90,40,83,178,61,8,178,37,21,132,199,472,157,71,1,14,187,193,negative
74,49,101,232,53,10,176,50,18,158,214,277,117,82,15,38,199,196,negative
98,48,96,146,61,6,118,34,18,146,224,612,172,69,9,0,193,190,positive
98,39,68,121,49,7,134,51,18,142,164,261,134,75,4,1,186,186,negative 
86,36,77,165,60,7,150,45,19,128,174,331,131,66,0,32,196,203,positive
107,44,102,163,56,5,132,53,18,131,168,184,209,66,3,41,179,194,positive
82,57,110,224,58,7,214,30,19,148,235,257,114,80,4,19,192,202,negative
93,47,88,200,66,7,173,38,21,151,197,452,205,66,0,3,195,202,positive
94,39,75,184,72,8,155,42,19,133,175,365,145,70,4,5,192,200,negative 
97,37,76,169,60,8,161,41,20,131,189,391,136,72,0,0,188,192,negative
90,46,75,133,55,11,160,43,20,161,173,369,171,77,0,16,182,192,negative 
88,37,57,132,62,6,135,50,18,125,151,265,144,83,16,16,180,184,positive
78,43,70,147,65,8,147,46,19,145,169,319,168,77,1,12,181,186,negative 
88,36,53,113,57,3,118,57,17,128,137,204,136,88,7,14,180,183,negative 
93,34,72,144,56,6,133,50,18,123,158,263,125,63,5,20,200,206,positive
97,42,111,104,70,10,127,34,24,139,205,526,223,62,0,35,202,182,positive
96,46,70,194,70,6,167,39,20,148,183,427,171,69,17,10,200,203,negative 
83,36,54,119,57,6,128,53,18,125,143,238,139,82,6,3,179,183,positive
89,36,69,142,57,7,135,50,18,126,154,266,128,66,3,36,193,203,negative
99,46,71,232,58,4,176,38,19,159,241,343,231,71,6,31,203,190,negative
88,34,58,140,59,6,127,52,18,130,148,243,113,63,4,10,199,206,negative 
102,52,63,170,70,11,112,61,20,174,207,284,156,69,0,35,192,203,positive
87,38,85,177,61,8,164,40,20,129,186,402,130,63,1,25,198,205,negative
100,46,85,164,64,11,163,42,20,163,176,387,170,71,18,0,189,196,negative 
93,47,85,163,66,11,156,44,20,158,172,355,178,74,7,15,183,195,negative 
98,56,108,162,57,7,139,54,24,136,167,413,173,66,2,26,183,197,positive
86,44,78,164,68,9,142,46,18,147,168,305,171,70,1,11,190,201,negative 
84,36,73,232,50,3,206,39,20,150,240,564,154,76,0,22,190,201,negative
86,43,69,123,54,6,150,46,19,144,174,325,177,87,3,7,180,182,negative 
85,42,70,130,56,7,150,45,19,145,177,328,172,82,10,14,181,185,negative 
97,44,95,202,66,9,188,35,22,144,216,526,175,72,15,11,190,197,positive
87,45,77,153,59,7,154,44,19,145,181,350,172,75,15,14,184,189,negative
103,56,105,183,59,10,210,32,24,173,217,648,218,72,13,22,188,196,negative
95,41,82,170,65,9,145,46,19,145,163,314,140,64,4,8,199,207,negative 
82,45,68,139,64,6,147,46,19,143,169,320,184,80,0,1,181,184,negative 
89,44,72,160,66,7,144,46,19,147,166,312,169,69,11,1,191,198,negative 
89,48,85,189,64,8,169,39,20,153,188,427,190,64,16,5,195,201,positive
93,48,84,150,63,11,156,44,20,165,171,354,188,73,8,15,185,195,negative 
81,51,110,232,60,8,159,30,18,183,230,682,241,72,4,6,176,190,negative
107,53,108,211,63,11,219,31,25,168,228,704,198,69,10,21,190,203,positive
79,55,83,176,61,8,195,37,18,172,180,191,176,70,3,34,176,202,negative
85,38,63,130,55,7,122,55,17,130,137,219,144,64,20,8,195,201,negative
106,55,96,196,60,12,221,30,25,173,225,717,214,72,9,13,186,196,negative
97,55,102,172,72,9,171,41,22,152,235,589,125,65,0,0,189,206,positive
111,50,103,199,60,11,211,31,24,156,223,663,188,68,9,9,190,200,positive
85,43,66,120,54,5,148,46,19,145,168,320,174,87,8,2,179,181,negative 
117,49,90,210,69,4,191,45,24,177,198,631,178,65,9,22,184,201,positive
90,43,66,157,65,9,137,48,18,146,162,281,164,67,3,3,193,202,negative 
106,57,107,235,67,6,262,26,28,171,285,987,260,86,9,31,180,184,negative 
102,52,98,225,71,10,214,31,24,164,228,682,199,71,0,16,187,196,negative
101,48,107,222,68,10,208,32,24,154,232,641,204,70,5,38,190,202,negative
88,44,85,139,56,11,157,43,20,155,176,363,175,76,5,16,184,195,negative 
85,42,64,121,55,7,149,46,19,146,167,323,172,85,1,6,179,182,negative 
96,52,104,222,67,9,198,33,23,163,217,589,226,67,12,20,192,201,negative
78,58,110,187,72,5,114,33,24,122,220,511,184,66,0,3,189,204,negative
83,42,71,152,64,7,149,45,19,142,172,331,158,74,2,2,184,190,negative 
89,38,82,156,59,8,153,43,19,129,179,351,137,70,1,1,187,192,positive
92,37,80,180,67,8,154,43,19,129,180,353,144,69,6,9,190,195,positive
89,42,70,148,62,7,147,45,19,143,176,323,153,76,2,6,186,189,negative 
88,44,71,165,70,7,144,46,19,141,167,312,172,71,4,4,188,193,negative 
73,34,110,126,53,3,211,33,25,188,214,535,182,69,0,25,198,191,negative
85,35,64,129,57,6,116,57,17,125,138,200,123,65,1,23,196,203,negative 
107,54,104,161,71,12,148,37,22,162,224,533,115,69,8,9,194,204,positive
89,38,74,138,59,7,136,49,18,133,167,278,128,72,7,7,189,193,negative 
100,45,91,232,73,8,138,30,18,176,228,609,155,70,6,20,192,205,positive
98,40,77,171,61,6,172,37,21,139,197,457,141,72,4,17,199,201,negative 
74,53,106,232,62,3,212,39,23,185,220,369,164,71,0,24,188,183,negative
97,56,62,165,70,4,157,30,20,163,177,423,169,72,9,28,184,194,positive
108,46,111,200,64,8,112,30,23,118,198,627,198,68,5,13,203,195,positive
95,36,73,191,73,6,156,41,19,126,184,374,124,71,2,19,199,204,negative 
97,59,108,227,70,11,224,30,25,186,225,732,218,70,10,25,186,198,negative
108,49,103,200,62,10,206,32,23,155,227,635,215,72,6,16,189,198,positive
88,43,70,177,74,19,152,44,19,143,180,342,168,76,1,9,186,189,negative 
74,50,106,232,58,8,187,45,20,180,237,569,116,77,0,10,197,199,negative
97,41,62,133,56,7,130,52,18,143,158,247,157,78,5,7,184,186,negative 
86,40,66,138,59,4,137,49,18,133,162,279,151,74,6,14,186,190,positive
94,49,79,203,71,5,174,37,21,154,196,465,206,71,6,2,197,199,negative 
110,54,102,201,64,11,213,31,24,171,222,669,221,73,17,16,188,198,positive
93,42,98,192,63,9,185,36,22,138,206,508,173,70,10,21,189,197,positive
85,45,82,133,56,11,159,43,20,156,170,362,173,76,10,21,183,193,negative 
103,50,98,212,63,9,193,34,22,161,214,567,185,64,5,5,198,204,negative
111,58,105,183,51,6,265,26,29,174,285,1018,255,85,4,8,181,183,negative 
96,49,98,187,59,6,213,31,24,152,228,680,210,77,8,28,188,189,negative 
86,40,62,140,62,7,150,45,19,133,165,330,173,82,2,3,180,185,positive
95,53,95,202,65,10,193,34,22,160,220,559,237,71,3,2,188,196,positive
97,41,92,197,63,10,179,37,21,140,197,481,136,63,4,3,197,204,negative
80,34,110,178,64,8,211,33,25,154,203,291,114,77,14,39,180,191,negative
94,54,40,148,66,11,121,61,22,164,191,478,188,63,1,8,192,197,positive
114,38,64,183,65,11,119,48,22,145,130,247,123,83,9,0,179,186,positive
88,39,76,155,62,8,137,48,18,137,156,281,124,63,3,6,201,209,negative 
99,52,104,177,55,10,210,32,24,166,219,657,215,73,3,2,187,194,negative
101,53,91,194,65,6,204,32,23,161,231,636,214,78,5,14,192,192,negative 
113,48,98,208,62,9,203,33,23,151,216,613,183,64,17,29,193,204,positive
103,49,107,179,54,12,208,32,24,159,214,644,183,66,1,12,191,200,negative
98,52,86,207,69,5,192,33,22,161,212,570,221,75,4,6,194,195,negative 
98,36,83,229,64,3,173,47,19,186,153,563,121,87,0,14,183,199,negative
111,56,98,199,60,10,117,37,19,131,159,236,196,75,2,34,201,210,positive
86,42,64,122,54,6,148,46,19,143,170,319,171,87,1,3,179,182,negative 
81,38,82,157,63,9,199,30,24,159,213,492,135,77,7,38,185,203,negative
73,56,103,232,68,9,208,53,24,164,233,191,248,73,0,22,192,194,negative
117,44,103,184,69,9,170,37,20,142,136,384,125,60,10,0,188,209,positive
87,46,91,232,57,8,188,30,18,136,218,191,193,78,0,39,197,196,negative
96,47,77,204,72,6,167,38,20,150,188,429,182,69,6,16,199,203,negative 
77,52,99,232,63,10,114,30,24,169,241,494,167,68,0,32,202,192,negative
111,37,94,179,69,12,187,38,24,175,208,260,230,70,15,5,201,211,positive
86,46,73,125,57,6,151,45,19,147,170,334,188,82,9,11,180,184,negative 
103,55,100,194,62,11,212,31,24,175,217,666,219,73,10,14,187,194,negative
73,52,72,206,58,10,114,52,19,146,230,489,203,77,0,13,203,199,negative
108,51,100,206,63,10,196,34,23,159,214,576,201,65,7,16,194,205,positive
73,58,104,232,71,4,171,49,18,171,210,541,161,80,2,32,191,196,negative
86,36,70,143,61,9,133,50,18,130,153,266,127,66,2,10,194,202,negative 
112,50,104,197,58,11,208,32,24,159,223,639,186,67,15,22,191,202,positive
102,51,92,194,60,6,220,30,25,162,247,731,209,80,7,7,188,186,negative 
84,41,105,161,60,10,200,36,23,180,204,653,214,78,0,4,193,195,negative
93,47,84,205,71,7,176,36,21,152,190,476,201,70,7,19,198,201,negative 
93,56,102,184,64,5,222,38,25,164,163,210,171,70,1,10,200,186,positive
91,44,66,151,63,7,137,48,18,146,166,280,167,72,1,9,188,194,negative 
87,39,74,165,66,6,145,45,19,134,173,318,139,70,3,21,195,200,negative 
89,45,101,164,71,6,112,36,20,148,228,250,148,70,2,8,203,202,positive
81,59,96,219,58,10,182,46,22,157,215,491,114,77,7,23,206,210,negative
105,46,100,195,61,9,193,34,22,150,207,557,161,65,5,9,194,202,negative
76,56,68,216,57,4,129,38,18,188,241,498,211,68,2,10,190,191,negative
90,36,78,179,64,8,157,42,19,126,182,367,142,66,1,20,192,198,negative
95,39,68,218,59,7,171,43,18,166,202,415,189,67,16,6,201,204,positive
100,45,100,209,65,8,201,32,23,147,231,611,189,72,5,5,189,195,negative
92,51,100,217,56,7,196,31,17,188,229,433,146,77,6,35,198,189,negative
87,56,90,123,63,3,117,53,23,137,221,621,196,70,13,18,179,192,positive
101,44,91,191,73,9,183,48,18,135,194,647,143,63,10,0,196,182,positive
83,41,103,218,59,8,120,30,25,159,220,379,250,74,0,24,184,205,negative
91,38,76,172,61,8,167,40,20,134,196,415,145,71,0,28,189,198,negative
117,56,107,146,64,10,147,39,17,121,235,660,115,63,0,16,179,192,positive
95,50,110,206,53,9,167,30,23,149,241,716,216,73,2,15,182,194,negative
98,41,100,222,51,12,132,33,19,186,205,267,218,72,9,19,201,211,negative
98,51,96,203,66,10,188,35,22,157,207,533,231,68,10,1,191,199,positive
94,35,103,226,67,9,221,59,21,138,230,375,192,65,5,20,191,206,positive
98,55,108,168,53,11,224,30,25,178,231,737,217,73,8,30,187,198,negative
92,41,109,232,58,7,184,31,18,157,227,608,121,70,0,39,197,192,negative
89,44,76,125,54,10,156,44,20,151,163,352,176,76,12,12,184,193,negative 
86,38,76,143,59,8,142,47,18,131,167,301,138,71,5,10,189,196,negative 
110,46,100,197,61,9,193,34,22,149,209,561,160,65,11,7,194,203,positive
96,48,83,177,59,8,171,39,21,152,195,438,196,67,15,0,195,201,negative
91,39,82,164,68,10,143,46,19,137,164,308,158,68,13,9,191,201,negative 
73,49,96,222,60,8,114,30,23,180,220,712,193,74,0,8,184,209,negative
106,54,103,161,47,4,247,27,27,166,266,892,242,85,4,11,181,183,negative 
85,45,70,130,58,8,151,45,19,146,171,334,187,79,2,5,181,186,negative 
86,45,70,122,56,7,148,45,19,144,170,324,186,84,9,5,180,183,negative 
97,53,105,225,71,12,221,30,25,167,226,713,202,70,3,20,186,200,positive
100,41,50,228,62,12,170,44,18,153,130,524,115,69,4,0,191,200,positive
93,56,53,185,71,11,112,32,24,152,188,518,183,66,11,0,195,203,positive
86,40,63,135,56,5,133,50,18,135,152,262,166,70,9,2,187,191,positive
89,41,84,141,58,9,149,45,19,145,172,330,162,72,4,18,188,200,negative 
105,51,105,197,60,11,191,35,22,162,207,545,194,64,18,4,196,205,positive
94,37,73,186,71,7,154,42,19,127,171,362,132,67,2,8,197,206,negative 
96,55,89,216,59,11,116,31,23,175,199,721,148,69,8,14,196,200,positive
105,45,100,195,61,10,198,33,23,149,214,586,186,67,8,5,192,200,positive
114,56,107,197,73,9,179,31,23,177,235,637,115,75,3,8,199,207,positive
86,45,71,170,70,6,146,45,19,146,172,321,189,71,10,8,187,191,negative 
92,36,78,165,57,8,153,43,19,128,169,349,124,60,4,19,203,211,positive
112,45,108,118,67,7,125,53,23,158,134,407,173,62,12,3,186,199,positive
98,55,101,219,69,11,225,30,25,178,231,748,216,74,6,14,187,195,negative
107,55,112,168,64,8,222,57,25,146,221,662,182,59,17,14,203,189,positive
76,56,106,166,55,9,221,40,23,161,185,204,180,79,5,36,189,207,negative
88,38,93,145,56,3,132,35,25,122,157,351,229,75,0,10,179,193,negative
104,56,96,231,74,11,220,30,25,172,223,713,218,73,6,16,186,195,negative
95,48,83,178,72,10,162,42,20,159,176,379,184,70,6,16,187,197,negative 
91,39,83,176,59,7,169,39,20,132,190,426,142,67,0,24,192,199,positive
98,38,72,192,69,5,166,38,20,131,189,427,138,70,1,3,200,202,negative 
80,38,63,129,55,7,146,46,19,130,168,314,158,83,9,20,180,185,positive
82,43,70,250,105,55,139,48,18,145,231,289,172,99,4,9,190,199,negative 
111,35,82,215,58,7,198,30,19,167,205,398,154,78,0,35,190,183,negative
108,54,109,189,57,11,220,31,25,174,229,709,214,70,12,23,189,201,positive
84,38,66,138,62,6,126,54,18,132,144,232,139,70,4,7,185,190,negative
102,46,58,124,62,6,197,35,20,137,212,595,164,63,3,22,194,194,positive
73,52,86,193,65,10,173,40,24,157,222,192,154,75,0,3,182,192,negative
93,43,78,166,59,7,151,44,19,141,182,342,174,68,15,2,193,197,negative
89,47,85,147,58,10,153,44,19,151,175,349,186,74,13,7,186,197,negative 
95,47,81,176,59,7,168,39,20,152,196,425,185,67,4,4,191,198,positive
86,42,65,116,53,6,152,45,19,141,175,335,172,85,5,4,179,183,negative 
88,45,82,155,56,8,154,43,19,149,180,357,170,69,3,0,188,193,positive
86,43,66,130,56,7,152,44,19,142,177,340,173,81,6,14,181,185,negative 
76,52,85,172,60,5,199,31,20,150,175,232,197,75,7,39,198,201,negative
94,49,87,159,64,10,157,43,20,158,179,363,203,75,4,0,183,194,negative 
98,43,108,146,67,4,112,59,20,145,233,343,227,59,0,1,190,192,positive
101,55,105,182,59,10,215,31,24,177,221,678,223,74,12,26,186,195,negative
88,44,84,135,55,12,155,44,20,158,176,351,164,75,7,11,183,195,negative 
81,42,63,125,55,8,149,46,19,145,166,320,172,86,7,7,179,182,negative 
87,44,70,179,75,6,146,45,19,141,167,326,178,69,6,1,194,201,negative 
82,43,73,158,68,7,151,44,19,145,181,337,173,80,2,17,183,188,negative 
101,53,97,140,61,10,208,31,20,165,211,586,156,64,0,5,198,203,positive
105,51,93,160,51,7,217,30,24,165,240,703,208,81,9,25,188,188,negative 
89,38,78,153,61,7,146,46,19,127,166,314,142,69,0,9,187,194,negative
105,53,108,206,63,12,222,31,25,168,226,712,201,71,15,35,189,203,positive
102,51,107,202,68,3,195,31,23,177,130,343,163,64,0,0,186,194,positive
100,55,101,189,57,10,222,30,25,177,225,731,211,71,7,17,188,197,negative
101,56,101,231,72,10,217,31,24,171,232,698,216,72,2,6,187,197,positive
86,39,58,125,55,5,117,57,17,134,140,204,148,69,7,6,190,194,negative 
80,38,64,130,59,8,134,51,18,126,152,259,135,76,1,23,179,188,negative
99,51,88,188,62,5,203,32,23,158,222,625,219,77,8,26,191,190,negative 
89,47,84,133,55,11,157,44,20,160,169,354,176,74,5,9,182,192,negative 
105,53,105,184,57,11,211,31,24,168,224,661,218,71,0,15,186,197,positive
88,40,73,173,68,7,150,44,19,137,174,341,151,69,2,20,196,200,negative 
91,51,67,104,68,3,183,55,24,118,225,184,191,67,22,4,179,208,positive
91,46,78,148,61,9,147,45,19,152,168,323,199,70,13,11,189,200,negative 
108,54,96,180,73,10,203,33,20,151,215,674,169,69,22,24,193,191,positive
84,45,68,148,64,6,146,46,19,142,168,317,180,75,5,1,183,187,negative 
98,55,104,213,67,9,206,32,23,167,223,629,220,72,5,19,187,196,positive
89,36,77,172,62,8,157,42,19,125,174,367,126,63,5,22,198,205,negative
84,40,63,207,68,9,222,30,20,164,205,757,185,87,1,6,178,199,negative
107,51,103,182,56,11,213,31,24,162,226,673,217,72,2,4,188,198,positive
93,36,64,165,69,8,136,49,18,136,161,279,127,67,2,29,193,204,negative 
96,54,104,175,58,10,215,31,24,175,221,682,222,75,13,23,186,194,negative
94,43,82,136,54,10,155,43,19,149,176,359,161,74,1,6,186,197,negative 
95,43,71,159,64,6,145,45,19,141,169,322,171,67,8,4,195,200,negative 
100,49,96,206,63,9,186,35,22,156,202,519,176,62,3,5,197,205,negative
83,46,73,137,59,6,148,45,19,146,167,327,183,75,8,0,185,191,negative 
101,54,93,234,65,8,207,37,22,127,219,433,117,71,21,0,187,194,positive
102,54,101,190,58,10,222,30,25,171,224,728,203,71,13,6,189,198,negative
91,38,70,160,66,25,140,47,18,139,162,296,130,67,4,11,192,202,negative 
89,40,76,188,76,7,150,44,19,136,174,342,148,72,3,8,193,197,negative 
94,35,66,147,62,9,131,50,18,127,159,258,115,66,8,7,196,201,negative 
86,51,70,193,72,8,158,35,21,139,223,546,139,71,5,1,202,203,positive
93,39,87,183,64,8,169,40,20,134,200,422,149,72,7,25,188,195,positive
88,38,77,156,56,7,163,41,20,129,184,395,140,67,1,9,192,198,negative
89,36,69,162,63,6,140,48,18,131,164,291,126,66,1,38,193,204,positive
101,52,101,197,62,9,188,35,22,162,208,527,203,67,14,15,193,202,positive
93,46,82,145,58,11,159,43,20,160,180,371,189,77,2,4,183,194,negative 
73,54,110,232,64,4,211,46,20,180,227,340,114,73,2,39,178,206,negative
87,58,108,165,57,10,192,30,25,156,235,738,151,62,0,39,205,201,negative
105,56,95,104,60,8,196,33,24,151,142,350,120,66,4,0,187,198,positive
101,56,100,204,62,12,227,30,25,178,231,757,204,73,0,11,186,197,negative
89,42,66,125,53,7,131,51,18,144,162,254,162,73,10,17,188,191,negative 
101,56,44,176,69,7,112,31,17,152,219,347,185,72,1,26,203,201,positive
99,57,100,177,54,13,224,30,25,188,223,726,213,72,4,7,185,198,negative
106,53,98,176,54,10,216,31,24,171,235,691,218,74,1,9,187,197,positive
87,37,60,132,57,6,128,52,18,129,154,243,132,71,1,14,186,192,positive
89,36,68,141,59,8,139,47,18,130,166,291,127,73,7,1,189,196,negative 
117,53,97,183,58,10,204,55,18,164,146,232,162,72,6,5,201,204,positive
85,40,66,121,52,4,152,44,19,133,170,340,163,87,13,3,180,183,negative
117,52,110,228,65,12,212,31,24,163,228,668,220,66,21,25,194,205,positive
89,37,54,119,53,5,134,50,18,127,151,266,146,79,16,14,184,185,positive
97,47,87,164,64,9,156,43,20,149,173,359,182,68,1,13,192,202,negative 
100,46,90,172,67,9,157,43,20,150,170,363,184,67,17,7,192,200,negative 
110,41,105,128,54,8,115,32,18,154,144,292,175,67,14,0,190,193,positive
104,55,105,216,68,11,205,32,23,169,221,623,216,71,9,18,189,196,negative
90,46,80,143,62,11,159,43,20,156,169,366,186,74,17,7,185,193,negative 
98,46,77,199,71,7,166,39,20,150,184,422,180,69,13,9,200,203,negative 
96,39,86,156,55,8,125,34,17,175,215,757,114,66,0,18,206,196,negative
98,39,68,136,56,8,131,52,18,144,159,251,134,72,4,10,186,187,negative 
101,55,95,158,69,12,133,37,22,163,233,254,172,59,0,1,179,200,positive
97,37,70,173,66,7,151,43,19,129,167,346,119,65,0,16,201,208,negative 
100,51,109,231,70,11,220,30,25,163,238,722,206,73,11,19,189,198,negative
110,56,61,229,62,8,200,54,21,126,235,721,115,74,15,32,190,190,positive
93,43,106,216,67,7,117,53,23,166,212,382,191,66,7,14,201,190,positive
115,51,100,201,60,12,196,34,23,162,207,573,184,62,22,1,198,208,positive
105,54,96,185,57,10,219,30,25,170,231,706,217,75,5,12,187,195,negative
98,54,104,186,59,10,213,32,24,172,223,665,217,73,1,26,186,195,negative
99,43,89,195,63,8,186,35,22,144,210,521,166,68,6,13,191,199,positive
108,53,103,202,64,10,220,30,25,168,224,711,214,73,11,10,188,199,positive
90,58,59,199,52,11,164,46,25,188,208,294,211,68,4,5,179,203,negative
95,42,96,197,65,9,178,37,21,141,199,474,149,67,1,29,193,200,negative
104,50,106,209,66,10,207,32,23,158,223,635,220,73,14,9,188,196,positive
92,37,86,167,60,7,158,42,20,131,181,373,144,68,9,21,190,196,positive
94,44,84,216,74,6,184,35,22,145,208,525,154,73,4,22,196,197,negative 
73,37,91,196,69,6,117,32,25,174,217,615,212,71,2,6,182,211,negative
94,43,69,161,59,7,152,43,19,143,175,349,187,67,12,11,193,198,positive
91,50,111,152,67,10,112,36,25,141,230,430,115,66,10,16,189,196,positive
79,47,74,141,61,7,153,43,19,149,175,349,199,77,6,10,183,189,negative 
105,54,106,215,68,10,208,32,24,166,217,640,218,69,14,23,189,199,positive
114,50,99,170,67,8,189,33,24,126,235,646,115,73,14,9,202,203,positive
112,54,46,194,73,5,148,61,24,153,222,442,153,69,14,31,199,190,positive
107,55,98,199,59,7,240,27,26,168,258,866,245,80,3,1,186,184,negative 
79,49,110,225,59,8,130,30,22,131,219,429,154,69,2,38,193,193,negative
91,40,83,166,60,8,160,41,20,133,189,383,155,72,5,7,186,191,positive
89,41,75,143,56,7,146,46,19,137,170,317,156,76,18,5,184,188,negative
100,58,109,230,70,11,226,30,25,182,234,752,207,72,0,13,187,198,negative
73,37,53,111,54,6,126,55,18,128,135,227,147,82,1,15,176,184,negative
99,41,77,197,69,6,177,36,21,139,202,485,151,72,4,10,198,199,negative 
90,36,57,130,57,6,121,56,17,127,137,216,132,68,22,23,190,195,positive
101,54,97,115,73,6,150,48,18,151,183,721,115,73,3,19,196,203,positive
93,41,96,200,58,9,200,31,18,159,202,191,211,78,0,28,206,201,negative
110,58,106,180,51,6,261,26,28,171,278,998,257,83,9,13,181,182,negative 
101,54,106,188,57,7,236,28,26,164,256,833,253,81,6,14,185,185,negative 
107,54,98,210,66,11,218,31,24,169,221,704,216,71,14,0,188,197,positive
110,50,69,185,65,4,139,30,24,177,188,309,115,59,1,7,192,198,positive
95,49,92,193,62,10,178,37,21,154,200,478,171,64,2,0,198,206,negative
94,56,70,208,58,11,112,46,19,169,221,206,232,64,5,17,190,194,positive
99,48,104,196,63,10,201,33,23,152,221,604,199,73,8,4,188,197,positive
91,36,72,162,60,8,150,44,19,133,166,334,121,63,2,22,196,205,positive
73,39,108,173,52,4,139,34,21,164,228,191,188,75,0,0,181,196,negative
88,59,92,226,72,7,204,30,25,160,169,466,129,70,14,16,176,189,negative
104,55,109,230,67,12,218,30,24,174,230,706,226,67,8,22,191,202,negative
80,37,57,116,55,6,125,54,18,125,142,229,132,81,8,5,178,184,negative
85,43,66,121,54,7,150,46,19,147,169,324,175,87,0,5,179,182,negative 
85,36,51,115,56,5,119,57,17,124,139,207,127,81,13,5,181,184,negative 
87,39,70,148,61,7,143,46,18,136,164,307,141,69,1,2,192,199,negative 
78,36,60,116,56,6,123,55,17,124,141,221,121,78,3,16,178,185,negative
114,57,102,181,52,6,257,26,28,169,287,968,261,85,2,21,182,184,negative 
73,41,107,200,61,13,135,30,23,168,192,592,157,73,0,29,206,195,negative
93,34,66,140,56,7,130,51,18,120,151,251,114,62,5,29,201,207,negative
92,40,62,144,59,8,127,52,17,139,149,241,150,62,13,1,204,210,negative 
109,52,95,189,58,4,227,29,25,158,262,776,217,82,0,19,187,186,negative 
86,37,69,150,63,8,138,48,18,134,163,284,124,71,1,6,189,195,negative 
96,50,94,215,67,9,187,35,22,158,214,525,214,67,8,6,193,201,positive
88,37,51,105,52,5,119,57,17,128,135,207,125,86,8,16,179,183,negative 
88,41,80,147,62,8,146,45,19,144,169,318,161,71,4,16,188,197,negative 
101,52,105,162,53,10,212,31,24,163,226,669,204,74,12,11,186,194,negative
102,59,93,183,50,3,114,58,18,140,220,519,116,75,3,1,181,202,negative
102,40,47,176,72,12,112,59,19,121,212,502,188,66,1,35,198,187,positive
79,39,72,127,53,9,142,48,19,135,165,295,144,77,7,21,181,189,negative
84,43,70,123,54,8,151,45,19,146,173,332,176,81,1,12,181,184,negative 
116,53,110,231,67,12,217,31,24,165,231,692,222,67,16,28,192,206,positive
103,48,102,146,69,12,189,46,20,165,230,390,166,64,10,36,189,197,positive
83,45,73,161,68,8,142,46,18,144,169,305,179,71,10,3,191,199,negative 
99,47,91,226,74,5,202,32,23,148,234,629,186,79,4,11,192,191,negative 
101,51,105,212,68,10,209,32,24,162,222,653,224,73,5,23,186,195,negative
82,44,72,136,61,7,147,46,19,143,173,317,183,81,6,17,181,185,negative 
114,55,93,158,56,7,180,33,24,156,191,721,168,66,1,38,192,203,positive
91,42,80,162,66,8,148,44,19,145,171,331,147,70,3,5,189,199,negative 
76,38,58,125,58,5,133,51,18,127,152,259,145,87,0,21,177,184,negative
86,44,70,140,64,6,148,45,19,145,170,322,185,82,10,1,181,183,negative 
81,49,89,222,60,9,184,30,20,160,232,691,177,71,3,19,202,211,negative
82,37,66,126,54,7,132,52,18,127,148,252,142,72,17,7,183,187,positive
117,53,97,193,67,8,177,61,18,173,223,362,182,65,0,21,190,193,positive
91,41,66,131,56,9,126,53,18,144,159,237,155,72,3,10,191,194,negative 
89,40,79,154,64,9,144,46,19,139,168,311,149,71,8,7,188,197,negative 
100,52,109,225,68,10,222,30,25,165,241,731,207,73,7,28,188,199,negative
95,56,98,169,66,9,147,38,17,144,143,627,173,68,10,10,186,199,positive
98,50,90,192,63,9,177,37,21,155,195,472,197,65,10,1,193,201,positive
108,57,106,177,51,5,256,26,28,170,285,966,261,87,11,2,182,181,negative 
96,43,82,161,55,5,186,34,22,141,215,534,162,75,0,6,195,196,negative 
95,46,92,159,63,11,160,42,20,157,176,372,171,70,7,21,189,200,negative 
104,49,105,209,61,11,207,32,24,157,217,637,168,64,0,19,193,207,positive
100,53,104,232,74,9,212,35,19,174,241,191,141,75,0,27,200,200,negative
103,51,105,174,56,11,210,32,24,163,222,650,222,73,8,9,187,196,positive
93,41,75,124,51,7,140,49,18,141,164,284,149,77,5,15,184,185,negative 
90,41,78,145,55,7,138,48,18,138,161,284,158,67,0,1,192,197,negative
93,59,73,232,71,7,120,31,21,174,146,191,198,77,3,38,176,204,negative
104,53,101,190,63,10,213,32,24,166,218,664,202,74,13,21,188,198,positive
100,42,98,113,63,8,112,35,24,144,235,317,136,63,12,38,189,201,positive
85,36,72,127,56,7,127,54,18,125,144,233,123,70,3,30,184,194,negative
102,34,94,232,67,7,202,51,18,172,229,757,180,73,0,39,199,197,negative
103,50,107,118,63,11,222,37,18,152,235,721,151,77,1,17,191,196,positive
83,37,62,113,53,6,122,55,17,129,143,218,135,79,0,7,181,185,negative 
85,47,75,121,53,9,157,44,20,165,168,358,176,77,1,7,182,191,negative 
104,55,100,201,66,10,214,31,24,173,224,680,221,74,1,1,185,194,positive
98,49,43,224,54,4,219,30,19,160,233,191,162,74,5,39,184,189,negative
85,43,64,128,56,8,150,46,19,144,168,324,173,82,9,14,180,184,negative 
99,46,91,113,67,11,222,36,22,132,209,574,188,71,14,7,187,203,positive
78,41,85,224,65,8,182,33,21,163,241,570,201,87,0,5,195,193,negative
92,46,92,165,64,10,215,40,21,140,188,238,173,59,12,16,187,201,positive
98,45,76,166,60,7,157,42,20,148,184,371,186,69,13,10,190,196,negative
103,55,103,211,65,11,212,31,24,165,229,673,249,72,5,16,188,196,negative
100,50,81,197,67,6,186,34,22,158,206,531,198,74,6,1,197,198,negative 
99,52,98,205,62,7,210,47,25,165,201,676,115,83,9,0,201,201,positive
100,47,70,185,70,7,162,40,20,153,179,406,172,68,9,6,200,205,negative 
79,43,72,141,62,8,153,44,19,144,175,344,174,78,0,8,182,188,negative 
111,37,40,199,68,12,131,32,20,153,231,184,192,70,4,3,185,193,positive
94,48,87,162,64,10,157,43,20,161,179,363,186,75,4,15,184,195,negative 
93,37,70,126,52,9,127,53,18,137,156,238,119,71,2,13,191,190,negative 
80,43,71,133,60,7,150,45,19,146,170,330,176,81,6,15,180,184,negative 
83,44,68,144,61,8,147,45,19,143,170,325,180,74,1,1,185,191,negative 
97,43,73,173,65,6,153,42,19,143,176,361,172,66,13,1,200,204,negative 
73,55,44,231,61,12,215,30,25,146,205,217,217,81,5,19,185,201,negative
102,51,108,193,57,10,212,31,24,162,219,663,184,66,7,21,191,201,negative
101,55,107,200,61,11,225,30,25,178,228,730,204,74,8,35,187,201,negative
85,42,66,120,53,7,149,45,19,145,173,325,163,85,5,4,180,182,negative 
83,39,69,127,54,5,135,49,18,131,155,274,162,69,16,6,187,190,negative
83,37,54,131,61,4,135,50,18,127,152,271,141,85,3,6,180,183,positive
86,38,89,176,59,9,169,39,20,132,190,428,148,67,7,33,193,202,negative
97,48,105,212,64,11,201,33,23,155,212,602,162,64,2,7,193,202,negative
88,43,91,232,64,8,211,30,23,177,165,486,234,87,17,12,191,192,negative
95,46,76,162,66,11,162,42,20,155,175,381,172,74,8,4,184,193,negative 
88,39,70,166,66,7,148,44,19,134,167,332,143,69,5,13,193,201,negative 
91,52,98,196,62,9,193,34,22,161,216,562,244,69,3,1,190,199,negative
92,37,75,184,70,6,154,42,19,131,184,363,127,71,0,4,198,202,negative 
86,45,73,152,63,6,149,44,19,145,170,335,176,71,6,1,189,196,negative 
80,45,71,128,56,7,151,45,19,147,171,337,176,79,3,16,181,187,negative 
95,54,69,222,63,10,114,30,19,165,241,671,132,78,0,32,201,197,negative
97,52,105,110,62,10,114,45,19,159,218,478,114,73,0,0,193,195,negative
106,47,91,185,56,8,141,35,25,167,212,383,115,60,0,18,194,196,positive
98,41,102,169,69,11,160,60,20,144,186,636,115,70,11,16,179,196,positive
95,42,85,174,66,9,153,44,19,144,168,347,150,65,11,5,196,204,negative 
87,41,76,165,67,7,148,45,19,140,171,327,152,72,7,13,188,195,negative 
99,42,110,232,64,9,173,30,19,188,241,305,140,75,3,16,192,184,negative
109,55,102,169,51,6,241,27,26,165,265,870,247,84,10,11,184,183,negative 
98,42,90,192,61,9,178,37,21,144,189,480,138,61,3,8,199,208,positive
111,53,101,185,71,4,138,31,19,120,181,291,181,70,13,11,194,182,positive
97,42,101,186,59,9,186,36,22,138,208,511,168,67,7,41,194,206,positive
82,38,53,125,59,5,133,51,18,128,152,259,146,87,0,0,177,183,negative
94,45,85,160,63,10,158,43,20,157,174,367,162,68,1,6,189,199,negative 
82,44,72,118,52,7,152,44,19,147,174,340,177,82,2,2,180,185,negative 
113,53,89,193,69,9,112,34,20,151,219,459,147,74,2,9,194,211,positive
82,58,42,205,64,10,123,30,18,179,221,521,114,80,0,14,189,202,negative
73,46,107,232,71,10,227,32,23,185,241,217,164,72,3,11,193,185,negative
96,42,91,224,67,6,125,38,24,172,210,208,172,75,0,2,186,189,negative
85,40,72,139,59,5,132,50,18,135,159,260,150,68,3,9,191,195,positive
105,54,108,234,70,12,215,31,24,168,226,687,228,68,4,22,189,201,positive
73,54,80,229,60,12,217,33,24,176,224,469,171,71,3,13,189,198,negative
78,42,105,182,56,11,188,31,18,161,221,315,207,74,0,4,200,198,negative
87,46,71,159,66,6,151,44,19,146,175,343,189,73,2,0,186,190,negative 
97,45,72,187,71,5,161,40,20,144,178,399,186,70,7,7,196,203,negative 
98,44,88,176,67,10,158,43,20,149,173,367,154,66,14,9,194,202,negative 
76,38,97,203,64,7,205,30,24,182,241,335,202,75,1,11,178,195,negative
103,48,101,204,62,12,200,33,23,158,215,595,164,66,8,22,192,202,negative
105,54,105,213,67,10,200,33,23,163,214,597,214,68,10,20,190,198,negative
93,39,86,180,59,9,167,39,20,134,186,418,129,63,6,17,197,204,positive
89,37,51,111,54,5,120,56,17,127,138,213,147,82,7,4,181,183,negative 
89,54,106,159,65,9,129,41,18,161,151,409,158,63,15,7,186,197,positive
103,54,76,210,71,11,204,30,18,127,152,558,204,67,8,0,197,196,positive
97,49,76,203,73,7,178,36,21,157,194,487,186,72,0,7,197,200,negative 
97,56,71,165,67,12,124,32,24,127,175,362,129,74,1,14,179,192,positive
97,43,109,130,73,9,113,33,19,147,235,316,115,59,1,8,203,196,positive
107,53,103,221,66,11,209,32,24,163,222,653,212,66,0,1,191,201,negative
86,36,78,146,58,7,135,50,18,124,155,270,148,66,0,25,190,195,positive
87,44,98,211,70,10,189,35,22,141,214,535,178,71,2,21,187,194,negative
84,54,76,119,65,6,132,36,19,163,183,721,196,64,11,2,191,206,positive
89,43,85,160,64,11,155,43,19,151,173,356,174,72,5,9,185,196,negative 
82,45,68,150,69,5,148,45,19,144,169,322,184,80,5,0,181,184,negative 
96,44,68,190,70,7,155,41,19,145,179,372,166,67,5,7,202,206,negative 
86,38,58,119,56,4,118,57,17,129,140,208,152,78,9,2,184,186,negative 
89,42,75,140,55,6,145,46,19,139,170,312,166,71,15,26,191,198,negative
104,52,95,232,60,7,214,50,23,157,133,225,171,81,0,23,193,195,negative
98,38,70,186,68,6,164,39,20,136,189,413,129,71,3,17,200,203,negative 
85,42,59,132,58,7,149,46,19,144,166,320,172,83,8,4,179,182,negative 
106,50,44,219,58,8,188,33,24,181,217,255,114,75,0,11,186,199,negative
77,38,75,144,59,6,147,46,19,132,167,315,136,80,16,20,181,187,negative
117,42,96,227,71,12,120,35,18,163,213,303,174,65,0,8,191,189,positive
81,46,71,141,61,7,153,44,19,148,177,347,190,80,1,14,182,187,negative 
105,51,80,207,71,6,195,33,22,159,214,579,188,75,6,20,194,194,negative 
90,52,82,212,54,8,219,30,23,188,221,456,114,86,0,20,185,190,negative
85,38,72,130,53,9,134,51,18,132,145,261,123,65,1,24,188,198,negative
103,41,83,194,63,9,175,38,21,142,199,455,138,65,7,30,197,206,negative
107,56,105,202,61,11,221,30,25,179,234,725,212,72,15,1,189,196,negative
99,55,78,232,57,4,211,30,22,130,206,263,221,78,0,34,176,183,negative
100,51,109,224,67,9,217,30,24,162,238,704,206,72,6,18,189,199,negative
89,38,77,161,62,7,149,45,19,129,174,327,153,71,6,21,188,193,positive
90,44,72,157,64,8,137,48,18,144,159,283,171,65,9,4,196,203,negative 
91,42,84,209,75,6,171,38,20,138,189,446,161,69,3,12,196,201,negative 
97,45,76,175,60,9,157,42,20,149,180,370,169,63,16,12,198,206,positive
87,43,65,127,56,8,149,46,19,143,169,322,171,85,6,3,180,182,negative 
100,51,104,163,52,10,206,32,23,164,217,631,193,69,5,21,188,196,negative
91,45,76,171,69,7,150,44,19,144,170,340,179,69,12,1,195,201,negative 
85,45,80,154,64,9,147,45,19,148,169,324,174,71,1,4,188,199,negative 
84,36,75,136,55,6,140,48,18,125,166,290,138,71,4,36,189,195,positive
87,44,65,124,56,6,149,46,19,144,170,321,171,87,4,12,179,182,negative 
87,42,64,150,64,10,133,50,18,141,157,265,159,67,7,0,193,201,negative 
91,43,72,142,56,7,149,45,19,140,168,327,165,72,13,23,186,191,positive
95,46,104,208,66,9,191,35,22,148,210,543,169,68,0,28,190,200,positive
106,52,107,211,62,8,200,33,23,161,218,602,200,67,9,17,194,201,negative
82,40,73,141,57,8,153,44,19,133,173,342,153,75,11,9,181,187,negative
95,37,71,171,61,9,157,43,20,134,178,365,125,63,5,40,196,208,positive
90,42,63,144,59,7,131,50,18,142,154,259,162,65,15,3,197,204,negative 
81,38,53,123,58,6,134,51,18,128,147,259,148,83,10,6,177,184,negative
103,57,105,221,69,11,218,30,24,173,226,706,250,73,10,2,187,195,negative
89,46,78,150,63,11,160,43,20,160,170,367,176,73,5,9,185,194,negative 
89,47,81,147,64,11,156,44,20,163,170,352,188,76,6,13,184,193,negative 
73,58,105,217,74,9,118,30,22,179,228,431,147,76,0,8,201,197,negative
93,53,88,213,57,7,208,30,19,188,232,255,173,70,10,14,189,202,negative
106,48,107,202,61,10,207,32,24,153,227,635,200,70,5,28,190,203,positive
101,34,98,194,53,8,134,38,22,134,231,387,189,76,0,31,193,194,negative
90,48,85,157,64,11,161,43,20,167,175,375,186,74,3,16,185,195,negative 
90,48,78,143,60,11,161,43,20,159,172,374,186,75,2,2,184,193,negative 
89,44,68,113,50,7,150,45,19,147,171,328,189,88,6,5,179,182,negative 
114,53,103,105,65,6,148,31,19,166,211,184,154,67,11,0,198,201,positive
104,44,91,165,64,7,112,51,19,151,130,261,182,66,2,4,201,210,positive
107,49,100,173,51,11,144,38,22,174,226,500,154,70,0,21,206,193,negative
85,36,66,123,55,5,120,56,17,128,140,212,131,73,1,18,186,190,negative 
106,52,101,213,64,11,201,33,23,158,214,607,204,65,2,4,192,204,positive
99,50,104,156,54,8,185,39,20,147,237,481,184,71,0,12,188,197,negative
113,47,95,119,59,9,154,49,24,151,216,715,115,70,2,7,191,205,positive
81,43,68,125,57,8,149,46,19,146,169,323,172,83,6,18,179,184,negative 
105,55,96,181,56,9,219,30,25,175,231,713,216,74,4,5,187,194,negative
88,40,69,146,59,7,130,51,18,134,147,252,144,64,1,1,193,200,negative
86,45,71,155,66,7,146,45,19,144,167,322,176,72,5,6,189,196,negative 
96,57,110,212,60,6,114,30,25,151,222,508,148,67,0,18,188,202,negative
81,55,110,232,55,8,214,39,23,183,150,500,157,82,0,24,197,200,negative
89,43,77,147,54,8,144,46,19,146,163,308,174,64,13,5,194,201,positive
83,52,74,186,54,3,218,58,24,181,227,445,245,73,0,28,190,193,negative
76,42,104,170,53,10,198,32,25,165,215,279,132,77,16,39,185,211,negative
93,45,73,164,59,7,159,42,20,146,182,379,188,65,11,15,195,201,negative
117,53,88,150,64,5,222,41,25,177,230,576,194,73,6,16,188,185,positive
98,44,78,160,63,8,142,47,18,148,160,300,171,63,19,2,201,207,negative 
102,50,55,230,58,11,127,55,23,162,231,472,132,61,1,5,190,199,positive
73,41,108,171,64,7,198,30,24,166,151,241,114,75,6,16,203,205,negative
107,57,102,184,55,7,234,28,26,171,243,822,229,77,7,11,187,187,negative 
87,45,82,164,60,8,156,42,19,144,181,366,174,70,2,2,190,196,negative
117,49,46,220,65,12,141,33,17,121,232,594,169,61,6,0,194,196,positive
101,49,103,212,67,10,201,33,23,156,215,601,174,69,4,11,189,196,negative
93,40,62,117,49,7,131,52,18,145,160,249,156,78,8,6,184,184,negative 
97,47,81,183,64,8,168,39,20,150,193,426,182,70,11,2,192,198,negative
103,54,107,189,56,11,223,30,25,174,225,729,200,70,0,29,187,201,negative
86,39,84,149,57,8,156,43,20,133,185,358,157,74,0,23,183,190,negative
90,48,78,134,56,11,160,43,20,167,169,366,185,76,1,14,182,192,negative 
94,45,89,213,71,5,186,35,22,145,204,533,182,71,4,13,195,198,negative 
104,54,91,209,67,11,218,31,24,170,223,697,196,74,4,21,187,196,negative
85,39,57,126,56,6,114,58,17,135,134,195,145,64,17,7,197,202,negative 
101,55,108,228,69,12,215,31,24,168,229,684,214,71,2,16,188,199,positive
85,33,40,115,57,3,112,61,17,119,130,184,127,86,12,21,181,183,positive
97,55,103,197,63,11,215,31,24,172,219,677,219,75,5,24,185,194,negative
111,53,105,147,62,6,192,61,21,177,169,485,193,65,5,18,182,202,positive
98,53,64,177,53,6,124,30,19,182,131,533,117,78,0,31,195,206,negative
99,51,45,147,72,6,175,33,24,127,212,468,229,68,19,5,179,201,positive
95,38,66,126,52,8,133,52,18,140,158,253,140,78,11,8,184,183,negative 
102,45,83,198,65,5,194,33,22,146,225,576,167,79,0,27,193,191,negative 
82,41,70,155,64,7,148,45,19,138,172,328,152,72,5,17,187,195,negative 
104,50,96,211,65,10,187,35,22,156,207,527,195,65,3,7,195,206,positive
98,56,96,222,57,8,148,36,18,156,221,672,138,67,0,0,195,211,negative
90,47,73,136,58,11,161,42,20,153,172,376,185,77,11,8,183,191,negative 
79,59,110,232,57,12,137,51,18,188,241,215,130,79,1,2,201,195,negative
86,47,50,164,73,6,112,43,22,151,177,467,127,70,0,14,193,195,positive
87,53,79,212,54,9,196,49,21,181,237,747,188,63,0,9,190,198,negative
79,59,94,185,64,8,191,50,17,169,209,392,176,82,0,20,177,200,negative
89,42,85,144,58,10,152,44,19,144,173,345,161,72,8,13,187,197,negative 
95,34,50,217,61,7,202,33,18,188,241,652,167,80,16,30,196,204,negative
104,52,94,208,66,5,208,31,24,161,227,666,218,76,11,4,193,191,negative 
82,37,59,134,63,7,135,51,18,128,151,264,143,82,11,24,179,185,positive
113,43,100,104,72,10,172,53,19,156,216,708,217,59,1,0,191,201,positive
88,44,70,151,61,8,143,46,18,143,163,311,173,68,7,8,196,203,negative 
89,41,76,183,73,7,157,42,19,136,181,373,153,74,8,12,191,195,negative 
103,56,100,185,59,11,216,31,24,173,219,684,219,75,15,11,186,194,negative
103,48,107,180,58,8,112,49,18,157,160,184,182,66,9,12,189,199,positive
112,38,92,199,68,9,131,38,24,149,229,475,147,71,15,9,185,197,positive
104,55,105,223,70,10,223,30,25,177,237,737,218,75,14,11,188,196,negative
108,55,105,230,68,11,218,30,24,171,228,709,210,69,14,4,190,197,negative
89,50,83,195,65,6,178,37,21,156,207,481,210,71,1,6,189,194,negative
89,47,80,131,54,11,160,43,20,163,175,369,174,77,1,7,182,193,negative 
96,49,76,199,63,9,124,34,25,155,207,184,115,70,18,0,190,198,positive
94,46,91,175,70,12,157,43,20,155,172,358,192,69,15,21,190,200,negative 
84,44,77,150,59,5,152,44,19,143,175,344,177,77,8,2,183,187,positive
93,45,83,142,56,10,157,43,20,155,180,364,188,75,1,21,184,197,negative 
84,57,79,230,55,3,187,32,21,146,241,191,153,72,5,9,192,186,negative
103,54,107,218,64,12,222,30,25,174,221,728,199,67,0,18,189,200,negative
116,45,45,211,67,9,161,33,19,164,226,617,115,61,10,1,185,204,positive
74,44,77,145,66,6,120,42,19,173,131,757,169,87,5,31,176,196,negative
73,57,109,176,64,10,217,32,25,147,173,369,167,87,14,15,185,192,negative
91,36,83,162,61,8,142,47,19,128,163,298,137,63,0,31,193,200,positive
93,54,110,232,50,11,149,35,18,187,241,683,196,79,13,39,206,188,negative
102,55,101,213,67,12,222,30,25,177,226,719,213,71,2,21,187,199,positive
89,40,69,147,58,6,132,50,18,137,155,260,151,61,16,6,203,209,negative
109,56,61,154,59,10,151,34,18,149,203,509,189,59,6,7,187,192,positive
89,39,110,223,68,4,187,36,17,152,241,261,215,76,2,18,185,201,negative
89,36,68,149,60,8,133,50,18,134,153,265,119,62,6,18,201,209,negative 
94,37,72,193,72,6,158,41,19,133,184,385,127,70,0,14,200,204,negative 
86,44,77,155,60,7,152,44,19,141,174,345,161,72,9,0,187,192,negative
96,39,64,111,48,8,134,52,18,141,160,258,139,80,7,20,183,184,negative 
107,45,92,197,62,10,188,35,22,148,202,526,159,64,12,20,195,203,negative
99,56,106,200,65,10,125,38,23,148,215,191,134,67,0,17,190,205,negative
106,43,95,210,63,5,132,36,25,129,136,556,168,59,1,4,198,204,positive
99,46,105,209,64,11,197,34,23,152,212,575,159,65,0,33,194,205,negative
85,43,66,123,56,6,148,46,19,145,166,319,171,85,6,11,179,182,negative 
104,53,108,206,61,11,217,31,24,168,226,694,209,67,0,9,188,201,positive
88,40,55,114,53,7,132,53,18,139,142,249,158,87,0,7,176,183,negative 
93,44,90,166,65,10,153,44,19,156,170,348,143,66,9,17,194,203,negative 
89,40,60,131,56,6,118,56,17,137,143,209,153,65,10,8,193,199,negative 
95,45,94,232,64,8,215,46,19,168,167,746,119,70,2,13,176,208,negative
105,55,95,165,66,11,120,30,23,159,155,229,175,68,3,22,183,194,positive
90,38,75,164,64,7,151,43,19,131,168,345,139,66,0,0,195,204,negative 
101,56,100,215,69,10,208,32,24,169,227,651,223,74,6,5,186,193,negative
75,51,105,182,50,5,124,59,23,148,213,660,128,78,3,24,186,197,negative
89,44,70,158,64,6,141,47,18,143,164,299,173,66,9,11,193,199,negative 
87,55,97,183,64,12,164,33,25,140,227,649,190,66,17,34,189,197,positive
80,36,69,127,56,7,128,53,18,124,147,240,133,70,2,21,183,191,negative
88,36,78,160,62,6,140,48,18,123,161,287,129,66,4,35,194,202,negative
90,48,81,144,60,9,150,44,19,156,173,333,200,75,2,0,185,195,negative 
91,39,77,153,59,8,139,48,18,139,159,289,123,62,8,17,201,209,negative 
94,42,97,204,57,11,124,45,22,185,241,444,123,61,4,4,192,189,negative
88,37,63,130,58,5,125,54,18,130,141,230,145,74,14,20,184,188,positive
93,47,85,161,65,12,155,43,19,157,179,354,178,76,2,9,184,196,negative 
94,47,85,333,138,49,155,43,19,155,320,354,187,135,12,9,188,196,negative 
84,37,70,145,62,9,136,48,18,134,159,280,140,68,11,9,194,202,negative 
95,45,105,208,64,10,187,36,22,150,202,520,158,64,7,32,198,211,positive
78,36,51,116,56,4,120,57,17,124,135,209,135,84,1,12,177,184,negative
86,40,66,139,59,7,122,54,17,139,145,225,143,63,7,11,202,208,negative 
86,41,66,133,56,6,136,49,18,136,155,274,162,74,5,14,183,189,positive
93,36,57,226,57,8,114,38,18,178,178,563,137,69,0,35,193,191,negative
76,53,78,222,66,8,116,31,20,170,150,515,125,71,11,30,188,184,negative
89,49,58,220,56,8,220,39,22,138,207,195,165,73,0,25,184,196,negative
90,55,75,232,63,10,199,33,18,124,226,607,196,75,3,35,195,194,negative
92,38,60,130,62,5,114,58,17,132,135,194,137,72,14,5,190,194,negative 
96,45,80,162,63,9,146,46,19,148,161,316,161,64,5,10,199,207,negative 
111,44,97,157,56,11,162,36,18,132,235,705,115,66,4,28,179,207,positive
90,43,72,172,59,8,154,42,19,144,174,360,158,61,15,9,203,209,positive
92,50,75,173,58,5,159,30,25,124,213,610,160,74,3,13,178,194,negative
82,51,67,206,60,4,203,53,22,182,229,689,173,74,0,10,186,199,negative
110,41,94,229,73,9,112,52,24,172,229,701,115,69,11,22,196,182,positive
101,55,101,183,57,13,225,30,25,177,225,741,204,71,5,10,186,198,negative
104,52,68,200,65,8,211,34,25,130,235,655,146,74,9,12,186,191,negative
100,49,80,206,70,6,183,35,21,156,206,517,198,73,3,13,198,199,negative 
99,36,107,168,59,9,203,30,25,172,184,607,188,67,8,8,199,194,positive
91,41,84,141,57,9,149,45,19,143,170,330,158,72,9,14,189,199,negative 
95,43,96,202,65,10,189,35,22,143,217,534,166,71,6,27,190,197,negative
96,38,89,194,57,8,130,35,19,156,223,275,177,77,0,38,195,203,negative
94,45,81,166,67,9,145,46,19,147,164,313,179,66,11,14,194,202,negative 
93,56,107,182,70,5,183,56,24,133,231,278,119,83,16,11,192,188,positive
97,50,91,193,58,11,227,48,25,158,225,698,173,77,10,31,188,201,negative
87,46,94,144,50,3,147,30,18,170,234,636,215,70,2,13,188,189,negative
92,38,71,174,66,7,154,43,19,133,181,355,130,70,4,24,189,195,positive
73,54,110,203,56,4,196,30,25,119,222,509,137,76,2,37,187,196,negative
96,47,103,215,69,10,200,33,23,147,220,598,200,73,6,6,187,194,negative
96,40,100,178,58,8,181,37,21,134,205,486,160,68,5,34,192,202,positive
84,44,65,128,55,8,150,46,19,148,169,325,176,82,1,11,179,183,negative 
95,48,97,232,56,6,201,38,17,142,223,757,225,87,9,0,189,208,negative
94,38,88,179,60,7,170,39,21,131,188,435,144,66,2,28,195,204,positive
113,53,93,197,62,11,216,31,24,165,221,688,196,72,6,25,188,199,positive
100,57,107,207,63,11,227,30,25,180,234,756,205,72,6,19,186,198,negative
96,37,74,199,74,5,165,39,20,128,188,419,136,72,1,3,196,200,negative 
100,56,45,158,66,9,112,54,19,124,211,602,115,68,5,37,197,200,positive
106,54,105,164,48,5,247,27,27,165,269,891,243,84,12,1,181,182,negative 
105,51,108,201,62,11,220,30,25,163,232,711,202,72,12,16,189,200,positive
105,42,97,234,64,9,169,30,23,137,235,648,185,76,0,16,195,210,positive
116,56,61,121,66,9,215,35,20,128,225,517,166,68,3,0,186,211,positive
89,46,84,163,66,11,159,43,20,159,173,368,176,72,1,20,186,197,negative 
80,39,60,122,56,6,139,49,18,131,151,281,142,80,0,5,179,186,negative
114,56,100,211,66,9,203,37,20,177,225,281,203,70,9,0,188,185,positive
73,43,110,232,61,10,185,34,24,135,225,561,214,70,0,30,176,202,negative
94,45,72,179,69,6,156,41,19,144,181,373,191,69,5,5,193,198,negative 
88,44,77,167,59,6,151,44,19,145,175,343,177,64,9,12,202,208,negative
103,58,91,144,74,11,117,30,20,187,207,662,190,73,0,20,197,198,negative
117,42,96,209,56,8,139,38,21,170,229,184,115,67,9,16,179,197,positive
92,35,58,136,58,6,122,55,17,132,142,222,116,64,6,17,197,203,negative 
96,53,95,231,67,9,119,61,20,143,233,217,115,60,0,8,190,199,positive
102,54,106,221,68,11,207,32,24,164,228,638,238,71,0,26,189,200,positive
91,34,66,232,52,9,114,43,19,188,212,614,136,69,4,34,206,193,negative
110,51,98,147,67,7,202,33,20,137,212,652,214,59,10,4,184,197,positive
81,43,68,148,64,7,150,45,19,144,175,330,171,80,1,2,182,185,negative 
98,35,70,182,68,5,155,41,19,124,184,371,117,71,3,22,202,205,negative 
103,39,97,180,65,6,167,37,25,155,132,338,154,69,0,6,199,206,positive
101,56,99,220,61,9,160,54,24,161,162,596,220,60,4,1,184,203,positive
101,41,50,166,59,5,195,43,20,177,205,384,185,68,4,6,202,205,positive
103,34,86,232,70,10,221,40,20,181,173,282,114,76,5,21,182,207,negative
98,51,84,207,72,7,184,35,21,161,199,520,198,72,9,11,196,199,negative 
93,44,98,197,62,11,183,36,22,146,202,505,152,64,4,14,195,204,positive
91,45,79,176,59,9,163,40,20,148,184,404,179,62,0,10,199,208,positive
105,50,93,173,54,4,222,30,25,159,254,735,206,83,4,12,186,184,negative 
100,59,99,194,65,10,211,39,17,152,237,233,146,77,4,18,180,199,negative
96,55,97,229,64,7,193,46,22,119,238,314,143,77,0,25,192,197,negative
97,55,104,219,71,9,211,32,24,171,222,658,223,74,1,24,186,196,positive
87,37,52,116,54,6,115,58,17,126,135,196,144,74,11,22,186,190,negative 
90,36,85,184,64,6,160,41,20,125,187,385,139,66,9,31,195,203,positive
116,56,101,112,62,11,184,49,25,142,199,548,178,59,16,14,185,203,positive
92,59,53,162,64,9,172,30,19,140,199,191,202,65,0,0,190,203,negative
84,44,95,232,72,8,183,55,23,179,223,191,211,75,1,35,198,188,negative
99,55,101,206,62,13,222,30,25,180,225,722,213,71,2,3,186,196,negative
94,50,84,138,57,10,156,44,20,170,171,351,187,77,5,6,182,191,negative 
115,52,100,203,62,10,217,31,24,165,229,697,214,72,14,4,188,197,positive
117,47,96,226,63,9,165,36,23,166,220,654,160,66,3,6,191,197,positive
94,36,66,151,61,8,133,50,18,135,154,265,119,62,9,3,201,208,negative 
93,53,103,232,63,9,159,34,24,188,241,707,114,77,0,2,189,196,negative
101,54,93,204,65,6,178,33,25,157,130,658,180,69,6,2,190,191,positive
74,50,97,169,60,10,163,55,20,165,218,352,114,69,6,6,194,193,negative
108,50,102,204,65,5,208,34,19,135,226,483,115,70,21,18,193,187,positive
90,39,85,160,59,7,163,41,20,131,189,396,158,71,7,13,186,192,positive
111,44,50,104,73,12,201,45,20,144,201,465,115,69,0,0,180,188,positive
102,53,98,177,62,10,165,37,24,153,235,697,175,75,9,3,189,209,positive
90,39,86,169,62,7,162,41,20,131,194,388,147,74,1,22,185,191,negative
93,37,73,174,68,7,151,43,19,131,175,347,135,68,1,22,196,205,negative 
86,43,61,119,53,8,150,46,19,144,169,326,172,85,8,8,179,182,negative 
116,42,90,168,70,10,112,34,19,161,235,577,115,61,8,0,194,182,positive
98,48,101,195,61,11,207,31,23,152,227,650,193,71,5,7,189,196,negative
93,43,88,170,66,9,150,45,19,147,164,334,143,65,2,17,196,206,negative 
89,47,83,169,61,8,164,40,20,150,189,402,190,72,7,10,187,193,positive
89,42,89,147,61,11,151,44,19,145,170,338,163,72,11,23,187,199,negative 
109,52,104,199,60,12,215,31,24,162,220,691,212,67,11,7,189,199,positive
81,47,69,146,64,6,151,44,19,147,171,340,195,75,5,0,183,188,negative 
117,49,78,188,70,10,135,37,20,134,173,383,161,65,9,33,198,182,positive
109,42,93,192,63,10,199,34,24,129,196,424,141,59,3,0,193,195,positive
83,59,92,207,60,7,124,32,22,119,218,452,125,79,3,34,176,193,negative
88,42,108,232,72,9,193,30,22,137,131,477,173,83,8,38,188,197,negative
92,45,76,162,57,7,159,41,20,147,184,381,177,69,8,10,190,195,positive
98,56,105,207,54,10,135,33,19,122,187,226,125,65,2,2,179,194,positive
102,43,96,197,63,10,185,36,22,142,202,513,139,65,8,12,195,204,negative
89,40,58,137,58,7,122,54,17,140,146,225,150,63,7,4,199,206,negative 
108,49,109,204,61,11,212,31,24,159,229,665,215,71,16,11,190,199,positive
93,40,73,139,58,6,136,49,18,138,166,275,137,73,0,0,187,188,negative 
105,40,100,229,56,12,133,58,25,125,195,452,119,65,18,12,185,197,positive
86,36,66,128,57,8,131,52,18,127,148,252,139,76,5,27,183,187,negative
106,56,96,133,61,11,112,57,19,135,174,572,179,67,0,21,189,183,positive
111,50,59,234,68,11,112,46,24,141,235,323,183,59,1,4,185,182,positive
89,45,77,188,64,9,161,41,20,151,190,390,174,66,4,2,194,201,positive
92,42,69,153,58,8,140,48,18,138,165,290,151,64,10,21,199,206,negative
107,54,96,201,62,12,218,31,24,170,221,694,217,71,2,21,187,198,positive
104,57,103,222,72,12,221,30,25,177,223,718,218,72,11,12,186,195,negative
91,39,77,211,60,9,208,32,17,155,206,377,230,74,1,2,202,196,negative
93,42,64,123,51,7,135,51,18,144,164,262,155,78,16,12,185,185,negative 
89,42,80,151,62,6,144,46,19,139,166,308,170,74,17,13,185,189,positive
89,36,72,141,56,7,138,48,18,126,163,286,130,72,1,1,187,192,negative
92,42,75,172,60,8,147,45,19,142,174,322,160,62,22,10,206,211,negative
100,46,104,184,60,9,197,34,23,147,222,578,198,73,13,13,189,197,positive
79,40,80,133,55,7,147,47,19,135,172,311,144,76,8,30,181,193,negative
98,35,67,222,65,8,214,31,18,158,207,665,199,68,9,39,206,185,negative
98,40,92,192,71,7,112,57,19,118,208,309,115,59,20,10,203,202,positive
111,55,87,122,64,8,125,35,22,149,149,258,178,67,0,1,182,198,positive
85,59,86,206,55,9,178,31,22,181,241,443,175,74,7,9,189,198,negative
92,56,94,155,69,11,112,34,20,125,235,413,179,70,0,0,179,193,positive
95,56,89,178,73,7,166,51,19,140,229,670,213,59,11,21,192,188,positive
86,46,70,149,65,8,149,45,19,146,170,331,185,77,6,6,183,188,negative 
86,41,66,129,55,7,135,50,18,136,154,266,165,74,3,4,180,187,negative
98,39,81,191,64,9,166,40,20,138,184,415,131,62,8,19,197,205,positive
109,53,103,210,63,11,219,30,25,172,229,707,212,71,6,3,188,199,positive
89,44,80,191,66,6,162,40,20,143,189,396,180,66,13,11,194,199,negative
85,36,78,149,55,7,147,45,19,128,168,321,134,64,10,24,197,203,negative
96,39,58,117,51,6,133,52,18,139,154,255,150,86,6,0,181,182,negative 
82,43,73,154,65,7,151,44,19,143,178,341,160,76,5,11,185,189,negative 
94,36,68,127,54,7,127,52,18,132,155,242,116,66,1,2,195,196,negative 
85,40,76,142,63,4,185,30,25,164,223,324,212,81,0,32,177,189,negative
83,46,71,156,70,6,151,44,19,147,174,338,198,80,3,11,181,186,negative 
104,54,100,186,61,10,216,31,24,173,225,686,220,74,5,11,185,195,positive
84,43,76,180,75,7,155,43,19,143,180,359,173,77,5,12,185,190,negative 
86,41,64,148,61,5,150,45,19,138,165,333,173,80,5,8,182,185,positive
104,52,100,191,59,9,197,33,23,158,218,583,234,70,10,10,191,198,positive
87,36,109,203,66,10,206,57,22,146,235,488,171,71,4,12,183,191,positive
117,56,99,199,69,6,198,52,18,150,235,603,212,63,1,14,181,193,positive
100,47,88,190,60,10,171,38,21,155,186,440,169,59,15,18,201,210,positive
97,45,88,173,67,10,157,43,20,157,173,365,157,67,8,12,192,200,negative 
94,43,64,173,69,7,150,43,19,142,169,344,177,68,9,1,199,206,negative 
90,39,89,181,62,8,175,38,21,132,200,458,154,70,11,15,189,195,positive
99,53,105,219,66,11,204,32,23,165,221,623,224,68,0,6,191,201,positive
86,47,75,165,68,6,154,43,19,146,176,356,190,74,7,3,188,194,negative 
92,39,91,191,62,8,176,37,21,137,196,466,151,67,3,23,192,200,negative
92,43,70,124,52,6,139,49,18,144,164,282,172,79,4,16,183,185,negative 
92,46,79,176,64,8,162,41,20,149,183,396,178,67,2,10,191,198,negative
92,46,82,170,58,8,165,40,20,149,181,409,164,61,8,11,200,208,negative
91,41,64,148,61,8,129,51,18,142,161,249,153,68,6,12,194,201,negative 
114,47,69,220,62,9,189,48,20,159,203,349,160,66,21,21,194,207,positive
90,43,72,157,64,8,136,49,18,145,158,279,167,64,4,6,201,209,negative 
77,59,72,186,72,4,204,40,24,149,206,757,153,76,1,7,194,194,negative
82,36,54,117,53,7,125,54,18,126,146,229,128,78,1,5,180,184,positive
86,40,75,146,62,6,140,48,18,135,158,290,162,72,3,21,183,190,negative
83,40,59,116,53,7,132,52,18,137,145,250,157,84,12,6,177,183,negative 
101,46,70,188,69,9,127,44,17,162,206,591,245,76,0,38,194,200,negative
85,45,70,120,54,7,149,45,19,145,169,326,186,81,8,4,181,184,negative 
86,42,65,125,54,7,150,45,19,140,171,327,172,85,2,8,180,182,negative 
112,45,104,226,63,10,156,30,20,157,235,427,115,73,16,24,181,190,positive
90,37,80,171,58,9,157,42,20,132,172,373,115,60,3,18,201,209,positive
111,40,95,213,68,10,150,44,20,137,219,595,163,67,10,24,199,207,positive
82,36,51,114,53,4,135,50,18,126,150,268,144,86,15,4,181,182,positive
82,59,108,232,59,7,144,30,24,160,215,655,114,74,0,27,186,194,negative
80,47,80,225,52,7,202,47,24,185,216,424,151,77,2,23,192,195,negative
85,37,68,145,60,6,130,51,18,130,150,253,121,65,3,14,195,203,negative 
98,49,84,219,74,7,190,34,22,154,208,558,209,74,4,7,195,195,negative 
102,54,100,163,53,10,213,31,24,173,219,669,201,76,12,27,187,195,negative
108,56,103,234,73,10,221,30,25,174,232,718,214,73,8,3,187,197,positive
78,52,94,207,59,6,212,34,23,168,131,630,114,78,2,37,189,208,negative
82,44,72,150,64,7,154,44,19,144,181,350,177,80,0,16,183,187,negative 
97,37,78,181,62,8,161,41,20,131,182,389,117,62,2,28,203,211,negative
92,46,83,154,56,6,160,41,20,148,185,382,184,71,10,5,186,191,positive
106,49,107,194,57,11,214,31,24,161,224,670,172,67,0,39,192,206,negative
90,43,81,231,97,46,150,45,19,149,200,332,164,91,5,9,186,196,negative 
84,37,53,121,59,5,123,55,17,125,141,221,133,82,7,1,179,183,negative 
93,43,78,162,64,8,137,48,18,145,156,281,159,63,17,12,203,210,negative 
109,55,93,207,63,7,176,61,24,148,161,313,142,73,1,41,189,204,positive
97,44,96,195,63,9,185,36,22,144,202,512,165,66,4,8,191,199,positive
89,40,72,155,63,7,146,45,19,135,175,321,145,72,4,10,192,196,negative 
106,53,98,203,63,11,220,30,25,167,228,710,214,71,10,24,188,197,negative
90,48,86,306,126,49,153,44,19,156,272,346,200,118,0,15,185,194,negative 
90,52,105,234,62,7,128,35,22,118,222,721,191,69,5,2,187,200,positive
85,37,80,158,59,8,153,44,19,126,179,348,136,69,6,21,191,197,negative
87,38,71,123,53,8,137,49,18,127,158,277,145,75,0,9,181,186,positive
76,43,108,232,52,8,190,41,19,119,228,417,135,69,0,30,205,198,negative
116,39,40,183,69,7,112,35,17,150,235,520,174,79,11,12,179,193,positive
100,47,95,215,67,3,227,55,25,153,241,191,174,68,2,19,194,203,negative
89,41,75,162,66,5,153,43,19,136,175,352,154,72,2,0,188,195,negative 
73,59,110,232,68,4,195,30,18,127,217,257,140,87,0,39,184,196,negative
107,56,109,221,67,11,179,33,25,156,206,448,200,68,17,1,189,200,positive
106,52,108,207,64,12,221,31,25,168,229,709,200,73,22,38,190,205,positive
73,54,103,220,73,11,192,35,19,184,228,191,233,70,3,4,193,192,negative
93,45,81,177,64,7,160,41,20,147,180,383,188,70,11,11,192,199,positive
94,46,79,181,62,8,167,40,20,148,190,418,193,67,12,15,191,198,negative
105,50,102,209,64,6,136,33,22,136,223,372,187,71,11,15,189,191,positive
92,40,66,111,48,7,139,50,19,140,159,277,148,85,12,19,182,183,negative 
81,45,68,169,73,6,151,44,19,146,173,336,186,75,7,0,183,189,negative 
86,38,86,175,60,9,170,39,21,134,191,433,138,68,1,28,191,199,positive
87,42,60,116,51,6,150,46,19,141,169,324,171,85,2,14,178,182,negative 
86,35,94,183,52,8,213,46,22,137,148,509,153,68,0,28,178,198,negative
78,38,63,115,51,6,142,47,19,130,162,299,146,77,2,4,181,185,positive
100,44,93,193,62,8,186,35,22,147,202,521,151,66,0,2,193,198,negative
87,42,70,139,59,7,149,45,19,142,177,327,156,78,6,9,185,188,negative 
97,50,108,211,65,10,214,31,24,156,232,683,218,72,7,29,188,197,negative
107,57,106,179,51,8,257,26,28,172,275,954,232,83,2,20,181,184,negative 
109,49,103,186,57,11,206,32,23,156,212,630,186,65,12,21,192,201,negative
100,41,75,205,71,5,176,36,21,138,204,479,151,72,7,19,197,197,negative 
96,46,88,174,68,10,155,43,19,148,173,354,182,69,14,15,194,202,negative 
98,47,109,202,59,11,199,34,23,154,207,586,165,61,1,33,194,208,positive
94,43,68,170,67,6,142,46,18,142,164,310,177,65,10,8,198,203,negative 
81,43,110,197,69,8,217,38,24,179,228,585,245,73,2,17,176,200,negative
83,46,42,221,58,6,196,58,22,166,224,191,142,65,5,29,191,202,negative
102,54,98,167,53,10,217,31,24,174,228,692,223,72,0,31,187,198,negative
