87,34,100,154,61,5,227,30,23,180,169,604,247,72,12,1,190,197,negative
103,56,105,183,59,10,210,32,24,173,217,648,218,72,13,22,188,196,negative
100,45,98,154,63,9,151,43,20,134,184,235,196,74,6,20,200,193,positive
96,45,80,162,63,9,146,46,19,148,161,316,161,64,5,10,199,207,negative 
90,37,103,215,64,10,135,34,24,143,132,470,124,69,8,0,184,183,negative
108,51,100,206,63,10,196,34,23,159,214,576,201,65,7,16,194,205,positive
109,51,100,197,59,10,192,34,22,161,210,553,195,64,14,3,196,202,negative
89,36,69,162,63,6,140,48,18,131,164,291,126,66,1,38,193,204,positive
109,34,110,159,65,7,153,33,24,168,217,561,188,73,10,0,184,199,negative
89,47,81,156,57,8,161,41,20,149,187,388,197,72,9,15,187,193,negative
100,52,104,189,59,10,208,32,24,163,220,642,197,70,1,22,187,198,positive
98,55,101,228,70,9,210,31,24,168,236,661,245,72,1,6,188,197,negative
86,48,96,111,68,9,215,36,24,168,215,192,179,66,10,9,183,209,negative
96,50,94,215,67,9,187,35,22,158,214,525,214,67,8,6,193,201,positive
85,41,66,155,65,22,149,45,19,139,173,330,155,75,6,16,184,191,negative 
93,44,98,197,62,11,183,36,22,146,202,505,152,64,4,14,195,204,positive
91,38,70,160,66,25,140,47,18,139,162,296,130,67,4,11,192,202,negative 
85,44,66,125,58,6,148,45,19,145,170,323,185,84,8,1,180,183,negative 
115,45,92,203,72,9,209,30,21,142,136,331,115,69,0,7,190,205,positive
85,43,69,141,62,7,152,44,19,145,178,341,179,84,1,4,181,184,negative 
83,36,54,119,57,6,128,53,18,125,143,238,139,82,6,3,179,183,positive
101,53,103,203,63,9,195,34,22,162,210,571,210,68,5,5,191,198,negative
104,57,103,216,69,11,219,30,25,176,228,708,219,73,4,3,186,196,negative
85,38,75,132,54,7,147,46,19,131,171,318,145,75,7,25,183,188,positive
90,36,74,171,60,8,157,42,19,128,177,367,123,61,6,21,197,204,positive
94,44,70,186,72,8,153,42,19,144,171,361,178,67,7,2,199,206,negative 
96,46,88,174,68,10,155,43,19,148,173,354,182,69,14,15,194,202,negative 
110,58,106,180,51,6,261,26,28,171,278,998,257,83,9,13,181,182,negative 
86,37,69,150,63,8,138,48,18,134,163,284,124,71,1,6,189,195,negative 
85,43,66,120,54,5,148,46,19,145,168,320,174,87,8,2,179,181,negative 
82,37,66,126,54,7,132,52,18,127,148,252,142,72,17,7,183,187,positive
102,54,98,167,53,10,217,31,24,174,228,692,223,72,0,31,187,198,negative
107,54,108,228,68,12,218,31,25,170,223,700,224,67,13,25,190,204,positive
89,46,53,171,70,11,187,34,24,149,136,243,133,72,0,34,193,205,positive
97,41,76,224,64,10,207,30,21,118,173,628,181,86,3,17,188,198,positive
91,46,78,148,61,9,147,45,19,152,168,323,199,70,13,11,189,200,negative 
117,52,110,228,65,12,212,31,24,163,228,668,220,66,21,25,194,205,positive
85,39,57,126,56,6,114,58,17,135,134,195,145,64,17,7,197,202,negative 
88,33,82,133,58,11,198,30,20,168,217,184,179,70,4,0,192,190,positive
93,42,70,131,56,7,127,53,18,145,156,240,152,74,5,4,189,190,negative 
95,46,105,219,68,9,201,33,23,148,223,602,201,69,5,38,191,202,negative
107,53,108,213,64,12,206,32,23,163,216,627,202,65,21,22,194,205,positive
101,55,101,183,57,13,225,30,25,177,225,741,204,71,5,10,186,198,negative
92,46,88,111,61,4,152,36,19,156,167,441,191,71,22,22,184,204,negative
110,47,75,209,66,11,149,56,20,156,132,751,193,75,4,0,185,204,negative
86,44,77,155,60,7,152,44,19,141,174,345,161,72,9,0,187,192,negative
101,56,100,204,62,12,227,30,25,178,231,757,204,73,0,11,186,197,negative
90,38,79,185,69,6,160,40,20,130,178,393,133,66,2,14,198,205,negative 
102,45,83,198,65,5,194,33,22,146,225,576,167,79,0,27,193,191,negative 
92,45,76,162,57,7,159,41,20,147,184,381,177,69,8,10,190,195,positive
90,37,82,181,72,9,148,55,23,127,212,560,165,73,22,38,195,200,positive
109,48,107,215,62,10,205,32,23,158,222,624,168,65,9,32,195,206,negative
90,36,78,179,64,8,157,42,19,126,182,367,142,66,1,20,192,198,negative
94,37,72,193,72,6,158,41,19,133,184,385,127,70,0,14,200,204,negative 
102,46,63,188,61,9,117,30,25,123,236,457,132,61,3,0,183,211,negative
104,51,108,193,59,11,217,31,24,163,232,694,203,72,15,22,190,201,positive
105,51,105,197,60,11,191,35,22,162,207,545,194,64,18,4,196,205,positive
104,53,101,199,65,11,213,31,24,168,216,667,221,72,12,12,187,198,positive
99,52,96,182,70,12,112,46,17,118,215,721,172,71,14,41,190,202,positive
94,33,79,188,68,9,163,35,19,130,224,549,120,77,7,36,192,209,positive
87,44,65,124,56,6,149,46,19,144,170,321,171,87,4,12,179,182,negative 
104,51,105,168,54,10,208,32,24,162,220,641,221,72,9,20,187,197,positive
91,36,60,126,56,6,119,56,17,130,139,211,118,67,6,14,192,198,negative 
90,41,62,147,60,6,128,52,18,141,149,246,157,61,13,4,201,208,negative 
102,34,110,112,61,9,212,31,21,155,180,642,114,61,15,0,176,203,negative
87,41,73,158,64,7,151,44,19,138,175,341,152,73,3,8,190,194,negative 
88,35,50,121,58,5,114,59,17,122,132,192,138,74,21,4,182,187,negative
106,41,93,205,62,7,153,30,19,160,230,428,175,84,7,9,179,200,positive
98,38,70,125,52,8,130,53,18,139,157,243,132,74,0,13,186,185,negative 
102,40,80,231,65,9,154,30,22,142,147,434,163,70,3,0,189,192,positive
96,40,78,170,58,7,174,38,21,139,197,455,160,68,3,29,191,200,positive
95,36,73,191,73,6,156,41,19,126,184,374,124,71,2,19,199,204,negative 
99,35,46,215,58,12,222,31,24,149,180,278,189,79,8,18,187,199,positive
103,48,96,232,71,10,205,32,23,153,226,633,197,71,2,15,188,196,negative
101,34,81,228,67,4,134,32,19,177,198,566,155,70,18,0,181,209,negative
87,38,81,180,57,6,212,61,20,118,193,306,141,72,22,10,187,211,positive
80,36,69,127,56,7,128,53,18,124,147,240,133,70,2,21,183,191,negative
91,39,77,153,59,8,139,48,18,139,159,289,123,62,8,17,201,209,negative 
96,40,70,120,50,8,137,50,18,141,162,269,139,80,10,13,183,183,negative 
91,42,66,169,66,7,145,44,19,140,169,325,159,67,4,0,201,207,negative 
86,44,65,129,56,6,152,45,19,150,168,331,177,83,4,13,178,183,negative 
105,49,65,206,60,11,178,36,25,188,185,192,151,63,18,0,192,207,negative
88,46,91,217,66,10,212,40,22,143,208,632,217,77,0,14,197,186,positive
89,41,63,134,59,6,123,55,17,137,148,223,150,76,12,3,186,188,negative 
101,34,110,137,57,12,114,30,21,169,229,458,114,69,7,0,176,211,negative
94,45,103,120,62,8,114,32,23,183,220,667,223,71,10,0,185,211,negative
91,45,75,154,57,6,150,44,19,146,170,335,180,66,16,2,193,198,negative
111,50,103,199,60,11,211,31,24,156,223,663,188,68,9,9,190,200,positive
85,45,70,130,58,8,151,45,19,146,171,334,187,79,2,5,181,186,negative 
91,49,86,195,63,8,177,37,21,156,203,473,201,67,7,5,192,198,negative
91,39,88,189,63,9,175,38,21,132,197,457,156,69,0,23,191,198,positive
109,55,96,191,57,6,241,28,26,170,267,857,242,85,8,9,184,184,negative 
98,39,81,191,64,9,166,40,20,138,184,415,131,62,8,19,197,205,positive
114,57,102,181,52,6,257,26,28,169,287,968,261,85,2,21,182,184,negative 
88,40,55,114,53,7,132,53,18,139,142,249,158,87,0,7,176,183,negative 
86,43,66,130,56,7,152,44,19,142,177,340,173,81,6,14,181,185,negative 
86,53,105,182,50,9,215,38,25,162,163,577,182,75,12,0,190,203,negative
89,42,85,144,58,10,152,44,19,144,173,345,161,72,8,13,187,197,negative 
98,38,72,192,69,5,166,38,20,131,189,427,138,70,1,3,200,202,negative 
94,46,91,175,70,12,157,43,20,155,172,358,192,69,15,21,190,200,negative 
100,33,65,221,70,11,173,30,21,132,174,721,210,75,0,0,192,194,positive
77,38,63,135,59,5,130,52,18,130,145,247,139,79,13,21,183,187,negative
95,43,83,198,69,6,177,36,21,139,189,484,163,68,6,4,196,198,negative 
100,51,109,224,67,9,217,30,24,162,238,704,206,72,6,18,189,199,negative
90,49,83,187,63,7,176,37,21,154,205,467,222,70,1,2,189,195,positive
98,42,101,223,59,11,190,30,22,163,201,278,184,71,8,0,176,202,negative
93,34,110,135,66,8,194,31,19,150,224,365,204,63,1,0,186,205,negative
92,38,71,174,66,7,154,43,19,133,181,355,130,70,4,24,189,195,positive
108,41,90,205,55,7,176,40,23,118,173,680,160,86,7,16,190,183,positive
85,40,75,137,56,7,152,44,19,134,173,339,160,76,7,16,182,187,positive
101,48,107,222,68,10,208,32,24,154,232,641,204,70,5,38,190,202,negative
86,39,110,184,64,11,141,46,23,165,224,643,155,71,12,17,191,204,positive
87,41,76,165,67,7,148,45,19,140,171,327,152,72,7,13,188,195,negative 
84,45,66,154,65,6,145,46,19,144,168,312,177,73,2,3,184,188,negative 
87,47,81,149,62,9,147,45,19,152,171,325,181,72,0,6,188,198,negative 
89,40,77,159,65,9,144,46,19,141,168,314,143,70,0,5,190,200,negative 
97,53,105,225,71,12,221,30,25,167,226,713,202,70,3,20,186,200,positive
102,54,98,201,61,6,225,29,25,165,246,766,231,79,9,14,188,187,negative 
93,35,72,172,62,7,149,44,19,124,169,334,125,62,5,30,203,210,negative
88,40,73,173,68,7,150,44,19,137,174,341,151,69,2,20,196,200,negative 
91,36,72,162,60,8,150,44,19,133,166,334,121,63,2,22,196,205,positive
85,34,53,127,58,6,116,58,17,121,137,197,127,70,3,20,185,189,positive
90,39,57,114,48,7,135,51,18,139,155,261,151,85,12,8,183,182,negative 
84,33,97,171,61,9,181,49,24,120,232,556,118,73,0,15,193,200,positive
93,46,82,145,58,11,159,43,20,160,180,371,189,77,2,4,183,194,negative 
109,53,103,210,63,11,219,30,25,172,229,707,212,71,6,3,188,199,positive
95,50,100,182,68,6,220,36,23,134,232,278,165,75,0,13,194,182,positive
98,38,78,191,65,8,169,39,20,136,197,430,141,67,9,20,192,199,positive
92,40,94,144,65,11,119,34,23,148,233,296,122,73,13,7,186,205,negative
99,52,104,177,55,10,210,32,24,166,219,657,215,73,3,2,187,194,negative
82,46,40,200,58,4,202,42,20,140,146,396,143,71,18,6,187,194,positive
91,36,77,157,56,7,155,42,19,126,177,361,123,65,8,15,195,201,positive
106,49,106,211,64,9,208,32,24,158,224,645,184,68,1,24,190,202,positive
94,44,84,216,74,6,184,35,22,145,208,525,154,73,4,22,196,197,negative 
102,48,105,214,64,10,201,33,23,152,214,600,178,64,0,25,192,204,positive
104,55,105,216,68,11,205,32,23,169,221,623,216,71,9,18,189,196,negative
100,52,109,225,68,10,222,30,25,165,241,731,207,73,7,28,188,199,negative
86,35,44,110,54,2,119,57,17,121,139,208,137,90,6,1,180,183,negative 
104,53,108,206,61,11,217,31,24,168,226,694,209,67,0,9,188,201,positive
96,46,88,160,64,9,151,44,19,148,173,339,182,70,15,11,192,199,negative 
92,48,56,195,67,5,200,45,17,137,130,331,115,75,4,41,187,202,positive
87,42,64,150,64,10,133,50,18,142,157,264,159,67,7,1,193,201,negative 
86,41,66,129,55,7,135,50,18,136,154,266,165,74,3,4,180,187,negative
82,45,68,150,69,5,148,45,19,144,169,322,184,80,5,0,181,184,negative 
88,37,57,132,62,6,135,50,18,125,151,265,144,83,16,16,180,184,positive
104,37,61,126,70,11,146,59,17,135,184,487,154,73,5,30,187,204,positive
111,34,110,197,58,11,218,59,22,144,223,474,114,71,7,0,200,193,negative
91,48,110,232,63,5,114,31,22,188,169,634,167,69,0,1,179,208,negative
107,57,106,179,51,8,257,26,28,172,275,954,232,83,2,20,181,184,negative 
100,40,102,224,65,13,146,30,18,158,212,388,178,62,6,0,179,210,negative
107,35,97,149,61,12,191,58,21,152,209,542,234,70,12,32,188,202,negative
102,34,101,150,54,7,163,30,24,148,189,184,128,70,6,17,195,205,positive
91,43,88,157,61,9,149,45,19,157,165,326,140,64,1,26,197,207,negative 
90,47,73,136,58,11,161,42,20,153,172,376,185,77,11,8,183,191,negative 
94,47,110,126,66,8,130,35,19,165,138,706,223,78,5,13,181,199,negative
109,49,103,186,57,11,206,32,23,156,212,630,186,65,12,21,192,201,negative
82,43,71,154,68,7,150,45,19,143,171,330,173,78,7,11,181,186,negative 
107,51,104,198,56,8,150,34,23,187,132,192,237,77,14,3,186,211,negative
82,49,105,217,59,10,170,51,21,158,203,757,186,81,0,31,182,201,negative
91,40,83,166,60,8,160,41,20,133,189,383,155,72,5,7,186,191,positive
87,45,66,139,58,8,140,47,18,148,168,294,175,73,3,12,188,196,negative 
93,43,76,149,57,7,149,44,19,143,172,335,176,69,14,0,189,194,positive
95,38,95,205,59,12,213,54,19,177,162,659,141,73,11,7,191,204,negative
100,49,96,206,63,9,186,35,22,156,202,519,176,62,3,5,197,205,negative
79,34,78,111,65,6,176,40,25,168,198,712,205,62,3,0,184,209,negative
89,38,80,169,59,7,161,41,20,131,186,389,137,68,5,15,192,197,positive
85,43,66,130,57,6,151,45,19,143,173,333,168,86,4,9,180,183,negative 
93,42,64,123,51,7,135,51,18,144,164,262,155,78,16,12,185,185,negative 
103,55,100,194,62,11,212,31,24,175,217,666,219,73,10,14,187,194,negative
90,39,89,181,62,8,175,38,21,132,200,458,154,70,11,15,189,195,positive
81,42,63,125,55,8,149,46,19,145,166,320,172,86,7,7,179,182,negative 
108,33,105,122,67,9,181,50,21,121,172,699,220,68,0,12,185,189,positive
86,45,71,155,66,7,146,45,19,144,167,322,176,72,5,6,189,196,negative 
89,42,80,151,62,6,144,46,19,139,166,308,170,74,17,13,185,189,positive
96,54,104,175,58,10,215,31,24,175,221,682,222,75,13,23,186,194,negative
90,46,73,137,58,11,161,43,20,158,170,373,186,76,0,9,182,193,negative 
97,49,41,175,59,10,201,43,17,137,219,606,219,71,13,41,185,188,positive
89,44,68,113,50,7,150,45,19,147,171,328,189,88,6,5,179,182,negative 
85,39,68,119,52,5,128,53,18,135,148,241,142,75,8,8,182,187,negative 
84,40,71,131,55,7,150,45,19,134,167,330,165,80,12,1,180,186,negative
86,39,60,140,60,7,119,55,17,134,140,212,141,61,7,8,200,207,negative 
94,42,68,150,64,7,128,52,18,143,154,246,159,69,14,5,192,196,negative 
89,36,69,142,57,7,135,50,18,126,154,266,128,66,3,36,193,203,negative
80,43,68,123,53,7,150,46,19,147,169,327,176,81,7,14,179,184,negative 
90,34,100,170,51,12,114,30,24,145,226,357,127,67,20,26,190,193,negative
106,39,48,173,63,6,165,30,17,135,212,706,187,77,2,15,193,192,positive
88,39,70,166,66,7,148,44,19,134,167,332,143,69,5,13,193,201,negative 
94,44,96,221,70,7,158,53,25,157,193,489,216,65,0,8,188,184,positive
85,44,70,205,103,52,149,45,19,144,241,325,188,127,9,11,180,183,negative 
85,43,66,123,55,7,150,45,19,146,172,326,173,83,4,15,180,183,negative 
92,37,80,180,67,8,154,43,19,129,180,353,144,69,6,9,190,195,positive
94,50,57,168,59,7,203,34,22,126,181,192,129,68,5,6,187,207,negative
114,33,47,146,58,11,191,59,17,134,214,701,177,76,3,10,193,201,positive
97,59,108,227,70,11,224,30,25,186,225,732,218,70,10,25,186,198,negative
92,43,69,158,56,7,149,44,19,143,170,333,168,63,14,18,198,203,negative
92,37,75,191,71,6,161,40,20,128,180,393,135,69,1,14,195,202,negative 
85,43,66,123,56,6,148,46,19,145,166,319,171,85,6,11,179,182,negative 
99,48,79,199,68,6,185,35,22,153,202,524,171,74,5,8,195,195,negative 
86,43,94,170,64,7,139,31,18,151,236,757,184,86,6,0,176,191,negative
97,38,75,188,68,6,171,37,20,129,199,450,137,74,2,6,197,199,negative 
85,43,64,128,56,8,150,46,19,144,168,324,173,82,9,14,180,184,negative 
96,43,82,161,55,5,186,34,22,141,215,534,162,75,0,6,195,196,negative 
85,35,64,129,57,6,116,57,17,125,138,200,123,65,1,23,196,203,negative 
97,46,59,196,66,12,154,47,25,153,159,192,124,69,0,9,176,185,negative
107,55,98,199,59,7,240,27,26,168,258,866,245,80,3,1,186,184,negative 
98,44,78,160,63,8,142,47,18,148,160,300,171,63,19,2,201,207,negative 
95,34,103,176,62,6,198,38,25,145,181,192,159,69,2,16,200,202,negative
80,34,87,234,67,8,118,30,18,177,202,591,115,72,6,9,182,211,positive
96,36,100,201,72,8,112,44,18,128,232,646,115,75,2,12,195,196,positive
93,51,90,209,69,8,183,36,22,156,211,506,230,70,6,1,189,196,positive
104,52,103,193,57,8,193,34,22,159,189,357,133,67,19,29,192,196,positive
92,40,110,151,71,7,114,31,19,153,208,506,210,68,3,1,176,193,negative
84,39,90,180,60,7,177,37,21,131,209,469,145,71,4,38,190,198,negative
104,38,110,209,63,9,197,33,21,166,204,530,167,71,2,21,180,208,negative
100,46,106,177,68,6,171,31,20,140,157,496,142,74,19,8,194,184,positive
77,34,99,122,58,7,227,42,18,130,218,562,151,64,11,29,181,204,negative
106,53,98,203,63,11,220,30,25,167,228,710,214,71,10,24,188,197,negative
111,53,108,211,61,11,207,32,23,167,217,636,216,64,21,2,196,205,positive
92,40,82,163,63,9,146,45,19,140,165,319,137,64,9,0,199,206,negative 
94,45,85,163,68,10,157,44,20,156,170,357,176,73,17,11,187,195,negative 
85,45,71,150,63,8,143,46,19,147,171,307,179,72,2,3,187,196,negative 
100,36,73,199,73,6,162,40,20,127,189,401,125,72,6,19,200,204,negative 
103,49,100,194,60,10,185,35,22,160,202,518,178,62,13,8,198,208,positive
89,36,51,109,52,6,118,57,17,129,137,206,125,80,2,14,181,185,negative 
101,37,78,167,54,11,151,48,24,137,216,455,187,76,8,7,185,211,negative
86,36,78,146,58,7,135,50,18,124,155,270,148,66,0,25,190,195,positive
105,52,107,207,60,11,218,31,24,167,221,701,197,66,0,20,191,203,negative
88,51,57,188,69,8,161,41,21,154,217,455,141,64,12,39,195,211,positive
107,55,103,213,68,11,219,30,25,172,221,709,216,70,10,7,187,197,positive
102,34,86,152,60,7,180,41,17,139,149,539,175,74,1,23,186,200,positive
95,45,80,186,62,7,164,40,20,145,188,406,178,65,11,18,199,204,negative
97,45,72,187,71,5,161,40,20,144,178,399,186,70,7,7,196,203,negative 
89,43,77,147,54,8,144,46,19,146,163,308,174,64,13,5,194,201,positive
93,36,97,166,74,8,211,35,25,176,194,457,162,76,21,2,200,204,negative
93,39,87,183,64,8,169,40,20,134,200,422,149,72,7,25,188,195,positive
109,46,107,190,59,12,117,34,21,136,221,655,195,64,14,0,176,209,negative
95,47,81,176,59,7,168,39,20,152,196,425,185,67,4,4,191,198,positive
92,34,108,156,74,10,184,32,21,161,209,357,187,76,20,6,189,205,negative
105,45,100,195,61,10,198,33,23,149,214,586,186,67,8,5,192,200,positive
97,50,101,141,74,7,138,51,25,163,132,577,165,73,0,12,184,204,negative
107,39,110,162,63,6,114,37,18,186,220,192,247,61,3,12,185,188,negative
88,36,78,160,62,6,140,48,18,123,161,287,129,66,4,35,194,202,negative
74,53,101,232,71,9,120,30,18,148,161,547,167,63,0,21,184,206,negative
93,35,66,154,59,6,142,46,18,128,162,304,120,64,5,13,197,202,negative
80,35,43,160,70,11,112,34,24,132,130,721,206,75,0,12,191,199,positive
87,42,60,116,51,6,150,46,19,141,169,324,171,85,2,14,178,182,negative 
84,37,70,150,61,7,137,49,18,140,156,278,121,64,0,23,196,205,negative 
86,43,70,126,56,6,148,46,19,145,166,317,171,86,6,9,179,182,negative 
87,39,74,165,66,6,145,45,19,134,173,318,139,70,3,21,195,200,negative 
106,57,107,235,67,6,262,26,28,171,285,987,260,86,9,31,180,184,negative 
93,41,82,159,63,9,144,46,19,143,160,309,127,63,6,10,199,207,negative 
90,43,66,157,65,9,137,48,18,146,162,281,164,67,3,3,193,202,negative 
97,34,46,234,63,10,144,59,23,150,153,342,170,72,18,30,197,202,positive
106,55,98,224,68,11,215,31,24,170,222,679,214,68,2,29,189,201,negative
101,46,110,111,55,6,179,31,23,183,203,514,114,69,8,0,186,211,negative
97,35,66,151,64,8,128,52,18,129,148,246,112,66,6,2,195,200,negative 
81,43,68,148,64,7,150,45,19,144,175,330,171,80,1,2,182,185,negative 
95,43,71,159,64,6,145,45,19,141,169,322,171,67,8,4,195,200,negative 
109,52,104,199,60,12,215,31,24,162,220,691,212,67,11,7,189,199,positive
90,50,90,188,61,10,181,36,21,158,211,492,220,69,6,19,191,199,positive
92,48,88,138,62,7,217,30,24,159,182,326,203,61,18,31,198,211,negative
105,33,99,150,66,9,222,32,24,164,232,407,182,70,7,33,203,205,positive
86,39,62,129,59,6,116,57,17,135,137,203,145,64,7,9,199,204,negative 
87,45,82,164,60,8,156,42,19,144,181,366,174,70,2,2,190,196,negative
87,42,70,139,59,7,149,45,19,142,177,327,156,78,6,9,185,188,negative 
100,42,66,162,69,4,157,41,21,126,174,212,177,75,9,18,186,209,positive
89,44,82,136,54,6,149,45,19,144,170,332,168,68,10,14,188,193,negative
100,50,98,213,60,9,227,34,23,187,154,537,202,63,3,15,183,188,negative
101,52,101,197,62,9,188,35,22,162,208,527,203,67,14,15,193,202,positive
108,56,102,246,75,6,239,28,26,167,264,855,228,82,9,13,186,185,negative 
89,47,81,147,64,11,156,44,20,163,170,352,188,76,6,13,184,193,negative 
90,43,72,157,64,8,136,49,18,145,158,279,167,64,4,6,201,209,negative 
91,42,84,209,75,6,171,38,20,138,189,446,161,69,3,12,196,201,negative 
89,40,58,137,58,7,122,54,17,140,146,225,150,63,7,4,199,206,negative 
92,38,60,130,62,5,114,58,17,132,135,194,137,72,14,5,190,194,negative 
99,33,73,234,72,3,133,30,18,141,157,290,166,66,4,34,193,190,positive
91,39,82,164,68,10,143,46,19,137,164,308,158,68,13,9,191,201,negative 
81,44,68,120,53,6,151,45,19,147,170,333,178,86,4,5,179,183,negative 
94,48,110,220,60,11,184,31,22,141,174,468,219,64,7,4,184,203,negative
99,38,74,184,66,6,164,39,20,131,193,414,137,71,2,22,200,202,negative 
100,48,95,209,68,7,199,32,23,150,216,605,200,73,7,11,192,194,negative 
96,39,50,213,70,10,210,36,24,137,232,260,144,76,14,28,200,204,positive
108,52,109,182,55,12,216,31,24,171,229,687,214,72,10,28,189,201,positive
97,34,71,155,68,10,166,30,18,171,140,541,119,69,6,0,190,211,negative
112,50,110,186,56,11,214,31,24,159,232,676,203,71,18,27,191,202,positive
119,51,40,205,72,5,133,35,24,118,222,338,115,82,15,19,194,206,positive
96,35,92,165,61,9,114,36,25,151,172,357,196,71,0,22,186,204,negative
91,37,76,138,55,8,132,51,18,135,157,256,124,69,0,12,191,192,negative 
96,39,74,141,64,6,117,59,24,129,215,218,176,73,2,3,186,194,positive
99,55,101,206,62,13,222,30,25,180,225,722,213,71,2,3,186,196,negative
101,34,95,169,64,11,161,30,23,152,135,554,160,71,15,4,176,205,negative
90,55,87,232,63,10,192,36,18,139,226,544,213,69,4,14,184,203,positive
88,40,69,146,59,7,130,51,18,134,147,252,144,64,1,1,193,200,negative
91,33,42,165,64,9,178,30,24,144,168,447,115,65,11,35,190,195,positive
89,38,78,153,61,7,146,46,19,127,166,314,142,69,0,9,187,194,negative
98,50,90,192,63,9,177,37,21,155,195,472,197,65,10,1,193,201,positive
94,48,83,162,64,10,156,43,19,153,177,357,187,74,4,14,185,196,negative 
102,55,101,213,67,12,222,30,25,177,226,719,213,71,2,21,187,199,positive
93,48,84,150,63,11,156,44,20,165,171,354,188,73,8,15,185,195,negative 
94,38,84,158,55,9,169,39,20,130,196,430,155,69,9,15,190,195,negative
96,37,106,198,62,11,146,56,18,188,206,487,149,75,2,21,192,197,negative
96,47,103,215,69,10,200,33,23,147,220,598,200,73,6,6,187,194,negative
90,48,81,144,60,9,150,44,19,156,173,333,200,75,2,0,185,195,negative 
85,33,46,200,62,4,152,32,24,121,171,528,115,71,4,16,190,190,positive
109,49,109,193,59,10,207,32,24,156,225,635,213,70,13,31,191,202,positive
90,48,77,132,56,10,157,44,20,164,169,354,187,78,1,3,182,191,negative 
84,45,68,148,64,6,146,46,19,142,168,317,180,75,5,1,183,187,negative 
79,38,55,120,55,5,142,48,19,128,153,295,145,81,4,2,180,183,positive
110,50,61,190,73,7,168,30,17,156,241,745,121,80,5,2,182,196,negative
90,41,71,169,68,7,150,44,19,138,175,336,157,71,3,18,192,197,negative 
83,37,54,118,55,4,129,52,18,127,146,245,140,81,4,13,180,184,positive
84,48,112,176,56,8,222,36,18,139,182,184,156,75,6,12,191,200,positive
91,36,83,162,61,8,142,47,19,128,163,298,137,63,0,31,193,200,positive
97,35,91,175,69,10,222,34,20,125,232,588,183,69,3,38,196,202,positive
95,49,82,139,56,11,159,43,20,162,173,365,185,75,7,10,182,191,negative 
86,35,110,197,61,8,116,30,18,136,167,559,157,66,6,0,190,198,negative
89,47,80,131,54,11,160,43,20,163,175,369,174,77,1,7,182,193,negative 
84,35,53,122,57,4,116,59,17,123,135,196,128,76,10,27,183,190,positive
82,36,51,114,53,4,135,50,18,126,150,268,144,86,15,4,181,182,positive
91,33,40,169,69,11,196,41,24,176,227,255,240,72,18,4,203,206,positive
97,37,78,181,62,8,161,41,20,131,182,389,117,62,2,28,203,211,negative
83,37,62,113,53,6,122,55,17,129,143,218,135,79,0,7,181,185,negative 
106,36,44,175,56,8,185,36,24,166,227,307,214,86,1,41,184,198,positive
102,41,105,234,66,11,219,36,18,132,187,184,234,73,6,21,195,200,positive
100,51,104,163,52,10,206,32,23,164,217,631,193,69,5,21,188,196,negative
84,41,88,190,60,9,157,36,24,169,220,721,174,73,6,16,187,211,positive
86,36,96,174,64,10,182,42,24,183,231,528,161,67,1,12,185,208,negative
107,34,101,173,59,11,204,36,24,186,169,321,127,77,16,0,179,192,negative
89,47,84,133,55,11,157,44,20,160,169,354,176,74,5,9,182,192,negative 
102,51,92,194,60,6,220,30,25,162,247,731,209,80,7,7,188,186,negative 
92,45,74,187,74,7,157,41,19,143,179,375,183,70,8,6,195,201,negative 
110,56,109,199,57,5,251,27,27,169,272,928,268,82,11,10,183,183,negative 
80,38,64,130,59,8,134,51,18,126,152,259,135,76,1,23,179,188,negative
91,39,83,170,60,8,172,38,21,134,197,445,152,72,0,10,188,194,positive
98,46,88,191,63,6,192,34,22,147,215,563,174,73,2,26,194,197,negative 
81,38,53,123,58,6,134,51,18,128,147,259,148,83,10,6,177,184,negative
101,51,105,212,68,10,209,32,24,162,222,653,224,73,5,23,186,195,negative
95,37,71,171,61,9,157,43,20,134,178,365,125,63,5,40,196,208,positive
92,46,82,170,58,8,165,40,20,149,181,409,164,61,8,11,200,208,negative
87,44,98,211,70,10,189,35,22,141,214,535,178,71,2,21,187,194,negative
84,33,68,209,69,9,194,30,22,176,216,259,190,72,18,3,188,187,positive
90,48,78,142,59,11,160,43,20,160,173,370,185,76,10,11,183,192,negative 
90,36,57,130,57,6,121,56,17,127,137,216,132,68,22,23,190,195,positive
116,47,86,227,72,12,219,46,17,150,209,617,140,86,1,41,194,207,positive
86,34,109,214,62,6,157,33,21,138,172,317,245,71,12,5,184,211,negative
100,46,81,187,61,9,166,40,20,154,189,415,175,63,13,9,198,207,positive
86,38,58,119,56,4,118,57,17,129,140,208,152,78,9,2,184,186,negative 
105,34,94,162,59,9,182,45,23,188,241,632,174,71,0,6,181,211,negative
92,41,66,125,52,7,139,50,18,143,160,275,161,81,7,19,182,184,negative 
116,53,110,231,67,12,217,31,24,165,231,692,222,67,16,28,192,206,positive
78,43,70,147,65,8,147,46,19,145,169,319,168,77,1,12,181,186,negative 
88,36,53,113,57,3,118,57,17,128,137,204,136,88,7,14,180,183,negative 
89,45,77,188,64,9,161,41,20,151,190,390,174,66,4,2,194,201,positive
98,38,67,122,65,7,206,44,19,155,218,540,213,70,0,22,189,189,positive
96,46,70,194,70,6,167,39,20,148,183,427,171,69,17,10,200,203,negative 
99,53,105,219,66,11,204,32,23,165,221,623,224,68,0,6,191,201,positive
99,34,98,232,52,11,128,32,17,176,155,610,119,73,11,0,182,202,negative
80,53,57,143,57,10,188,30,25,188,194,556,243,70,2,25,184,205,negative
88,34,58,140,59,6,127,52,18,130,148,243,113,63,4,10,199,206,negative 
97,34,44,200,71,11,212,42,22,135,227,721,193,75,0,16,186,191,positive
101,56,100,215,69,10,208,32,24,169,227,651,223,74,6,5,186,193,negative
97,45,88,173,67,10,157,43,20,157,173,365,157,67,8,12,192,200,negative 
93,37,73,174,68,7,151,43,19,131,175,347,135,68,1,22,196,205,negative 
84,33,112,197,54,6,144,54,22,166,216,721,226,63,8,9,184,205,positive
93,45,86,201,69,7,184,35,22,145,203,523,183,72,0,4,194,197,negative 
94,34,89,202,68,11,129,53,18,126,132,192,184,68,0,9,176,207,negative
86,43,69,123,54,6,150,46,19,144,174,325,177,87,3,7,180,182,negative 
84,37,70,145,62,9,136,48,18,134,159,280,140,68,11,9,194,202,negative 
104,49,105,209,61,11,207,32,24,157,217,637,168,64,0,19,193,207,positive
97,46,101,210,66,8,192,35,22,151,208,546,169,66,1,32,191,200,negative
84,38,74,138,57,8,139,49,18,127,160,282,127,72,9,20,183,191,negative
90,48,85,157,64,11,161,43,20,167,175,375,186,74,3,16,185,195,negative 
91,42,80,162,66,8,148,44,19,145,171,331,147,70,3,5,189,199,negative 
89,40,79,154,64,9,144,46,19,139,168,311,149,71,8,7,188,197,negative 
109,54,109,225,68,11,214,31,24,169,226,675,212,68,11,32,189,202,positive
93,36,64,165,69,8,136,49,18,136,161,279,127,67,2,29,193,204,negative 
100,51,110,172,64,5,187,30,19,162,132,294,204,73,7,18,191,199,negative
97,41,88,184,59,9,175,38,21,140,192,459,147,63,1,5,196,205,positive
82,34,106,171,63,11,210,32,19,138,218,512,192,68,3,0,188,204,negative
102,52,98,225,71,10,214,31,24,164,228,682,199,71,0,16,187,196,negative
83,39,69,127,54,5,135,49,18,131,155,274,162,69,16,6,187,190,negative
84,54,112,135,65,8,112,33,19,133,196,357,154,71,4,23,195,182,positive
109,47,96,206,64,9,198,33,23,150,219,586,191,70,4,13,190,198,positive
87,37,52,116,54,6,115,58,17,126,135,196,144,74,11,22,186,190,negative 
103,39,40,211,68,11,177,57,17,144,161,566,232,71,9,12,194,193,positive
97,43,73,173,65,6,153,42,19,143,176,361,172,66,13,1,200,204,negative 
86,45,71,170,70,6,146,45,19,146,172,321,189,71,10,8,187,191,negative 
85,36,72,127,56,7,127,54,18,125,144,233,123,70,3,30,184,194,negative
96,55,103,201,65,9,204,32,23,166,227,624,246,74,6,2,186,194,negative
82,44,72,136,61,7,147,46,19,143,173,317,183,81,6,17,181,185,negative 
100,41,75,205,71,5,176,36,21,138,204,479,151,72,7,19,197,197,negative 
100,44,93,193,62,8,186,35,22,147,202,521,151,66,0,2,193,198,negative
102,43,110,232,60,10,114,49,25,182,132,305,199,67,6,5,192,211,negative
83,42,71,152,64,7,149,45,19,142,172,331,158,74,2,2,184,190,negative 
108,49,103,200,62,10,206,32,23,155,227,635,215,72,6,16,189,198,positive
94,40,85,186,62,9,169,39,20,139,184,430,133,61,2,9,200,210,positive
95,47,88,162,64,11,159,43,20,157,176,371,185,71,12,13,189,198,negative 
83,44,70,166,69,5,143,46,18,143,166,306,170,69,7,6,188,193,negative 
103,51,52,137,57,12,127,32,18,139,141,757,158,65,2,3,188,190,negative
84,44,65,128,55,8,150,46,19,148,169,325,176,82,1,11,179,183,negative 
101,33,50,209,60,11,184,43,23,161,130,367,115,69,0,33,191,185,positive
89,38,74,138,59,7,136,49,18,133,167,278,128,72,7,7,189,193,negative 
117,43,57,218,68,7,128,31,19,136,213,721,188,73,10,36,194,209,positive
86,46,73,125,57,6,151,45,19,147,170,334,188,82,9,11,180,184,negative 
105,35,105,162,66,10,155,30,25,175,188,400,250,69,0,5,183,200,negative
106,42,97,164,68,10,192,40,19,166,232,685,128,76,18,40,190,185,positive
89,48,59,153,62,9,126,30,25,177,197,546,161,75,8,8,187,193,positive
94,35,66,147,62,9,131,50,18,127,159,258,115,66,8,7,196,201,negative 
89,41,75,143,56,7,146,46,19,137,170,317,156,76,18,5,184,188,negative
110,54,102,201,64,11,213,31,24,171,222,669,221,73,17,16,188,198,positive
88,43,70,177,74,19,152,44,19,143,180,342,168,76,1,9,186,189,negative 
99,52,110,190,59,9,114,33,25,178,221,621,200,64,7,4,189,211,negative
97,41,62,133,56,7,130,52,18,143,158,247,157,78,5,7,184,186,negative 
113,53,93,197,62,11,216,31,24,165,221,688,196,72,6,25,188,199,positive
88,46,74,171,68,6,152,43,19,148,180,349,192,71,5,11,189,195,negative 
100,54,102,206,65,10,198,33,23,164,224,587,240,72,4,11,187,196,positive
104,53,108,204,64,11,220,31,25,172,226,707,203,71,14,30,189,203,positive
98,38,70,186,68,6,164,39,20,136,189,413,129,71,3,17,200,203,negative 
95,48,104,214,67,9,205,32,23,151,227,628,202,74,5,9,186,193,negative
111,58,105,183,51,6,265,26,29,174,285,1018,255,85,4,8,181,183,negative 
91,40,76,171,67,7,149,44,19,135,169,332,144,68,4,17,192,200,negative 
97,44,96,195,63,9,185,36,22,144,202,512,165,66,4,8,191,199,positive
91,43,72,142,56,7,149,45,19,140,168,327,165,72,13,23,186,191,positive
93,49,109,154,62,8,126,30,25,128,221,701,130,69,0,0,191,191,negative
94,34,100,220,60,8,174,33,25,152,227,192,228,70,22,11,191,211,negative
93,36,59,171,71,8,146,45,24,167,232,184,119,68,3,16,194,207,positive
80,33,58,150,62,9,186,36,18,126,213,592,125,86,0,11,187,202,positive
93,40,73,139,58,6,136,49,18,138,166,275,137,73,0,0,187,188,negative 
102,43,96,197,63,10,185,36,22,142,202,513,139,65,8,12,195,204,negative
102,53,101,238,72,4,238,28,26,163,267,844,242,85,7,22,184,184,negative 
101,56,101,231,72,10,217,31,24,171,232,698,216,72,2,6,187,197,positive
89,50,83,195,65,6,178,37,21,156,207,481,210,71,1,6,189,194,negative
94,37,73,186,71,7,154,42,19,127,171,362,132,67,2,8,197,206,negative 
95,50,92,111,63,8,152,49,21,140,221,592,174,78,6,15,176,211,negative
97,44,100,144,57,9,173,43,25,158,200,721,179,86,3,10,195,194,positive
86,42,64,122,54,6,148,46,19,143,170,319,171,87,1,3,179,182,negative 
89,56,110,145,63,13,149,30,23,138,208,384,114,73,0,7,181,210,negative
105,54,110,159,65,5,154,32,22,185,173,551,223,69,0,3,194,211,negative
90,33,46,188,57,5,177,33,22,166,232,712,116,70,3,16,192,182,positive
101,51,110,186,63,13,114,34,20,168,179,484,191,65,4,12,183,205,negative
95,44,84,158,62,10,145,46,19,148,163,312,166,64,10,6,199,206,negative 
96,43,107,117,57,8,161,46,19,185,203,494,114,71,3,15,176,200,negative
92,33,93,198,62,3,202,33,18,165,200,355,168,65,3,26,189,198,positive
86,42,65,116,53,6,152,45,19,141,175,335,172,85,5,4,179,183,negative 
78,36,60,116,56,6,123,55,17,124,141,221,121,78,3,16,178,185,negative
85,34,65,207,56,5,148,42,20,154,151,466,173,62,4,0,182,199,negative
89,38,82,156,59,8,153,43,19,129,179,351,137,70,1,1,187,192,positive
82,46,106,139,68,8,116,33,17,150,207,380,212,61,12,28,186,196,negative
86,34,62,140,61,7,122,54,17,127,141,223,112,64,2,14,200,208,negative 
90,34,66,158,59,7,140,47,18,124,165,298,117,61,1,3,201,207,positive
98,52,86,207,69,5,192,33,22,161,212,570,221,75,4,6,194,195,negative 
94,48,105,207,53,11,126,30,19,149,198,757,169,73,5,24,176,197,negative
92,39,76,180,71,6,152,43,19,131,179,350,143,72,6,14,195,200,negative 
101,33,60,222,70,8,112,35,23,169,182,525,159,71,6,20,192,198,positive
91,44,66,151,63,7,137,48,18,146,166,280,167,72,1,9,188,194,negative 
105,51,93,160,51,7,217,30,24,165,240,703,208,81,9,25,188,188,negative 
86,33,73,206,56,11,212,35,24,163,149,394,188,75,5,10,189,209,positive
103,36,110,187,67,7,187,31,25,147,216,502,168,61,8,0,185,209,negative
106,53,98,192,58,11,217,31,24,166,228,693,191,71,11,24,188,198,negative
89,40,72,136,72,8,203,30,25,160,237,465,222,65,1,0,179,207,negative
103,54,91,179,57,11,220,31,25,170,220,707,198,72,1,32,186,198,negative
80,33,40,206,72,6,112,47,21,151,151,514,144,74,0,12,192,194,positive
99,46,105,209,64,11,197,34,23,152,212,575,159,65,0,33,194,205,negative
101,52,102,112,74,7,114,42,18,145,200,683,215,69,7,23,178,196,negative
84,38,85,139,71,7,222,39,21,177,209,684,124,74,0,28,186,193,positive
103,33,108,159,66,11,187,32,24,121,202,184,166,68,9,13,180,203,positive
75,40,96,189,74,7,174,33,23,135,223,516,170,64,12,5,176,209,negative
93,47,83,165,60,7,167,40,20,147,197,417,201,73,12,4,187,192,negative
100,49,104,178,66,9,210,42,19,177,215,230,115,68,0,40,191,193,positive
98,45,66,126,74,8,114,38,25,171,228,626,132,72,4,0,181,192,negative
103,36,101,146,67,11,125,30,25,188,205,629,224,64,22,0,182,206,negative
95,45,105,208,64,10,187,36,22,150,202,520,158,64,7,32,198,211,positive
86,46,94,223,54,6,118,34,24,156,230,637,115,76,18,34,188,202,positive
105,55,96,181,56,9,219,30,25,175,231,713,216,74,4,5,187,194,negative
100,57,107,207,63,11,227,30,25,180,234,756,205,72,6,19,186,198,negative
91,41,66,131,56,9,126,53,18,144,159,237,155,72,3,10,191,194,negative 
86,38,76,143,59,8,142,47,18,131,167,301,138,71,5,10,189,196,negative 
110,53,104,223,66,10,211,32,24,164,223,659,210,67,5,16,190,203,positive
97,41,92,197,63,10,179,37,21,140,197,481,136,63,4,3,197,204,negative
101,53,91,194,65,6,204,32,23,161,231,636,214,78,5,14,192,192,negative 
108,49,109,181,60,7,165,40,20,131,171,507,162,65,0,14,206,198,negative
80,43,68,120,54,8,150,45,19,145,171,329,176,85,4,8,179,183,negative 
88,43,84,136,55,11,154,44,19,150,174,350,164,73,6,2,185,196,negative 
105,51,80,207,71,6,195,33,22,159,214,579,188,75,6,20,194,194,negative 
90,36,85,184,64,6,160,41,20,125,187,385,139,66,9,31,195,203,positive
96,34,100,208,63,9,157,37,21,128,160,334,160,76,11,29,192,197,positive
100,34,102,173,62,10,140,40,19,161,175,260,217,69,2,11,179,197,positive
95,46,104,208,66,9,191,35,22,148,210,543,169,68,0,28,190,200,positive
89,40,76,188,76,7,150,44,19,136,174,342,148,72,3,8,193,197,negative 
100,43,92,197,62,10,180,36,21,143,200,489,153,64,6,9,195,205,positive
89,35,70,138,58,7,126,53,17,128,147,237,112,64,4,19,199,207,negative 
115,33,40,219,69,12,114,49,24,158,171,384,207,61,22,34,196,182,positive
107,53,108,211,63,11,219,31,25,168,228,704,198,69,10,21,190,203,positive
91,34,98,224,65,11,166,32,25,167,171,476,200,73,4,4,179,185,positive
90,46,75,133,55,11,160,43,20,161,173,369,171,77,0,16,182,192,negative 
110,51,104,191,57,12,213,31,24,162,226,674,190,68,18,2,191,199,positive
105,40,109,114,67,10,130,37,19,151,193,192,145,76,2,12,187,185,positive
103,50,98,212,63,9,193,34,22,161,214,567,185,64,5,5,198,204,negative
105,35,112,174,72,10,222,59,17,134,203,579,143,69,0,41,189,192,positive
81,34,104,204,57,8,200,41,18,127,161,623,129,66,7,11,177,201,negative
90,48,102,127,62,7,174,30,23,182,161,689,210,72,5,12,181,209,negative
104,52,101,206,62,10,198,33,23,161,207,587,204,64,2,5,195,204,negative
95,48,83,178,72,10,162,42,20,159,176,379,184,70,6,16,187,197,negative 
91,39,83,176,59,7,169,39,20,132,190,426,142,67,0,24,192,199,positive
83,46,68,139,59,6,150,44,19,146,172,336,183,74,5,3,185,191,negative 
80,38,63,129,55,7,146,46,19,130,168,314,158,83,9,20,180,185,positive
92,35,58,136,58,6,122,55,17,132,142,222,116,64,6,17,197,203,negative 
108,39,95,232,61,9,151,32,24,185,218,577,241,78,6,0,176,204,negative
115,53,100,205,64,11,220,30,25,166,229,710,214,71,21,11,189,199,positive
87,49,86,190,64,9,177,37,21,153,197,471,209,67,11,7,192,199,negative
94,33,100,169,71,3,162,36,23,130,196,415,189,73,12,1,191,204,positive
83,34,110,194,74,6,188,35,23,166,218,212,118,63,17,11,193,211,negative
104,58,103,230,69,11,219,30,25,176,231,716,246,71,7,4,187,196,negative
99,51,88,188,62,5,203,32,23,158,222,625,219,77,8,26,191,190,negative 
101,46,105,195,61,10,198,34,23,150,213,578,195,66,7,38,192,205,positive
79,47,74,141,61,7,153,43,19,149,175,349,199,77,6,10,183,189,negative 
88,45,82,155,56,8,154,43,19,149,180,357,170,69,3,0,188,193,positive
94,45,81,166,67,9,145,46,19,147,164,313,179,66,11,14,194,202,negative 
80,42,106,198,64,10,211,30,24,174,197,623,124,78,19,23,178,198,negative
90,47,85,149,60,10,155,43,19,155,179,355,186,75,1,5,185,196,negative 
107,33,84,220,57,11,129,30,23,157,222,526,130,75,8,19,187,191,positive
105,54,96,185,57,10,219,30,25,170,231,706,217,75,5,12,187,195,negative
88,44,84,135,55,12,155,44,20,158,176,351,164,75,7,11,183,195,negative 
89,42,70,148,62,7,147,45,19,143,176,323,153,76,2,6,186,189,negative 
94,43,68,170,67,6,142,46,18,142,164,310,177,65,10,8,198,203,negative 
97,47,88,183,60,7,197,33,23,148,214,596,201,74,8,0,192,191,negative 
83,43,92,230,53,9,186,41,19,176,162,580,203,71,0,3,200,195,positive
85,45,73,167,69,8,143,46,18,148,173,307,176,71,2,0,190,199,negative 
88,39,88,194,69,8,168,40,20,133,199,416,151,74,3,22,186,192,negative
94,43,69,161,59,7,152,43,19,143,175,349,187,67,12,11,193,198,positive
78,37,49,190,68,10,140,35,18,172,161,550,174,70,0,41,189,198,positive
101,56,100,168,55,11,214,31,24,175,219,681,224,74,2,3,185,192,negative
101,48,85,191,60,11,175,38,21,153,192,458,187,62,5,22,197,210,positive
81,45,68,137,60,7,152,45,19,151,167,333,179,81,3,13,179,183,negative 
95,51,96,196,63,9,190,35,22,161,208,543,235,68,13,0,191,198,negative
89,37,51,111,54,5,120,56,17,127,138,213,147,82,7,4,181,183,negative 
94,36,66,151,61,8,133,50,18,135,154,265,119,62,9,3,201,208,negative 
89,38,77,161,62,7,149,45,19,129,174,327,153,71,6,21,188,193,positive
93,44,90,166,65,10,153,44,19,156,170,348,143,66,9,17,194,203,negative 
84,33,97,197,67,9,160,35,22,130,186,532,145,74,0,9,187,208,positive
86,42,65,125,54,7,150,45,19,140,171,327,172,85,2,8,180,182,negative 
101,38,96,201,62,11,204,52,19,129,180,538,174,76,17,31,185,197,positive
97,45,91,161,63,10,151,45,19,148,166,334,171,65,18,20,197,205,negative 
100,47,88,190,60,10,171,38,21,155,186,440,169,59,15,18,201,210,positive
94,39,89,194,62,9,172,38,21,135,191,444,121,63,4,23,201,209,negative
84,34,104,232,63,7,116,30,23,155,207,584,184,76,6,0,182,211,negative
113,48,98,208,62,9,203,33,23,151,216,613,183,64,17,29,193,204,positive
98,39,68,121,49,7,134,51,18,142,164,261,134,75,4,1,186,186,negative 
103,57,105,221,69,11,218,30,24,173,226,706,250,73,10,2,187,195,negative
94,43,82,136,54,10,155,43,19,149,176,359,161,74,1,6,186,197,negative 
91,46,75,185,75,7,154,42,19,147,178,362,192,72,8,8,192,199,negative 
93,42,88,188,62,10,183,36,21,141,208,504,168,70,3,12,189,197,negative
93,47,85,161,65,12,155,43,19,157,179,354,178,76,2,9,184,196,negative 
85,48,84,208,68,12,222,33,22,177,222,593,121,72,7,37,192,182,positive
86,40,75,146,62,6,140,48,18,135,158,290,162,72,3,21,183,190,negative
97,47,87,164,64,9,156,43,20,149,173,359,182,68,1,13,192,202,negative 
99,51,92,203,65,5,209,31,24,159,232,671,214,78,5,11,191,189,negative 
86,46,70,149,65,8,149,45,19,146,170,331,185,77,6,6,183,188,negative 
97,33,71,234,63,8,211,38,21,140,210,571,161,63,5,36,190,198,positive
94,46,77,169,60,8,158,42,20,148,181,373,181,67,12,2,193,199,positive
86,36,66,128,57,8,131,52,18,127,148,252,139,76,5,27,183,187,negative
97,44,95,202,66,9,188,35,22,144,216,526,175,72,15,11,190,197,positive
106,52,101,213,64,11,201,33,23,158,214,607,204,65,2,4,192,204,positive
85,42,66,122,54,6,148,46,19,141,172,317,174,88,6,14,180,182,negative 
88,37,86,159,61,4,133,30,19,188,223,492,114,69,4,15,185,209,negative
109,47,74,184,63,8,163,53,19,188,201,566,114,70,22,2,183,200,negative
99,33,60,200,63,8,169,31,17,145,183,591,151,86,7,27,192,198,positive
82,39,86,140,54,7,153,45,19,134,174,338,139,71,11,18,183,189,negative
89,42,66,125,53,7,131,51,18,144,162,254,162,73,10,17,188,191,negative 
118,33,96,234,72,10,191,61,21,127,198,492,189,86,2,15,181,196,positive
86,39,84,149,57,8,156,43,20,133,185,358,157,74,0,23,183,190,negative
88,42,77,151,58,8,140,47,18,142,165,293,158,64,10,11,198,205,positive
87,37,60,132,57,6,128,52,18,129,154,243,132,71,1,14,186,192,positive
100,51,89,199,65,6,201,32,23,159,219,622,205,74,6,7,193,193,negative 
104,37,84,223,71,9,215,51,17,145,140,652,115,77,0,14,203,184,positive
92,38,74,178,62,9,161,41,20,135,181,388,132,63,7,29,197,206,negative
83,37,54,131,61,4,135,50,18,127,152,271,141,85,3,6,180,183,positive
108,53,103,202,64,10,220,30,25,168,224,711,214,73,11,10,188,199,positive
101,54,106,188,57,7,236,28,26,164,256,833,253,81,6,14,185,185,negative 
102,45,85,193,64,6,192,33,22,146,217,570,163,76,6,7,195,193,negative 
103,41,85,158,66,4,211,44,23,121,219,502,182,66,8,0,184,182,positive
98,53,106,171,74,9,181,46,21,183,223,696,169,63,13,3,180,188,negative
93,43,85,133,54,10,155,44,19,153,174,351,165,75,12,13,184,196,negative 
93,39,78,164,66,8,139,48,18,140,157,290,126,64,4,7,201,208,negative 
80,34,87,111,74,6,119,32,22,155,232,466,172,68,21,7,181,199,negative
83,37,49,112,55,5,122,55,17,128,144,219,146,85,8,16,180,184,negative 
88,41,110,192,69,12,222,49,23,130,154,443,183,73,0,16,187,211,positive
97,37,70,173,66,7,151,43,19,129,167,346,119,65,0,16,201,208,negative 
84,38,66,138,62,6,126,54,18,132,144,232,139,70,4,7,185,190,negative
80,34,91,197,67,8,222,50,17,130,130,647,154,74,22,9,189,200,positive
83,33,49,191,68,8,222,37,24,118,213,209,204,77,18,30,182,197,positive
103,53,106,172,55,10,212,32,24,168,220,660,223,73,16,24,187,197,positive
79,39,72,127,53,9,142,48,19,135,165,295,144,77,7,21,181,189,negative
85,36,78,149,55,7,147,45,19,128,168,321,134,64,10,24,197,203,negative
99,43,89,195,63,8,186,35,22,144,210,521,166,68,6,13,191,199,positive
104,52,100,191,59,9,197,33,23,158,218,583,234,70,10,10,191,198,positive
111,37,99,155,62,9,188,58,24,120,217,665,179,74,13,0,184,204,negative
103,49,107,179,54,12,208,32,24,159,214,644,183,66,1,12,191,200,negative
85,36,66,123,55,5,120,56,17,128,140,212,131,73,1,18,186,190,negative 
92,37,86,167,60,7,158,42,20,131,181,373,144,68,9,21,190,196,positive
89,47,83,322,133,48,158,43,20,163,229,364,176,97,0,14,184,194,negative 
103,40,99,117,64,7,139,34,20,188,210,543,223,70,2,7,183,204,negative
109,54,103,220,66,11,214,31,24,167,229,677,212,70,1,23,188,201,positive
102,46,89,114,57,11,156,37,20,169,205,502,195,75,3,0,186,200,positive
88,44,85,139,56,11,157,43,20,155,176,363,175,76,5,16,184,195,negative 
105,54,106,215,68,10,208,32,24,166,217,640,218,69,14,23,189,199,positive
99,38,57,204,72,6,116,51,24,123,151,535,116,68,3,41,186,201,positive
86,46,89,234,60,12,222,55,24,126,211,424,127,70,2,7,186,195,positive
106,54,103,161,47,4,247,27,27,166,266,892,242,85,4,11,181,183,negative 
106,40,110,111,66,7,135,35,20,173,238,285,184,87,0,2,184,209,negative
105,53,108,206,63,12,222,31,25,168,226,712,201,71,15,35,189,203,positive
107,53,103,221,66,11,209,32,24,163,222,653,212,66,0,1,191,201,negative
108,55,105,230,68,11,218,30,24,171,228,709,210,69,14,4,190,197,negative
96,55,98,161,54,10,215,31,24,175,226,683,221,76,3,6,185,193,negative
94,49,79,203,71,5,174,37,21,154,196,465,206,71,6,2,197,199,negative 
109,53,109,221,69,12,221,31,25,169,226,712,212,72,13,28,188,201,positive
99,38,47,193,66,8,210,57,18,122,218,374,127,77,2,41,192,193,positive
93,34,92,191,60,8,168,33,18,163,216,617,225,73,7,15,190,204,negative
94,36,68,127,54,7,127,52,18,132,155,242,116,66,1,2,195,196,negative 
93,43,88,170,66,9,150,45,19,147,164,334,143,65,2,17,196,206,negative 
107,54,98,210,66,11,218,31,24,169,221,704,216,71,14,0,188,197,positive
104,40,94,162,66,6,112,36,19,135,147,345,182,67,3,19,189,193,positive
104,56,96,231,74,11,220,30,25,172,223,713,218,73,6,16,186,195,negative
94,36,75,229,59,12,112,31,23,156,209,548,203,69,2,13,187,201,positive
99,48,104,196,63,10,201,33,23,152,221,604,199,73,8,4,188,197,positive
95,53,95,202,65,10,193,34,22,160,220,559,237,71,3,2,188,196,positive
105,43,94,117,73,11,195,59,19,144,192,756,222,74,15,7,189,207,negative
81,36,102,146,60,11,227,30,19,188,154,633,141,69,2,8,186,211,negative
106,52,107,211,62,8,200,33,23,161,218,602,200,67,9,17,194,201,negative
73,37,53,111,54,6,126,55,18,128,135,227,147,82,1,15,176,184,negative
85,43,66,121,54,7,150,46,19,147,169,324,175,87,0,5,179,182,negative 
93,46,85,169,66,9,151,44,19,147,169,339,179,67,0,4,195,204,negative 
84,37,53,121,59,5,123,55,17,125,141,221,133,82,7,1,179,183,negative 
82,38,53,125,59,5,133,51,18,128,152,259,146,87,0,0,177,183,negative
96,44,68,190,70,7,155,41,19,145,179,372,166,67,5,7,202,206,negative 
99,37,100,173,64,5,180,30,18,153,132,192,139,61,13,0,186,203,negative
99,57,100,177,54,13,224,30,25,188,223,726,213,72,4,7,185,198,negative
92,40,62,144,59,8,127,52,17,139,149,241,150,62,13,1,204,210,negative 
91,45,76,171,69,7,150,44,19,144,170,340,179,69,12,1,195,201,negative 
87,40,81,162,68,10,146,46,19,139,167,317,157,70,0,13,189,199,negative 
87,41,66,140,58,6,148,46,19,136,164,318,178,79,19,2,181,185,positive
94,49,87,137,54,11,158,43,20,162,178,366,186,75,5,5,183,194,negative 
83,40,53,114,53,6,132,53,18,140,142,247,157,86,8,7,176,183,negative 
97,37,76,169,60,8,161,41,20,131,189,391,136,72,0,0,188,192,negative
104,34,99,145,67,8,114,52,18,186,190,688,209,66,16,16,176,191,negative
111,33,45,188,62,4,176,46,20,135,135,389,143,75,2,19,196,211,positive
76,38,58,125,58,5,133,51,18,127,152,259,145,87,0,21,177,184,negative
90,44,69,152,64,7,135,49,18,145,165,272,162,75,3,2,187,191,negative 
93,47,88,200,66,7,173,38,21,151,197,452,205,66,0,3,195,202,positive
79,35,112,191,56,9,212,32,21,131,222,721,211,78,8,41,186,208,positive
92,43,70,124,52,6,139,49,18,144,164,282,172,79,4,16,183,185,negative 
85,45,70,120,54,7,149,45,19,145,169,326,186,81,8,4,181,184,negative 
98,54,104,186,59,10,213,32,24,172,223,665,217,73,1,26,186,195,negative
89,44,72,160,66,7,144,46,19,147,166,312,169,69,11,1,191,198,negative 
97,39,107,127,69,12,197,35,20,125,202,612,115,73,3,41,186,206,positive
90,46,80,143,62,11,159,43,20,156,169,366,186,74,17,7,185,193,negative 
73,34,81,199,62,7,125,30,21,176,146,697,183,76,0,34,183,207,negative
86,44,70,140,64,6,148,45,19,145,170,322,185,82,10,1,181,183,negative 
108,46,85,228,71,4,114,34,23,171,199,757,175,72,6,20,190,198,negative
89,48,85,189,64,8,169,39,20,153,188,427,190,64,16,5,195,201,positive
90,36,95,206,65,10,222,36,20,123,130,670,135,78,7,11,192,211,positive
109,55,102,169,51,6,241,27,26,165,265,870,247,84,10,11,184,183,negative 
86,48,75,136,58,10,161,43,20,163,170,371,185,75,3,1,183,192,negative 
100,58,109,230,70,11,226,30,25,182,234,752,207,72,0,13,187,198,negative
104,33,62,174,56,12,134,43,20,136,166,184,122,75,13,24,193,202,positive
88,38,58,137,60,5,148,46,19,131,163,319,157,86,12,0,180,183,positive
109,52,95,189,58,4,227,29,25,158,262,776,217,82,0,19,187,186,negative 
98,46,77,199,71,7,166,39,20,150,184,422,180,69,13,9,200,203,negative 
95,46,92,159,63,11,160,42,20,157,176,372,171,70,7,21,189,200,negative 
93,39,86,180,59,9,167,39,20,134,186,418,129,63,6,17,197,204,positive
101,40,83,208,74,12,226,46,20,154,212,438,227,73,6,9,188,193,negative
103,51,105,174,56,11,210,32,24,163,222,650,222,73,8,9,187,196,positive
93,41,79,159,63,8,144,46,19,150,165,309,134,67,4,9,195,203,negative 
104,52,110,172,53,10,219,30,25,166,235,711,218,74,10,28,188,198,negative
101,46,104,186,55,10,114,34,25,156,205,192,203,68,10,4,187,199,negative
96,41,69,153,56,7,141,47,18,141,162,297,169,61,11,8,202,209,positive
97,43,56,187,68,9,177,32,23,140,149,596,189,76,11,4,179,200,positive
96,48,83,177,59,8,171,39,21,152,195,438,196,67,15,0,195,201,negative
88,38,77,156,56,7,163,41,20,129,184,395,140,67,1,9,192,198,negative
105,33,64,117,67,7,222,52,22,149,162,651,126,71,1,41,185,209,positive
85,47,75,121,53,9,157,44,20,165,168,358,176,77,1,7,182,191,negative 
81,44,72,139,60,6,153,44,19,146,180,347,178,81,1,15,182,186,negative 
108,54,109,189,57,11,220,31,25,174,229,709,214,70,12,23,189,201,positive
104,57,103,222,72,12,221,30,25,177,223,718,218,72,11,12,186,195,negative
80,44,68,135,59,8,150,45,19,145,170,329,173,80,7,12,180,185,negative 
113,33,44,192,61,5,216,43,20,118,196,553,176,70,10,18,189,191,positive
98,48,101,195,61,11,207,31,23,152,227,650,193,71,5,7,189,196,negative
96,43,112,165,59,6,179,43,23,161,189,184,223,69,1,0,192,190,positive
107,52,101,218,64,11,202,33,23,164,219,610,192,65,17,2,197,206,negative
90,39,86,169,62,7,162,41,20,131,194,388,147,74,1,22,185,191,negative
93,47,85,163,66,11,156,44,20,158,172,355,178,74,7,15,183,195,negative 
90,33,80,192,69,9,215,35,20,165,212,395,211,77,0,0,191,200,positive
100,47,70,185,70,7,162,40,20,153,179,406,172,68,9,6,200,205,negative 
83,40,59,116,53,7,132,52,18,137,145,250,157,84,12,6,177,183,negative 
96,33,81,195,72,12,222,51,18,140,144,527,151,72,1,41,187,206,positive
86,37,60,115,54,5,119,56,17,132,141,209,129,72,2,8,186,190,negative 
88,42,64,151,62,8,130,51,18,142,150,253,161,63,3,2,203,210,negative 
89,41,75,162,66,5,153,43,19,136,175,352,154,72,2,0,188,195,negative 
82,44,72,150,64,7,154,44,19,144,181,350,177,80,0,16,183,187,negative 
107,57,106,172,50,6,255,26,28,169,280,957,264,85,5,9,181,183,negative 
99,46,91,190,74,7,118,43,21,155,135,192,177,69,15,20,185,211,negative
104,54,91,209,67,11,218,31,24,170,223,697,196,74,4,21,187,196,negative
95,42,96,197,65,9,178,37,21,141,199,474,149,67,1,29,193,200,negative
89,36,68,141,59,8,139,47,18,130,166,291,127,73,7,1,189,196,negative 
103,56,100,185,59,11,216,31,24,173,219,684,219,75,15,11,186,194,negative
109,54,103,205,63,11,222,30,25,175,229,720,213,71,6,14,187,200,positive
91,41,93,197,65,9,183,36,21,137,202,504,153,66,11,24,193,200,negative
101,55,107,200,61,11,225,30,25,178,228,730,204,74,8,35,187,201,negative
92,34,89,175,62,9,214,34,20,149,159,727,121,74,3,28,179,201,negative
89,41,76,183,73,7,157,42,19,136,181,373,153,74,8,12,191,195,negative 
84,43,70,123,54,8,151,45,19,146,173,332,176,81,1,12,181,184,negative 
88,40,79,183,62,7,176,38,21,138,200,462,150,66,0,29,189,199,negative
92,37,75,184,70,6,154,42,19,131,184,363,127,71,0,4,198,202,negative 
98,38,66,130,55,7,130,51,18,138,160,251,123,69,3,12,191,194,negative 
85,45,65,128,56,8,151,45,19,145,170,332,186,81,1,10,179,184,negative 
82,40,94,124,70,10,153,30,23,176,149,228,119,71,17,0,199,210,negative
84,48,110,152,70,5,227,30,23,188,182,506,230,67,0,0,176,204,negative
86,34,55,163,59,6,135,31,19,154,207,566,214,63,6,23,191,187,positive
96,38,40,173,72,6,207,30,17,128,137,721,115,75,7,10,186,186,positive
86,43,68,152,62,7,150,44,19,142,179,337,164,75,4,9,188,192,negative 
86,43,68,150,64,9,138,48,18,143,161,285,174,69,6,0,192,201,negative 
86,42,104,215,67,8,142,36,22,170,180,207,118,73,13,6,190,210,negative
87,44,70,179,75,6,146,45,19,141,167,326,178,69,6,1,194,201,negative 
105,51,108,201,62,11,220,30,25,163,232,711,202,72,12,16,189,200,positive
95,33,83,229,72,11,201,33,21,134,177,208,139,69,11,25,190,204,positive
100,46,104,184,60,9,197,34,23,147,222,578,198,73,13,13,189,197,positive
103,54,107,218,64,12,222,30,25,174,221,728,199,67,0,18,189,200,negative
96,46,74,202,74,5,163,39,20,149,185,408,191,70,7,8,196,200,negative 
89,43,85,160,64,11,155,43,19,151,173,356,174,72,5,9,185,196,negative 
97,33,78,202,60,10,171,32,21,156,182,432,225,73,5,19,191,203,positive
103,45,88,214,65,5,196,32,25,162,180,192,132,70,15,15,185,206,negative
92,44,106,130,63,9,143,40,22,156,202,495,195,67,6,21,181,205,negative
101,53,110,232,61,10,204,37,19,159,180,541,192,66,0,0,184,211,negative
92,36,78,165,57,8,153,43,19,128,169,349,124,60,4,19,203,211,positive
105,54,108,234,70,12,215,31,24,168,226,687,228,68,4,22,189,201,positive
97,49,106,161,61,12,163,30,19,173,204,216,114,79,5,3,181,201,negative
90,38,97,183,56,11,128,30,23,131,189,532,170,67,19,15,177,211,negative
104,52,94,208,66,5,208,31,24,161,227,666,218,76,11,4,193,191,negative 
89,40,72,155,63,7,146,45,19,135,175,321,145,72,4,10,192,196,negative 
98,44,88,176,67,10,158,43,20,149,173,367,154,66,14,9,194,202,negative 
95,40,73,128,63,7,216,35,25,188,229,576,248,63,15,0,186,199,negative
85,37,80,158,59,8,153,44,19,126,179,348,136,69,6,21,191,197,negative
97,55,103,197,63,11,215,31,24,172,219,677,219,75,5,24,185,194,negative
107,51,103,182,56,11,213,31,24,162,226,673,217,72,2,4,188,198,positive
90,38,75,164,64,7,151,43,19,131,168,345,139,66,0,0,195,204,negative 
115,34,93,146,60,10,126,30,19,119,158,505,115,69,5,41,186,196,positive
106,41,40,162,70,8,143,35,24,169,152,356,139,77,0,15,183,207,positive
97,49,76,203,73,7,178,36,21,157,194,487,186,72,0,7,197,200,negative 
89,47,63,170,60,7,186,45,24,147,221,451,155,68,0,41,187,210,positive
92,33,108,213,69,6,135,39,18,126,150,458,135,71,11,18,186,194,positive
87,38,85,177,61,8,164,40,20,129,186,402,130,63,1,25,198,205,negative
106,54,101,222,67,12,222,30,25,173,228,721,200,70,3,4,187,201,positive
90,41,78,145,55,7,138,48,18,138,161,284,158,67,0,1,192,197,negative
82,33,98,114,60,11,186,39,17,177,130,585,179,67,5,0,194,199,positive
87,39,70,148,61,7,143,46,18,136,164,307,141,69,1,2,192,199,negative 
93,41,75,124,51,7,140,49,18,141,164,284,149,77,5,15,184,185,negative 
94,45,85,160,63,10,158,43,20,157,174,367,162,68,1,6,189,199,negative 
86,45,66,126,57,8,148,46,19,145,170,321,186,86,0,7,179,182,negative 
88,44,77,167,59,6,151,44,19,145,175,343,177,64,9,12,202,208,negative
97,34,79,194,68,9,184,34,20,135,182,748,159,61,4,18,186,211,negative
90,47,85,145,58,9,152,44,19,155,175,345,184,73,4,2,186,197,negative 
100,50,81,197,67,6,186,34,22,158,206,531,198,74,6,1,197,198,negative 
82,34,80,156,65,4,183,35,21,171,132,624,140,73,4,5,179,211,negative
97,50,108,211,65,10,214,31,24,156,232,683,218,72,7,29,188,197,negative
93,33,60,234,61,10,206,34,19,143,174,223,188,76,0,35,197,211,positive
89,47,85,147,58,10,153,44,19,151,175,349,186,74,13,7,186,197,negative 
82,43,73,158,68,7,151,44,19,145,181,337,173,80,2,17,183,188,negative 
93,34,66,140,56,7,130,51,18,120,151,251,114,62,5,29,201,207,negative
98,55,108,168,53,11,224,30,25,178,231,737,217,73,8,30,187,198,negative
102,52,101,213,64,10,203,33,23,157,214,616,186,65,0,19,193,203,negative
97,47,81,183,64,8,168,39,20,150,193,426,182,70,11,2,192,198,negative
91,38,81,175,65,11,145,33,18,179,178,757,179,75,19,0,176,207,negative
105,56,98,209,64,11,217,31,24,173,225,696,216,72,2,19,188,199,negative
85,40,66,136,58,6,142,48,19,137,164,295,164,77,2,22,182,186,positive
95,43,76,142,57,10,151,44,19,149,173,339,159,71,2,23,187,200,negative 
89,41,84,141,58,9,149,45,19,145,172,330,162,72,4,18,188,200,negative 
101,51,112,201,59,11,214,32,24,162,223,667,194,65,0,36,190,206,positive
89,36,68,149,60,8,133,50,18,134,153,265,119,62,6,18,201,209,negative 
107,45,92,197,62,10,188,35,22,148,202,526,159,64,12,20,195,203,negative
89,44,76,125,54,10,156,44,20,151,163,352,176,76,12,12,184,193,negative 
94,43,64,173,69,7,150,43,19,142,169,344,177,68,9,1,199,206,negative 
86,40,63,135,56,5,133,50,18,135,152,262,166,70,9,2,187,191,positive
94,48,87,162,64,10,157,43,20,161,179,363,186,75,4,15,184,195,negative 
94,47,85,333,138,49,155,43,19,155,320,354,187,135,12,9,188,196,negative 
115,51,100,201,60,12,196,34,23,162,207,573,184,62,22,1,198,208,positive
105,53,105,184,57,11,211,31,24,168,224,661,218,71,0,15,186,197,positive
95,57,104,228,74,10,212,31,24,175,224,670,223,74,0,4,186,193,negative
86,37,77,144,54,7,154,43,19,127,179,352,145,71,14,13,186,191,negative
89,40,89,174,58,8,177,37,21,133,202,471,155,70,7,18,189,196,positive
90,42,63,144,59,7,131,50,18,142,154,259,162,65,15,3,197,204,negative 
90,40,83,178,61,8,178,37,21,132,199,472,157,71,1,14,187,193,negative
99,57,109,220,66,11,221,30,25,176,234,725,236,70,10,25,188,200,negative
89,46,78,150,63,11,160,43,20,160,170,367,176,73,5,9,185,194,negative 
101,42,62,175,67,6,149,43,19,139,169,341,165,65,7,11,202,209,negative 
77,34,101,125,66,11,114,39,23,187,241,562,223,75,17,3,185,211,negative
96,34,98,167,72,7,114,30,25,136,198,550,242,77,6,17,181,202,negative
91,40,98,192,64,9,177,38,21,135,194,465,165,66,9,35,195,205,positive
101,40,92,197,60,8,129,30,25,146,238,275,231,71,4,27,182,211,negative
81,45,68,154,69,22,151,45,19,147,186,335,186,88,1,10,180,185,negative 
90,48,78,143,60,11,161,43,20,159,172,374,186,75,2,2,184,193,negative 
89,42,89,147,61,11,151,44,19,145,170,338,163,72,11,23,187,199,negative 
105,33,96,148,68,9,222,32,22,130,212,586,115,75,10,15,194,202,positive
98,33,44,187,63,8,174,44,20,161,205,295,142,66,12,14,202,198,positive
96,39,95,191,66,10,115,34,17,161,205,423,130,72,5,5,183,208,negative
89,46,84,163,66,11,159,43,20,159,173,368,176,72,1,20,186,197,negative 
98,42,90,192,61,9,178,37,21,144,189,480,138,61,3,8,199,208,positive
106,57,87,117,70,4,205,37,21,161,178,561,144,61,3,26,187,211,negative
85,36,84,172,72,6,180,42,25,165,146,401,115,76,8,8,187,197,positive
83,42,66,156,67,7,150,45,19,144,174,333,159,78,4,2,182,188,negative 
92,42,75,172,60,8,147,45,19,142,174,322,160,62,22,10,206,211,negative
91,52,98,196,62,9,193,34,22,161,216,562,244,69,3,1,190,199,negative
86,47,75,165,68,6,154,43,19,146,176,356,190,74,7,3,188,194,negative 
99,46,110,191,57,6,130,48,18,122,188,498,178,75,19,16,191,211,negative
79,51,110,155,74,4,158,34,21,161,211,492,211,66,13,4,203,199,negative
104,54,101,197,64,11,213,31,24,172,218,669,222,74,14,4,187,196,positive
99,50,88,204,64,10,185,35,22,159,209,517,193,66,12,11,194,201,negative
96,52,110,209,63,13,116,36,18,188,132,688,115,66,0,4,176,190,negative
94,46,102,126,63,11,160,44,25,147,224,519,148,67,6,21,190,206,negative
89,36,72,141,56,7,138,48,18,126,163,286,130,72,1,1,187,192,negative
95,50,104,227,61,4,199,35,24,124,221,635,233,78,0,22,179,193,positive
82,41,70,155,64,7,148,45,19,138,172,328,152,72,5,17,187,195,negative 
81,45,110,204,58,11,222,30,24,172,188,447,174,71,16,20,187,203,positive
96,34,110,189,55,12,200,33,19,156,132,717,162,68,1,9,176,198,negative
93,40,62,117,49,7,131,52,18,145,160,249,156,78,8,6,184,184,negative 
89,40,69,147,58,6,132,50,18,137,155,260,151,61,16,6,203,209,negative
107,34,49,227,68,3,157,56,24,135,217,483,144,74,8,13,194,190,positive
103,54,107,189,56,11,223,30,25,174,225,729,200,70,0,29,187,201,negative
93,36,63,139,57,8,132,50,18,136,158,260,121,67,3,27,193,201,negative 
94,37,74,169,59,7,162,41,20,133,178,394,130,63,6,6,198,204,negative
97,46,94,209,67,10,195,34,22,147,224,573,194,70,0,14,188,197,negative
95,43,96,202,65,10,189,35,22,143,217,534,166,71,6,27,190,197,negative
104,49,89,168,54,4,212,31,24,153,238,682,198,78,1,23,190,189,negative 
94,45,89,213,71,5,186,35,22,145,204,533,182,71,4,13,195,198,negative 
94,34,110,175,52,6,207,33,21,177,202,628,216,65,15,0,187,204,negative
81,46,71,130,56,7,153,44,19,149,172,342,191,81,3,14,180,186,negative 
101,55,108,228,69,12,215,31,24,168,229,684,214,71,2,16,188,199,positive
85,33,40,115,57,3,112,61,17,119,130,184,127,86,12,21,181,183,positive
85,38,63,130,55,7,122,55,17,130,137,219,144,64,20,8,195,201,negative
85,49,44,194,63,4,191,60,18,146,184,605,130,86,0,41,203,211,positive
98,34,108,116,63,12,188,35,23,186,167,728,214,76,8,6,180,211,negative
103,34,68,120,69,11,188,37,18,168,148,395,115,69,0,0,186,203,positive
85,35,47,110,55,3,117,57,17,122,136,203,139,89,5,9,180,184,negative 
95,42,85,174,66,9,153,44,19,144,168,347,150,65,11,5,196,204,negative 
87,42,76,159,65,5,155,42,19,138,184,362,157,76,6,12,189,193,negative 
104,50,96,211,65,10,187,35,22,156,207,527,195,65,3,7,195,206,positive
98,38,105,145,74,9,122,45,25,188,204,728,141,70,0,7,179,186,negative
85,37,68,145,60,6,130,51,18,130,150,253,121,65,3,14,195,203,negative 
89,54,96,186,62,10,147,34,24,168,226,670,183,67,8,30,185,198,negative
82,54,59,194,52,9,172,39,24,129,194,664,147,59,3,4,188,197,positive
105,46,61,157,59,8,137,30,18,132,220,263,206,73,5,21,176,196,negative
96,35,79,127,62,13,155,34,23,156,184,600,150,62,9,6,189,204,negative
86,36,70,143,61,9,133,50,18,130,153,266,127,66,2,10,194,202,negative 
106,50,89,130,61,7,187,30,22,129,151,192,202,70,5,16,184,211,negative
98,49,84,219,74,7,190,34,22,154,208,558,209,74,4,7,195,195,negative 
82,37,59,134,63,7,135,51,18,128,151,264,143,82,11,24,179,185,positive
113,36,46,141,63,10,160,40,22,144,221,576,125,68,1,5,195,197,positive
94,39,75,184,72,8,155,42,19,133,175,365,145,70,4,5,192,200,negative 
86,45,70,122,56,7,148,45,19,144,170,324,186,84,9,5,180,183,negative 
91,46,101,199,65,9,196,34,23,146,219,574,199,73,5,8,186,194,negative
112,52,96,133,62,11,203,56,24,161,165,504,121,72,0,4,180,195,positive
100,44,94,183,57,6,128,35,24,121,202,721,170,75,0,22,195,184,positive
97,55,96,170,54,10,216,31,24,173,219,685,218,75,0,4,184,193,negative
100,51,109,231,70,11,220,30,25,163,238,722,206,73,11,19,189,198,negative
99,54,100,199,62,9,200,33,23,166,222,600,241,70,2,7,189,198,negative
85,42,66,120,53,7,149,45,19,145,173,325,163,85,5,4,180,182,negative 
94,37,59,218,65,12,121,35,24,136,187,293,144,71,13,41,186,195,positive
90,47,85,161,64,10,163,42,20,160,177,389,185,73,9,0,185,195,negative 
84,44,77,150,59,5,152,44,19,143,175,344,177,77,8,2,183,187,positive
89,45,81,246,102,43,155,44,20,160,200,347,177,90,9,17,183,192,negative 
96,34,110,171,74,10,114,33,25,175,204,613,135,66,7,9,182,204,negative
102,54,100,163,53,10,213,31,24,173,219,669,201,76,12,27,187,195,negative
107,38,98,234,64,10,181,39,22,158,168,307,115,66,3,17,191,184,positive
105,34,110,162,65,10,114,33,19,179,182,582,173,70,3,8,185,204,negative
107,40,110,218,61,11,114,48,23,156,188,742,164,73,5,22,195,205,negative
96,45,101,201,66,9,192,34,22,143,218,552,195,73,3,19,189,197,positive
91,45,110,142,65,10,183,31,22,170,222,192,114,61,8,15,176,211,negative
96,37,74,187,68,8,159,42,20,134,183,378,134,69,3,16,190,197,positive
99,55,101,219,68,10,224,30,25,178,228,737,213,74,11,20,187,196,negative
94,35,84,200,54,7,214,34,18,153,211,343,204,74,18,0,179,193,positive
101,38,91,174,59,10,131,34,22,152,173,544,211,69,0,10,179,193,negative
83,41,70,155,65,7,144,46,19,141,168,309,147,71,4,12,188,195,negative 
89,46,77,125,52,10,156,44,20,160,171,351,177,78,7,17,183,191,negative 
104,47,61,219,70,7,114,31,18,156,225,629,114,65,4,4,188,208,negative
94,37,72,146,60,9,133,50,18,135,161,262,128,69,2,7,192,195,negative 
91,38,76,172,61,8,167,40,20,134,196,415,145,71,0,28,189,198,negative
104,40,98,192,69,8,145,30,20,145,132,459,192,67,2,0,179,187,negative
88,34,68,122,63,7,112,35,24,131,173,668,115,70,14,18,185,207,positive
80,37,57,116,55,6,125,54,18,125,142,229,132,81,8,5,178,184,negative
96,39,64,111,48,8,134,52,18,141,160,258,139,80,7,20,183,184,negative 
112,50,104,197,58,11,208,32,24,159,223,639,186,67,15,22,191,202,positive
103,52,103,170,52,7,236,28,26,160,254,816,250,82,3,23,183,184,negative 
96,47,77,204,72,6,167,38,20,150,188,429,182,69,6,16,199,203,negative 
96,37,74,199,74,5,165,39,20,128,188,419,136,72,1,3,196,200,negative 
77,49,110,179,74,6,114,59,18,158,241,192,181,66,9,0,184,210,negative
99,46,47,148,72,5,139,46,19,133,159,319,162,68,0,29,201,206,positive
83,46,73,137,59,6,148,45,19,146,167,327,183,75,8,0,185,191,negative 
85,33,74,202,55,9,122,30,23,132,230,664,142,73,2,9,188,199,positive
108,34,98,232,61,8,129,30,18,156,161,665,159,69,2,0,183,197,negative
96,39,77,160,62,8,140,47,18,150,161,294,124,62,15,3,201,208,negative 
102,37,91,190,72,7,156,32,22,140,143,591,151,86,10,16,197,182,positive
89,42,75,140,55,6,145,46,19,139,170,312,166,71,15,26,191,198,negative
103,48,101,204,62,12,200,33,23,158,215,595,164,66,8,22,192,202,negative
98,39,68,136,56,8,131,52,18,144,159,251,134,72,4,10,186,187,negative 
84,42,76,156,64,7,151,44,19,143,179,339,157,75,0,20,187,193,negative 
108,39,97,122,59,10,131,37,19,188,229,555,127,75,0,18,176,203,negative
97,42,101,186,59,9,186,36,22,138,208,511,168,67,7,41,194,206,positive
90,48,78,134,56,11,160,43,20,167,169,366,185,76,1,14,182,192,negative 
96,41,77,177,64,5,177,36,21,134,205,485,148,74,0,4,196,198,negative 
87,43,70,169,72,7,152,44,19,145,177,341,171,76,6,12,184,187,negative 
106,53,98,193,60,10,215,31,24,169,224,681,218,73,8,21,188,197,positive
101,52,105,162,53,10,212,31,24,163,226,669,204,74,12,11,186,194,negative
86,40,66,139,59,7,122,54,17,139,145,225,143,63,7,11,202,208,negative 
86,41,66,133,56,6,136,49,18,136,155,274,162,74,5,14,183,189,positive
98,38,110,211,63,5,127,34,21,178,132,238,162,71,0,6,178,194,negative
97,40,103,232,66,9,227,41,19,168,241,459,171,69,1,12,179,210,negative
94,47,100,111,64,11,222,45,19,162,190,605,210,64,18,3,190,198,negative
77,49,92,143,66,8,153,44,18,129,215,192,235,63,17,0,182,193,negative
82,45,66,252,126,52,148,45,19,144,237,326,185,119,1,1,181,185,negative 
95,38,66,126,52,8,133,52,18,140,158,253,140,78,11,8,184,183,negative 
88,33,67,218,60,8,165,45,18,122,196,551,134,72,5,35,191,182,positive
90,37,80,171,58,9,157,42,20,132,172,373,115,60,3,18,201,209,positive
80,34,110,184,65,11,210,57,25,164,140,192,191,76,19,9,179,211,negative
94,45,100,111,65,7,171,31,20,167,132,648,250,71,0,2,182,209,negative
92,33,105,166,61,9,114,39,22,143,232,328,140,77,3,4,188,207,positive
85,40,66,121,52,4,152,44,19,133,170,340,163,87,13,3,180,183,negative
86,34,107,204,62,8,170,32,22,188,181,479,157,61,0,5,189,205,negative
100,49,80,206,70,6,183,35,21,156,206,517,198,73,3,13,198,199,negative 
116,33,100,162,63,6,140,36,25,141,130,353,175,77,0,11,192,184,positive
91,41,84,141,57,9,149,45,19,143,170,330,158,72,9,14,189,199,negative 
84,38,60,128,56,5,132,50,18,130,148,261,141,75,8,4,185,188,negative
107,48,105,220,70,6,180,31,22,160,210,336,162,70,18,0,177,201,negative
100,46,85,164,64,11,163,42,20,163,176,387,170,71,18,0,189,196,negative 
111,38,103,163,72,10,139,37,19,153,168,721,194,73,0,0,190,193,positive
95,47,108,193,62,9,157,42,24,158,179,192,173,72,0,0,188,190,negative
87,53,110,189,60,8,200,32,17,146,148,548,143,75,0,3,185,196,negative
91,45,79,176,59,9,163,40,20,148,184,404,179,62,0,10,199,208,positive
89,34,61,218,62,10,145,34,23,155,157,654,150,76,5,0,182,211,negative
103,55,103,211,65,11,212,31,24,165,229,673,249,72,5,16,188,196,negative
106,52,108,207,64,12,221,31,25,168,229,709,200,73,22,38,190,205,positive
79,43,72,141,62,8,153,44,19,144,175,344,174,78,0,8,182,188,negative 
100,53,109,133,65,10,138,30,24,167,141,192,114,85,1,20,184,201,negative
94,38,88,179,60,7,170,39,21,131,188,435,144,66,2,28,195,204,positive
108,54,103,212,65,11,208,32,24,162,228,648,240,71,9,0,189,197,positive
80,39,60,122,56,6,139,49,18,131,151,281,142,80,0,5,179,186,negative
83,44,68,144,61,8,147,45,19,143,170,325,180,74,1,1,185,191,negative 
96,33,58,121,63,9,177,38,18,148,147,652,126,75,3,20,180,199,positive
106,54,105,164,48,5,247,27,27,165,269,891,243,84,12,1,181,182,negative 
97,55,104,219,71,9,211,32,24,171,222,658,223,74,1,24,186,196,positive
110,45,104,178,69,4,180,45,23,118,205,702,168,74,1,13,190,186,positive
79,33,87,124,65,11,150,31,20,146,220,626,121,77,2,25,194,197,positive
90,44,72,157,64,8,137,48,18,144,159,283,171,65,9,4,196,203,negative 
87,45,77,153,59,7,154,44,19,145,181,350,172,75,15,14,184,189,negative
96,40,52,207,64,7,199,32,18,118,139,342,167,72,3,4,188,193,positive
103,45,110,210,58,5,216,46,18,155,185,598,128,70,6,13,186,199,negative
94,45,72,179,69,6,156,41,19,144,181,373,191,69,5,5,193,198,negative 
102,54,101,190,58,10,222,30,25,171,224,728,203,71,13,6,189,198,negative
101,37,110,130,67,10,114,34,19,153,200,514,114,73,2,0,181,211,negative
78,46,93,192,72,4,217,48,25,148,181,588,225,73,8,22,185,211,positive
94,49,82,137,56,10,159,43,20,160,176,367,186,76,10,7,183,192,negative 
91,48,54,219,68,11,219,30,17,125,163,270,132,74,0,9,186,188,positive
103,46,106,209,66,10,203,33,23,149,217,612,210,70,9,10,191,199,positive
91,34,101,124,61,10,204,30,20,187,200,480,116,61,0,15,176,210,negative
89,35,99,150,72,9,182,34,19,172,152,490,125,77,1,35,185,211,positive
88,41,80,147,62,8,146,45,19,144,169,318,161,71,4,16,188,197,negative 
98,35,70,182,68,5,155,41,19,124,184,371,117,71,3,22,202,205,negative 
88,50,45,216,72,10,206,32,21,165,232,721,223,60,4,11,186,198,positive
107,33,85,234,69,6,222,61,18,118,232,362,185,66,16,1,191,203,positive
94,41,97,205,65,9,152,61,17,132,152,243,136,77,0,41,192,185,positive
103,42,81,190,53,11,181,30,23,172,224,284,195,68,8,0,178,194,negative
88,44,71,165,70,7,144,46,19,141,167,312,172,71,4,4,188,193,negative 
104,50,106,209,66,10,207,32,23,158,223,635,220,73,14,9,188,196,positive
93,37,76,183,63,8,164,40,20,134,191,405,139,67,4,7,192,197,positive
105,50,93,173,54,4,222,30,25,159,254,735,206,83,4,12,186,184,negative 
90,34,110,195,61,11,114,30,25,181,225,680,224,72,1,8,184,205,negative
99,37,99,125,57,8,114,36,25,184,160,688,179,70,0,0,177,208,negative
104,55,100,201,66,10,214,31,24,173,224,680,221,74,1,1,185,194,positive
106,53,98,154,47,4,237,28,26,164,263,838,222,82,4,17,185,184,negative 
93,39,63,146,58,7,128,52,18,134,149,246,158,63,9,7,198,204,positive
90,35,104,148,60,8,160,31,25,163,156,406,139,74,6,8,179,206,positive
73,36,107,121,65,6,121,30,24,183,152,706,197,74,5,14,182,210,negative
98,50,81,172,62,10,182,30,21,149,202,614,206,61,12,0,185,211,negative
92,46,79,176,64,8,162,41,20,149,183,396,178,67,2,10,191,198,negative
94,50,84,138,57,10,156,44,20,170,171,351,187,77,5,6,182,191,negative 
115,52,100,203,62,10,217,31,24,165,229,697,214,72,14,4,188,197,positive
78,41,60,134,53,5,112,36,25,128,177,321,127,70,18,19,194,196,positive
101,56,104,185,53,6,257,26,28,168,275,956,230,83,5,26,180,184,negative 
100,34,96,159,67,9,114,53,24,150,207,460,114,70,3,17,176,193,negative
104,49,57,179,62,10,208,32,20,171,172,567,214,68,9,8,188,199,positive
92,34,107,120,62,5,167,45,25,144,217,192,114,87,6,2,182,199,negative
90,38,88,160,62,9,210,41,18,157,203,248,121,75,0,16,191,201,positive
90,39,85,160,59,7,163,41,20,131,189,396,158,71,7,13,186,192,positive
92,43,106,170,72,8,219,35,19,146,130,430,120,66,9,9,192,202,positive
87,35,76,232,70,7,166,33,21,130,203,184,150,66,0,41,189,211,positive
111,54,103,171,50,11,221,30,25,172,227,727,201,69,15,6,190,198,negative
110,56,103,223,64,5,250,26,27,169,280,928,239,85,4,6,184,183,negative 
107,55,103,167,49,7,252,27,28,172,269,904,239,83,5,30,179,186,negative 
92,33,96,160,61,3,153,56,20,121,130,556,115,76,3,16,188,194,positive
78,36,51,116,56,4,120,57,17,124,135,209,135,84,1,12,177,184,negative
86,45,73,152,63,6,149,44,19,145,170,335,176,71,6,1,189,196,negative 
89,35,52,121,57,4,122,55,17,125,139,220,128,82,5,13,181,184,positive
86,44,78,164,68,9,142,46,18,147,168,305,171,70,1,11,190,201,negative 
98,48,101,203,65,9,197,33,23,152,216,584,174,68,2,5,189,197,positive
107,57,102,184,55,7,234,28,26,171,243,822,229,77,7,11,187,187,negative 
87,42,81,148,57,5,210,35,20,163,232,570,141,77,8,6,184,194,positive
107,33,44,187,67,4,203,34,24,157,189,451,183,72,1,15,188,199,positive
74,47,110,111,56,7,114,30,24,126,155,445,154,67,9,21,185,210,negative
106,37,105,195,63,10,151,31,23,162,140,192,177,68,0,10,187,211,negative
88,48,90,178,60,8,175,38,21,152,200,460,198,68,13,16,192,199,positive
88,48,78,114,64,9,222,33,22,174,224,546,140,61,0,12,195,204,positive
88,34,69,152,57,5,138,48,18,122,158,284,120,62,9,29,204,210,negative
89,44,70,137,58,6,136,49,18,146,168,273,166,78,10,3,186,187,negative 
87,38,71,123,53,8,137,49,18,127,158,277,145,75,0,9,181,186,positive
95,47,73,195,70,7,167,38,20,152,184,430,185,69,9,19,200,206,negative 
79,53,57,152,61,8,206,49,19,145,198,457,156,66,0,41,201,191,positive
102,51,108,193,57,10,212,31,24,162,219,663,184,66,7,21,191,201,negative
102,34,68,168,68,9,148,40,21,132,181,184,164,86,20,6,188,211,positive
85,33,103,144,62,8,154,39,20,174,211,711,178,66,20,36,190,211,positive
86,38,86,175,60,9,170,39,21,134,191,433,138,68,1,28,191,199,positive
104,55,105,223,70,10,223,30,25,177,237,737,218,75,14,11,188,196,negative
107,54,96,201,62,12,218,31,24,170,221,694,217,71,2,21,187,198,positive
107,56,105,202,61,11,221,30,25,179,234,725,212,72,15,1,189,196,negative
96,59,90,140,74,10,114,31,22,181,207,714,152,72,10,21,176,201,negative
85,42,70,130,56,7,150,45,19,145,177,328,172,82,10,14,181,185,negative 
104,55,107,222,68,11,218,31,24,173,232,703,229,71,3,10,188,199,positive
97,48,94,198,63,9,181,36,21,155,200,494,189,64,20,11,199,203,negative
93,35,78,162,60,8,150,45,19,125,172,331,137,67,2,33,191,198,negative
89,37,54,119,53,5,134,50,18,127,151,266,146,79,16,14,184,185,positive
92,39,91,191,62,8,176,37,21,137,196,466,151,67,3,23,192,200,negative
93,44,105,197,60,13,206,54,22,177,181,625,151,73,6,0,191,211,negative
90,34,107,232,59,7,209,30,24,120,140,643,125,74,16,1,176,210,negative
109,40,109,207,58,11,134,36,24,163,209,721,161,72,2,6,179,203,positive
90,39,88,144,66,7,185,49,22,118,207,721,168,72,14,31,185,199,positive
73,40,80,144,71,12,168,30,25,180,181,192,182,71,5,0,191,208,negative
101,37,91,190,51,7,222,33,23,172,180,314,123,74,4,8,187,197,positive
103,40,66,212,52,9,167,41,20,118,228,421,165,67,2,2,181,183,positive
91,42,81,193,69,5,169,38,20,137,184,434,156,68,3,23,198,204,negative 
89,36,77,172,62,8,157,42,19,125,174,367,126,63,5,22,198,205,negative
85,40,72,139,59,5,132,50,18,135,159,260,150,68,3,9,191,195,positive
108,53,104,181,56,11,220,31,25,167,226,712,214,72,15,18,189,199,positive
92,52,93,204,67,9,189,35,22,161,214,536,240,72,2,5,188,195,negative
106,49,107,194,57,11,214,31,24,161,224,670,172,67,0,39,192,206,negative
85,45,82,133,56,11,159,43,20,156,170,362,173,76,10,21,183,193,negative 
80,45,71,128,56,7,151,45,19,147,171,337,176,79,3,16,181,187,negative 
87,46,71,159,66,6,151,44,19,146,175,343,189,73,2,0,186,190,negative 
91,34,100,232,73,8,114,33,24,151,191,289,231,65,1,14,178,199,negative
83,46,71,156,70,6,151,44,19,147,174,338,198,80,3,11,181,186,negative 
90,34,66,136,55,6,123,54,17,118,148,224,118,65,5,26,196,202,positive
84,43,76,180,75,7,155,43,19,143,180,359,173,77,5,12,185,190,negative 
86,41,64,148,61,5,150,45,19,138,165,333,173,80,5,8,182,185,positive
86,40,62,140,62,7,150,45,19,133,165,330,173,82,2,3,180,185,positive
93,33,97,201,57,7,222,33,19,165,174,295,182,75,8,34,191,205,positive
105,38,96,201,65,8,213,44,22,152,220,717,115,67,6,20,194,206,positive
110,46,100,197,61,9,193,34,22,149,209,561,160,65,11,7,194,203,positive
93,49,79,180,65,7,173,37,21,158,189,463,194,70,5,10,197,202,negative 
84,47,75,153,64,6,154,43,19,145,175,354,184,75,0,3,185,192,negative 
86,40,66,138,59,4,137,49,18,133,162,279,151,74,6,14,186,190,positive
104,54,100,186,61,10,216,31,24,173,225,686,220,74,5,11,185,195,positive
87,36,53,117,58,4,118,57,17,125,138,205,138,85,9,15,180,183,negative 
98,55,101,219,69,11,225,30,25,178,231,748,216,74,6,14,187,195,negative
81,43,68,139,62,7,149,46,19,145,172,323,171,83,1,14,180,184,negative 
98,45,76,166,60,7,157,42,20,148,184,371,186,69,13,10,190,196,negative
101,49,103,212,67,10,201,33,23,156,215,601,174,69,4,11,189,196,negative
86,39,58,125,55,5,117,57,17,134,140,204,148,69,7,6,190,194,negative 
109,40,40,213,65,8,149,38,24,177,161,352,115,70,3,17,193,193,positive
88,35,60,143,59,7,128,52,18,129,147,246,109,62,1,6,202,209,negative 
80,47,110,194,62,11,149,30,24,142,208,683,181,72,4,7,193,194,negative
82,36,54,117,53,7,125,54,18,126,146,229,128,78,1,5,180,184,positive
104,52,96,188,59,9,188,35,22,161,206,530,205,67,11,8,193,200,negative
88,42,66,133,57,6,123,54,17,144,147,227,160,66,8,4,193,198,negative 
107,50,93,146,68,11,219,49,18,172,147,731,192,74,0,7,181,195,negative
89,44,70,158,64,6,141,47,18,143,164,299,173,66,9,11,193,199,negative 
90,42,63,126,55,7,152,45,19,142,173,336,173,81,0,15,180,184,negative 
99,33,100,174,66,7,146,30,20,140,232,399,122,76,18,17,184,198,positive
88,37,63,130,58,5,125,54,18,130,141,230,145,74,14,20,184,188,positive
87,36,70,163,72,9,141,31,18,168,230,516,115,71,2,4,188,202,positive
92,46,83,154,56,6,160,41,20,148,185,382,184,71,10,5,186,191,positive
102,35,102,118,57,8,227,30,20,175,212,701,179,64,8,9,188,210,negative
99,48,107,212,57,7,119,31,21,175,180,434,148,66,0,13,187,211,negative
99,47,91,226,74,5,202,32,23,148,234,629,186,79,4,11,192,191,negative 
81,43,68,125,57,8,149,46,19,146,169,323,172,83,6,18,179,184,negative 
85,39,77,151,59,8,150,45,19,134,176,331,133,73,0,16,184,193,negative
96,40,100,178,58,8,181,37,21,134,205,486,160,68,5,34,192,202,positive
103,35,96,111,56,7,114,34,25,140,132,537,189,71,5,14,181,195,negative
96,49,98,187,59,6,213,31,24,152,228,680,210,77,8,28,188,189,negative 
85,38,72,130,53,9,134,51,18,132,145,261,123,65,1,24,188,198,negative
108,49,109,204,61,11,212,31,24,159,229,665,215,71,16,11,190,199,positive
77,38,75,144,59,6,147,46,19,132,167,315,136,80,16,20,181,187,negative
86,43,61,119,53,8,150,46,19,144,169,326,172,85,8,8,179,182,negative 
99,41,77,197,69,6,177,36,21,139,202,485,151,72,4,10,198,199,negative 
82,43,70,250,105,55,139,48,18,145,231,289,172,99,4,9,190,199,negative 
81,33,42,174,58,4,186,40,23,134,157,721,227,72,0,33,185,191,positive
78,38,63,115,51,6,142,47,19,130,162,299,146,77,2,4,181,185,positive
113,57,109,194,56,6,260,26,28,175,288,982,261,85,11,21,182,183,negative 
101,53,108,184,54,12,216,31,24,172,220,685,187,68,4,24,190,201,negative
82,44,72,118,52,7,152,44,19,147,174,340,177,82,2,2,180,185,negative 
100,33,58,135,53,6,216,39,19,145,210,360,162,76,12,27,183,187,positive
88,44,71,145,56,8,142,48,19,143,159,296,174,68,7,18,188,197,negative
93,42,98,192,63,9,185,36,22,138,206,508,173,70,10,21,189,197,positive
95,50,99,111,57,7,153,31,22,157,180,497,165,66,15,3,202,211,negative
117,33,40,190,71,8,222,30,23,153,133,644,128,72,0,13,188,189,positive
102,34,110,185,72,10,114,34,18,181,141,458,170,68,17,5,190,211,negative
106,54,100,227,67,4,250,27,27,162,280,923,262,88,5,11,182,182,negative 
80,35,103,184,61,7,178,30,21,138,213,544,186,65,7,4,176,207,negative
89,34,94,193,65,8,166,33,20,120,217,398,226,78,4,40,191,201,positive
104,53,101,190,63,10,213,32,24,166,218,664,202,74,13,21,188,198,positive
103,57,110,111,56,9,159,35,18,153,241,755,134,61,5,4,178,207,negative
97,45,76,175,60,9,157,42,20,149,180,370,169,63,16,12,198,206,positive
104,55,109,230,67,12,218,30,24,174,230,706,226,67,8,22,191,202,negative
99,33,90,218,67,10,177,33,25,133,142,487,119,75,15,0,194,201,positive
88,44,70,151,61,8,143,46,18,143,163,311,173,68,7,8,196,203,negative 
88,37,51,105,52,5,119,57,17,128,135,207,125,86,8,16,179,183,negative 
91,38,75,136,53,6,144,47,19,131,165,305,149,69,1,7,186,191,positive
90,49,85,141,57,11,159,43,20,167,173,365,186,75,1,11,182,192,negative 
96,44,108,146,68,12,142,31,19,155,241,701,200,67,16,0,190,205,negative
119,54,106,220,65,12,213,31,24,167,223,675,232,66,20,1,192,202,positive
93,45,73,164,59,7,159,42,20,146,182,379,188,65,11,15,195,201,negative
80,44,68,120,53,8,151,45,19,146,170,333,190,80,4,16,180,185,negative 
79,40,80,133,55,7,147,47,19,135,172,311,144,76,8,30,181,193,negative
84,44,80,140,58,11,156,44,20,157,166,349,176,74,5,17,183,193,negative 
101,55,105,182,59,10,215,31,24,177,221,678,223,74,12,26,186,195,negative
82,45,68,139,64,6,147,46,19,143,169,320,184,80,0,1,181,184,negative 
100,50,98,204,63,6,218,30,24,156,232,719,213,77,8,7,189,189,negative 
101,51,98,194,60,10,195,34,22,161,219,572,219,67,0,10,192,201,positive
93,42,64,158,68,9,134,49,18,142,163,268,170,71,7,13,192,201,negative 
109,59,110,199,67,9,132,32,18,164,152,682,114,74,0,0,186,199,negative
107,34,74,232,74,7,208,50,22,155,143,192,172,75,12,19,195,198,negative
94,46,79,181,62,8,167,40,20,148,190,418,193,67,12,15,191,198,negative
94,40,98,123,58,9,127,30,25,124,228,192,136,69,18,30,176,199,negative
