84,39,99,176,69,10,200,30,23,148,194,617,138,69,5,39,186,199,negative
97,43,89,202,67,10,195,30,25,119,198,483,176,68,9,39,189,188,negative
90,56,106,120,60,7,181,37,22,177,230,591,217,73,11,10,185,205,positive
86,46,73,125,57,6,151,45,19,147,170,334,188,82,9,11,180,184,negative 
73,57,89,110,72,4,227,33,19,151,198,632,126,72,0,39,181,198,negative
89,35,52,121,57,4,122,55,17,125,139,220,128,82,5,13,181,184,positive
93,43,78,166,59,7,151,44,19,141,182,342,174,68,15,2,193,197,negative
89,36,69,162,63,6,140,48,18,131,164,291,126,66,1,38,193,204,positive
77,48,95,206,71,9,206,31,25,154,166,417,138,70,2,13,194,195,negative
82,41,88,191,62,6,138,30,18,145,193,757,114,76,3,17,188,185,negative
100,52,104,189,59,10,208,32,24,163,220,642,197,70,1,22,187,198,positive
103,50,98,212,63,9,193,34,22,161,214,567,185,64,5,5,198,204,negative
93,54,45,225,67,7,227,42,25,119,148,664,159,65,7,36,178,202,negative
85,40,66,136,58,6,142,48,19,137,164,295,164,77,2,22,182,186,positive
97,45,88,173,67,10,157,43,20,157,173,365,157,67,8,12,192,200,negative 
90,34,66,136,55,6,123,54,17,118,148,224,118,65,5,26,196,202,positive
96,39,77,160,62,8,140,47,18,150,161,294,124,62,15,3,201,208,negative 
105,51,80,207,71,6,195,33,22,159,214,579,188,75,6,20,194,194,negative 
95,56,75,166,70,12,188,34,19,170,230,579,176,71,0,20,179,188,positive
80,43,68,123,53,7,150,46,19,147,169,327,176,81,7,14,179,184,negative 
88,42,77,151,58,8,140,47,18,142,165,293,158,64,10,11,198,205,positive
80,37,57,116,55,6,125,54,18,125,142,229,132,81,8,5,178,184,negative
100,55,101,189,57,10,222,30,25,177,225,731,211,71,7,17,188,197,negative
95,46,104,208,66,9,191,35,22,148,210,543,169,68,0,28,190,200,positive
90,36,74,171,60,8,157,42,19,128,177,367,123,61,6,21,197,204,positive
96,46,74,202,74,5,163,39,20,149,185,408,191,70,7,8,196,200,negative 
91,42,66,142,58,9,134,50,18,142,163,268,164,69,6,5,191,197,negative 
89,41,84,141,58,9,149,45,19,145,172,330,162,72,4,18,188,200,negative 
85,39,57,126,56,6,114,58,17,135,134,195,145,64,17,7,197,202,negative 
85,43,66,123,56,6,148,46,19,145,166,319,171,85,6,11,179,182,negative 
106,48,107,202,61,10,207,32,24,153,227,635,200,70,5,28,190,203,positive
102,54,98,177,56,10,219,31,25,171,219,706,223,72,5,17,186,196,negative
107,54,108,228,68,12,218,31,25,170,223,700,224,67,13,25,190,204,positive
89,37,57,164,67,10,112,59,19,133,182,716,178,79,0,40,191,208,positive
78,39,83,176,59,7,171,39,19,144,137,218,185,72,7,9,186,186,positive
96,47,77,204,72,6,167,38,20,150,188,429,182,69,6,16,199,203,negative 
88,38,58,137,60,5,148,46,19,131,163,319,157,86,12,0,180,183,positive
85,35,47,110,55,3,117,57,17,122,136,203,139,89,5,9,180,184,negative 
96,55,103,201,65,9,204,32,23,166,227,624,246,74,6,2,186,194,negative
94,45,81,166,67,9,145,46,19,147,164,313,179,66,11,14,194,202,negative 
85,39,77,151,59,8,150,45,19,134,176,331,133,73,0,16,184,193,negative
86,38,86,175,60,9,170,39,21,134,191,433,138,68,1,28,191,199,positive
90,59,64,182,66,4,193,30,24,173,131,414,157,61,5,39,185,187,negative
76,51,61,160,65,5,179,33,21,140,226,287,207,61,8,17,199,191,negative
77,58,81,189,74,10,199,31,17,134,169,757,214,67,5,17,190,183,negative
97,41,92,197,63,10,179,37,21,140,197,481,136,63,4,3,197,204,negative
106,55,98,224,68,11,215,31,24,170,222,679,214,68,2,29,189,201,negative
91,39,77,153,59,8,139,48,18,139,159,289,123,62,8,17,201,209,negative 
80,44,68,135,59,8,150,45,19,145,170,329,173,80,7,12,180,185,negative 
92,45,76,162,57,7,159,41,20,147,184,381,177,69,8,10,190,195,positive
85,50,80,155,64,3,201,35,21,174,213,270,213,70,4,40,188,191,positive
107,52,103,186,57,11,214,31,24,162,217,676,189,66,6,5,189,198,negative
90,36,78,179,64,8,157,42,19,126,182,367,142,66,1,20,192,198,negative
90,42,63,126,55,7,152,45,19,142,173,336,173,81,0,15,180,184,negative 
90,55,86,168,62,10,189,30,18,172,216,588,168,69,6,7,201,190,negative
82,36,54,117,53,7,125,54,18,126,146,229,128,78,1,5,180,184,positive
110,53,104,223,66,10,211,32,24,164,223,659,210,67,5,16,190,203,positive
107,53,108,211,63,11,219,31,25,168,228,704,198,69,10,21,190,203,positive
78,45,110,144,70,11,205,52,21,118,197,201,225,86,6,35,191,185,positive
87,33,109,140,56,7,190,51,23,163,167,184,148,64,0,12,180,195,positive
82,45,66,252,126,52,148,45,19,144,237,326,185,119,1,1,181,185,negative 
98,47,109,202,59,11,199,34,23,154,207,586,165,61,1,33,194,208,positive
101,53,91,194,65,6,204,32,23,161,231,636,214,78,5,14,192,192,negative 
82,43,71,154,68,7,150,45,19,143,171,330,173,78,7,11,181,186,negative 
97,46,101,210,66,8,192,35,22,151,208,546,169,66,1,32,191,200,negative
90,47,85,149,60,10,155,43,19,155,179,355,186,75,1,5,185,196,negative 
102,54,100,163,53,10,213,31,24,173,219,669,201,76,12,27,187,195,negative
78,56,97,177,66,5,164,33,18,171,203,570,220,63,9,8,192,182,positive
93,48,84,150,63,11,156,44,20,165,171,354,188,73,8,15,185,195,negative 
92,53,61,104,65,4,154,61,24,155,227,462,142,77,15,40,183,196,positive
109,52,104,199,60,12,215,31,24,162,220,691,212,67,11,7,189,199,positive
89,35,70,138,58,7,126,53,17,128,147,237,112,64,4,19,199,207,negative 
81,42,94,164,65,7,145,52,23,161,219,721,185,65,2,21,187,203,positive
103,48,96,232,71,10,205,32,23,153,226,633,197,71,2,15,188,196,negative
101,52,105,162,53,10,212,31,24,163,226,669,204,74,12,11,186,194,negative
78,51,46,166,56,7,128,60,18,145,222,703,211,68,2,34,189,189,positive
96,51,92,166,70,5,207,30,21,188,209,303,147,73,2,6,192,191,negative
90,47,85,161,64,10,163,42,20,160,177,389,185,73,9,0,185,195,negative 
96,40,70,120,50,8,137,50,18,141,162,269,139,80,10,13,183,183,negative 
87,40,81,162,68,10,146,46,19,139,167,317,157,70,0,13,189,199,negative 
96,46,88,160,64,9,151,44,19,148,173,339,182,70,15,11,192,199,negative 
94,59,71,209,68,11,227,32,20,165,228,306,137,78,0,37,184,196,negative
92,54,92,228,69,11,177,50,18,147,221,653,189,86,8,21,197,182,positive
109,55,96,191,57,6,241,28,26,170,267,857,242,85,8,9,184,184,negative 
75,40,73,110,59,5,227,51,25,139,234,726,117,62,9,39,187,211,negative
80,57,91,171,65,9,208,30,23,166,151,191,162,68,0,32,176,198,negative
82,38,53,125,59,5,133,51,18,128,152,259,146,87,0,0,177,183,negative
91,36,83,162,61,8,142,47,19,128,163,298,137,63,0,31,193,200,positive
91,41,66,131,56,9,126,53,18,144,159,237,155,72,3,10,191,194,negative 
106,53,98,203,63,11,220,30,25,167,228,710,214,71,10,24,188,197,negative
91,39,88,189,63,9,175,38,21,132,197,457,156,69,0,23,191,198,positive
88,44,84,135,55,12,155,44,20,158,176,351,164,75,7,11,183,195,negative 
92,36,78,165,57,8,153,43,19,128,169,349,124,60,4,19,203,211,positive
105,51,93,160,51,7,217,30,24,165,240,703,208,81,9,25,188,188,negative 
100,50,98,204,63,6,218,30,24,156,232,719,213,77,8,7,189,189,negative 
82,44,72,136,61,7,147,46,19,143,173,317,183,81,6,17,181,185,negative 
91,34,52,127,63,10,209,30,25,159,197,630,193,66,9,16,185,193,negative
94,49,79,203,71,5,174,37,21,154,196,465,206,71,6,2,197,199,negative 
93,47,84,205,71,7,176,36,21,152,190,476,201,70,7,19,198,201,negative 
82,43,73,158,68,7,151,44,19,145,181,337,173,80,2,17,183,188,negative 
78,50,73,104,57,11,156,35,19,121,215,184,179,68,4,16,189,197,positive
98,55,101,219,69,11,225,30,25,178,231,748,216,74,6,14,187,195,negative
84,42,76,156,64,7,151,44,19,143,179,339,157,75,0,20,187,193,negative 
73,46,99,213,62,4,177,46,20,159,201,191,207,67,6,9,185,203,negative
91,38,75,136,53,6,144,47,19,131,165,305,149,69,1,7,186,191,positive
75,49,47,161,71,8,227,34,24,188,191,703,153,61,3,8,184,192,negative
77,46,89,212,67,9,170,30,18,149,131,380,172,68,5,16,197,195,negative
91,39,83,170,60,8,172,38,21,134,197,445,152,72,0,10,188,194,positive
97,35,93,167,68,8,219,54,18,149,202,307,158,70,0,40,191,206,positive
85,40,75,137,56,7,152,44,19,134,173,339,160,76,7,16,182,187,positive
95,48,104,214,67,9,205,32,23,151,227,628,202,74,5,9,186,193,negative
92,56,78,211,68,6,112,56,18,128,233,389,141,72,22,8,186,195,positive
86,43,68,150,64,9,138,48,18,143,161,285,174,69,6,0,192,201,negative 
86,43,68,152,62,7,150,44,19,142,179,337,164,75,4,9,188,192,negative 
104,49,89,168,54,4,212,31,24,153,238,682,198,78,1,23,190,189,negative 
94,48,83,162,64,10,156,43,19,153,177,357,187,74,4,14,185,196,negative 
108,56,103,234,73,10,221,30,25,174,232,718,214,73,8,3,187,197,positive
94,44,70,186,72,8,153,42,19,144,171,361,178,67,7,2,199,206,negative 
85,36,78,149,55,7,147,45,19,128,168,321,134,64,10,24,197,203,negative
96,36,74,183,70,6,149,43,19,127,178,341,127,69,0,17,201,205,negative 
98,48,101,203,65,9,197,33,23,152,216,584,174,68,2,5,189,197,positive
85,34,53,127,58,6,116,58,17,121,137,197,127,70,3,20,185,189,positive
92,45,74,187,74,7,157,41,19,143,179,375,183,70,8,6,195,201,negative 
103,54,59,104,62,4,128,55,20,151,230,546,202,74,5,40,195,185,positive
91,43,70,133,55,8,130,51,18,146,159,253,156,70,1,8,190,194,negative 
108,53,104,181,56,11,220,31,25,167,226,712,214,72,15,18,189,199,positive
78,56,73,162,66,9,130,50,23,118,190,519,163,59,5,7,179,194,positive
91,43,72,142,56,7,149,45,19,140,168,327,165,72,13,23,186,191,positive
91,54,88,167,66,7,227,35,18,154,182,230,141,71,8,4,196,194,negative
99,52,104,177,55,10,210,32,24,166,219,657,215,73,3,2,187,194,negative
86,44,103,157,67,8,199,59,24,148,148,577,172,70,0,19,191,195,positive
91,36,77,157,56,7,155,42,19,126,177,361,123,65,8,15,195,201,positive
85,40,72,139,59,5,132,50,18,135,159,260,150,68,3,9,191,195,positive
93,42,70,131,56,7,127,53,18,145,156,240,152,74,5,4,189,190,negative 
104,53,101,199,65,11,213,31,24,168,216,667,221,72,12,12,187,198,positive
74,59,54,220,56,3,210,50,24,122,214,216,114,65,17,37,187,191,negative
104,52,110,172,53,10,219,30,25,166,235,711,218,74,10,28,188,198,negative
88,35,60,143,59,7,128,52,18,129,147,246,109,62,1,6,202,209,negative 
104,51,105,168,54,10,208,32,24,162,220,641,221,72,9,20,187,197,positive
89,45,85,149,59,11,158,43,20,158,177,362,173,75,12,16,183,193,negative 
107,56,65,123,70,7,163,50,18,159,156,495,161,75,0,40,186,202,positive
81,42,63,125,55,8,149,46,19,145,166,320,172,86,7,7,179,182,negative 
86,41,66,129,55,7,135,50,18,136,154,266,165,74,3,4,180,187,negative
94,37,73,186,71,7,154,42,19,127,171,362,132,67,2,8,197,206,negative 
91,40,98,192,64,9,177,38,21,135,194,465,165,66,9,35,195,205,positive
78,53,111,156,63,8,194,36,21,155,235,184,157,76,4,21,191,206,positive
73,51,96,147,71,9,192,30,19,159,170,570,135,68,0,37,184,194,negative
98,59,110,218,53,11,210,30,22,156,172,757,115,66,8,39,181,190,negative
89,46,77,125,52,10,156,44,20,160,171,351,177,78,7,17,183,191,negative 
87,57,79,176,59,4,222,30,21,188,204,395,118,61,6,14,188,189,negative
98,39,103,190,55,8,227,30,24,188,217,757,179,61,10,39,185,190,negative
78,42,104,120,62,8,112,36,19,126,235,208,166,68,0,21,191,197,positive
82,43,73,154,65,7,151,44,19,143,178,341,160,76,5,11,185,189,negative 
89,46,74,135,59,9,157,44,20,158,170,356,177,79,12,3,184,191,negative 
100,49,96,206,63,9,186,35,22,156,202,519,176,62,3,5,197,205,negative
110,59,95,147,73,9,200,35,22,152,166,553,133,67,1,39,186,199,negative
92,40,62,144,59,8,127,52,17,139,149,241,150,62,13,1,204,210,negative 
95,52,83,165,60,3,215,35,20,122,206,554,171,64,22,38,188,192,negative
100,54,92,153,50,5,210,33,22,136,224,300,195,70,22,23,176,183,negative
105,53,108,206,63,12,222,31,25,168,226,712,201,71,15,35,189,203,positive
111,58,105,183,51,6,265,26,29,174,285,1018,255,85,4,8,181,183,negative 
92,37,86,167,60,7,158,42,20,131,181,373,144,68,9,21,190,196,positive
96,57,92,150,60,5,227,35,17,150,136,514,207,61,7,33,176,183,negative
89,40,69,147,58,6,132,50,18,137,155,260,151,61,16,6,203,209,negative
75,54,88,209,60,11,227,35,22,179,203,191,159,70,8,39,191,192,negative
109,54,103,205,63,11,222,30,25,175,229,720,213,71,6,14,187,200,positive
88,36,53,113,57,3,118,57,17,128,137,204,136,88,7,14,180,183,negative 
102,53,101,238,72,4,238,28,26,163,267,844,242,85,7,22,184,184,negative 
103,55,100,194,62,11,212,31,24,175,217,666,219,73,10,14,187,194,negative
90,39,89,181,62,8,175,38,21,132,200,458,154,70,11,15,189,195,positive
100,46,85,164,64,11,163,42,20,163,176,387,170,71,18,0,189,196,negative 
99,56,78,153,60,7,144,47,23,170,235,550,148,72,0,12,181,185,positive
87,43,70,169,72,7,152,44,19,145,177,341,171,76,6,12,184,187,negative 
89,37,54,119,53,5,134,50,18,127,151,266,146,79,16,14,184,185,positive
90,41,78,145,55,7,138,48,18,138,161,284,158,67,0,1,192,197,negative
99,38,74,184,66,6,164,39,20,131,193,414,137,71,2,22,200,202,negative 
90,43,68,169,68,11,116,34,23,177,211,550,219,76,14,15,186,194,positive
89,44,68,113,50,7,150,45,19,147,171,328,189,88,6,5,179,182,negative 
85,39,68,119,52,5,128,53,18,135,148,241,142,75,8,8,182,187,negative 
89,36,69,142,57,7,135,50,18,126,154,266,128,66,3,36,193,203,negative
87,44,70,179,75,6,146,45,19,141,167,326,178,69,6,1,194,201,negative 
92,38,60,130,62,5,114,58,17,132,135,194,137,72,14,5,190,194,negative 
98,48,101,195,61,11,207,31,23,152,227,650,193,71,5,7,189,196,negative
93,46,85,169,66,9,151,44,19,147,169,339,179,67,0,4,195,204,negative 
82,53,99,163,73,10,227,30,22,168,220,571,149,70,1,34,184,194,negative
96,56,78,130,68,10,197,45,22,139,217,268,217,82,3,35,181,193,positive
84,43,70,123,54,8,151,45,19,146,173,332,176,81,1,12,181,184,negative 
89,56,77,151,65,4,120,61,19,145,162,368,143,67,9,9,188,208,positive
107,57,106,172,50,6,255,26,28,169,280,957,264,85,5,9,181,183,negative 
83,46,68,139,59,6,150,44,19,146,172,336,183,74,5,3,185,191,negative 
87,41,66,140,58,6,148,46,19,136,164,318,178,79,19,2,181,185,positive
74,46,60,173,65,6,185,30,24,155,182,467,151,67,15,27,176,199,negative
100,33,64,174,57,9,172,36,22,151,235,191,171,77,15,8,183,193,positive
73,37,53,111,54,6,126,55,18,128,135,227,147,82,1,15,176,184,negative
98,58,101,208,65,12,226,30,25,182,225,748,216,71,6,1,185,196,negative
88,44,71,165,70,7,144,46,19,141,167,312,172,71,4,4,188,193,negative 
87,37,52,116,54,6,115,58,17,126,135,196,144,74,11,22,186,190,negative 
89,40,77,159,65,9,144,46,19,141,168,314,143,70,0,5,190,200,negative 
73,35,99,230,61,7,184,41,23,161,197,508,147,71,0,14,206,201,negative
94,37,72,146,60,9,133,50,18,135,161,262,128,69,2,7,192,195,negative 
93,49,79,180,65,7,173,37,21,158,189,463,194,70,5,10,197,202,negative 
87,42,60,116,51,6,150,46,19,141,169,324,171,85,2,14,178,182,negative 
88,42,66,133,57,6,123,54,17,144,147,227,160,66,8,4,193,198,negative 
78,53,51,161,60,6,206,56,18,186,214,420,114,65,4,18,189,194,negative
81,46,71,130,56,7,153,44,19,149,172,342,191,81,3,14,180,186,negative 
99,51,88,188,62,5,203,32,23,158,222,625,219,77,8,26,191,190,negative 
95,52,64,117,67,9,192,30,23,180,225,561,197,68,4,17,185,183,negative
92,41,77,104,64,11,218,55,25,166,161,260,187,59,4,40,192,187,positive
82,38,95,151,63,6,152,48,23,118,210,589,117,73,15,29,194,196,positive
102,51,104,217,67,10,204,32,23,162,220,621,195,68,3,19,188,197,positive
83,44,82,188,63,10,112,51,17,158,232,563,183,69,9,12,187,205,positive
77,52,97,110,74,8,201,30,24,137,158,401,187,70,19,35,180,201,negative
84,39,90,180,60,7,177,37,21,131,209,469,145,71,4,38,190,198,negative
111,53,67,110,61,8,223,38,24,188,131,411,177,63,4,15,186,192,negative
78,41,99,180,56,11,149,35,23,149,229,208,136,76,7,18,186,191,positive
93,55,65,112,62,5,195,31,18,131,235,757,205,61,3,39,191,193,negative
91,41,93,197,65,9,183,36,21,137,202,504,153,66,11,24,193,200,negative
115,52,100,203,62,10,217,31,24,165,229,697,214,72,14,4,188,197,positive
85,45,71,150,63,8,143,46,19,147,171,307,179,72,2,3,187,196,negative 
94,45,85,160,63,10,158,43,20,157,174,367,162,68,1,6,189,199,negative 
90,46,80,143,62,11,159,43,20,156,169,366,186,74,17,7,185,193,negative 
100,36,73,199,73,6,162,40,20,127,189,401,125,72,6,19,200,204,negative 
103,49,100,194,60,10,185,35,22,160,202,518,178,62,13,8,198,208,positive
99,41,77,197,69,6,177,36,21,139,202,485,151,72,4,10,198,199,negative 
98,51,90,190,61,5,223,30,22,136,225,757,225,68,0,12,187,200,negative
106,52,64,104,65,5,187,54,19,118,222,241,214,67,6,40,193,201,positive
105,52,107,207,60,11,218,31,24,167,221,701,197,66,0,20,191,203,negative
87,56,98,155,67,8,115,36,20,166,133,511,176,70,9,40,203,206,positive
109,47,96,206,64,9,198,33,23,150,219,586,191,70,4,13,190,198,positive
97,56,109,149,58,10,169,34,22,147,228,717,117,70,19,18,200,204,positive
103,54,107,218,64,12,222,30,25,174,221,728,199,67,0,18,189,200,negative
90,47,85,145,58,9,152,44,19,155,175,345,184,73,4,2,186,197,negative 
90,36,85,184,64,6,160,41,20,125,187,385,139,66,9,31,195,203,positive
90,46,110,136,60,7,211,30,24,154,226,418,152,67,5,39,183,201,negative
106,54,101,222,67,12,222,30,25,173,228,721,200,70,3,4,187,201,positive
80,39,99,193,64,8,192,30,18,163,147,330,188,70,5,12,191,194,negative
104,51,108,193,59,11,217,31,24,163,232,694,203,72,15,22,190,201,positive
96,49,76,182,58,12,137,46,17,148,216,454,167,64,13,28,190,195,negative
108,49,103,200,62,10,206,32,23,155,227,635,215,72,6,16,189,198,positive
101,37,54,153,68,4,136,30,24,135,208,285,125,67,3,39,176,191,negative
86,59,69,230,64,8,193,30,21,119,205,412,154,61,16,3,206,202,negative
81,44,98,188,56,11,196,45,20,146,131,654,170,64,16,39,196,191,negative
106,49,96,201,61,10,181,36,21,158,197,494,180,62,19,15,202,209,negative
87,38,85,177,61,8,164,40,20,129,186,402,130,63,1,25,198,205,negative
78,53,109,148,65,11,171,55,17,120,214,644,153,70,8,40,203,200,positive
90,48,81,144,60,9,150,44,19,156,173,333,200,75,2,0,185,195,negative 
83,37,49,112,55,5,122,55,17,128,144,219,146,85,8,16,180,184,negative 
95,47,73,195,70,7,167,38,20,152,184,430,185,69,9,19,200,206,negative 
85,43,69,141,62,7,152,44,19,145,178,341,179,84,1,4,181,184,negative 
86,45,71,170,70,6,146,45,19,146,172,321,189,71,10,8,187,191,negative 
93,41,82,159,63,9,144,46,19,143,160,309,127,63,6,10,199,207,negative 
86,34,62,140,61,7,122,54,17,127,141,223,112,64,2,14,200,208,negative 
91,56,112,137,67,9,132,53,22,159,234,184,170,86,8,40,203,199,positive
105,45,57,110,69,10,223,42,20,142,187,287,171,67,5,39,179,183,negative
89,50,83,195,65,6,178,37,21,156,207,481,210,71,1,6,189,194,negative
89,36,68,141,59,8,139,47,18,130,166,291,127,73,7,1,189,196,negative 
92,39,76,180,71,6,152,43,19,131,179,350,143,72,6,14,195,200,negative 
83,45,73,161,68,8,142,46,18,144,169,305,179,71,10,3,191,199,negative 
105,54,108,234,70,12,215,31,24,168,226,687,228,68,4,22,189,201,positive
105,54,100,220,69,10,221,30,25,170,232,718,202,73,0,13,187,199,positive
90,35,73,176,70,5,208,30,25,147,215,440,215,66,21,12,188,194,negative
84,49,86,150,59,8,201,53,21,172,189,366,178,67,7,6,191,193,positive
98,39,68,136,56,8,131,52,18,144,159,251,134,72,4,10,186,187,negative 
86,40,75,146,62,6,140,48,18,135,158,290,162,72,3,21,183,190,negative
80,44,68,120,53,8,151,45,19,146,170,333,190,80,4,16,180,185,negative 
101,56,112,147,64,11,112,37,18,163,225,579,224,75,10,15,191,199,positive
109,51,100,197,59,10,192,34,22,161,210,553,195,64,14,3,196,202,negative
92,52,93,204,67,9,189,35,22,161,214,536,240,72,2,5,188,195,negative
101,52,101,197,62,9,188,35,22,162,208,527,203,67,14,15,193,202,positive
97,35,66,151,64,8,128,52,18,129,148,246,112,66,6,2,195,200,negative 
89,47,81,147,64,11,156,44,20,163,170,352,188,76,6,13,184,193,negative 
85,44,66,125,58,6,148,45,19,145,170,323,185,84,8,1,180,183,negative 
94,48,87,162,64,10,157,43,20,161,179,363,186,75,4,15,184,195,negative 
86,46,70,149,65,8,149,45,19,146,170,331,185,77,6,6,183,188,negative 
102,45,83,198,65,5,194,33,22,146,225,576,167,79,0,27,193,191,negative 
78,37,100,143,57,8,147,43,22,136,218,721,165,61,0,40,189,199,positive
81,43,68,139,62,7,149,46,19,145,172,323,171,83,1,14,180,184,negative 
85,42,59,132,58,7,149,46,19,144,166,320,172,83,8,4,179,182,negative 
85,59,90,137,74,10,206,30,21,143,201,444,164,61,8,10,184,189,negative
106,57,107,235,67,6,262,26,28,171,285,987,260,86,9,31,180,184,negative 
89,47,83,322,133,48,158,43,20,163,229,364,176,97,0,14,184,194,negative 
82,51,104,129,68,8,195,48,21,132,235,557,178,70,22,23,192,202,positive
108,54,105,203,62,11,202,33,23,164,216,608,235,68,12,3,190,200,positive
73,58,79,187,70,5,223,30,20,131,155,757,114,66,1,9,193,189,negative
112,50,110,186,56,11,214,31,24,159,232,676,203,71,18,27,191,202,positive
80,51,101,107,57,11,215,35,25,157,213,542,211,85,7,15,187,199,positive
90,57,48,160,71,5,204,30,20,188,131,191,114,69,0,16,191,205,negative
103,52,103,170,52,7,236,28,26,160,254,816,250,82,3,23,183,184,negative 
78,56,101,134,73,11,222,36,20,172,231,616,196,60,12,16,191,204,positive
89,36,77,172,62,8,157,42,19,125,174,367,126,63,5,22,198,205,negative
98,55,49,110,66,4,205,36,18,185,197,446,115,67,0,39,190,202,negative
84,56,100,161,67,12,196,36,19,174,211,484,144,77,8,13,188,196,positive
88,40,69,146,59,7,130,51,18,134,147,252,144,64,1,1,193,200,negative
87,55,67,157,61,9,169,35,18,128,216,541,209,71,0,17,193,195,positive
80,36,69,127,56,7,128,53,18,124,147,240,133,70,2,21,183,191,negative
108,52,109,182,55,12,216,31,24,171,229,687,214,72,10,28,189,201,positive
93,43,85,133,54,10,155,44,19,153,174,351,165,75,12,13,184,196,negative 
102,55,101,213,67,12,222,30,25,177,226,719,213,71,2,21,187,199,positive
89,44,70,137,58,6,136,49,18,146,168,273,166,78,10,3,186,187,negative 
95,46,105,219,68,9,201,33,23,148,223,602,201,69,5,38,191,202,negative
104,54,91,209,67,11,218,31,24,170,223,697,196,74,4,21,187,196,negative
96,47,103,215,69,10,200,33,23,147,220,598,200,73,6,6,187,194,negative
86,44,70,140,64,6,148,45,19,145,170,322,185,82,10,1,181,183,negative 
81,56,112,151,60,8,199,39,21,151,234,519,210,64,0,31,186,211,positive
101,46,105,195,61,10,198,34,23,150,213,578,195,66,7,38,192,205,positive
81,43,68,148,64,7,150,45,19,144,175,330,171,80,1,2,182,185,negative 
81,46,71,141,61,7,153,44,19,148,177,347,190,80,1,14,182,187,negative 
88,45,82,155,56,8,154,43,19,149,180,357,170,69,3,0,188,193,positive
100,36,100,110,56,6,201,38,22,120,238,391,134,68,22,29,178,193,negative
88,44,85,139,56,11,157,43,20,155,176,363,175,76,5,16,184,195,negative 
83,37,54,118,55,4,129,52,18,127,146,245,140,81,4,13,180,184,positive
79,55,93,157,64,10,204,37,21,167,218,686,234,72,5,15,189,202,positive
115,51,100,201,60,12,196,34,23,162,207,573,184,62,22,1,198,208,positive
91,39,62,104,61,7,158,33,20,140,230,648,177,79,7,20,198,195,positive
95,41,82,170,65,9,145,46,19,145,163,314,140,64,4,8,199,207,negative 
97,56,88,203,74,8,222,30,22,165,202,384,134,61,7,31,195,200,negative
100,51,89,199,65,6,201,32,23,159,219,622,205,74,6,7,193,193,negative 
103,46,106,209,66,10,203,33,23,149,217,612,210,70,9,10,191,199,positive
82,36,51,114,53,4,135,50,18,126,150,268,144,86,15,4,181,182,positive
80,35,95,167,63,11,173,38,18,153,196,412,117,73,10,16,189,200,positive
102,43,96,197,63,10,185,36,22,142,202,513,139,65,8,12,195,204,negative
83,46,73,137,59,6,148,45,19,146,167,327,183,75,8,0,185,191,negative 
99,36,108,158,63,10,140,57,19,157,221,596,185,70,3,29,183,200,positive
85,50,67,163,73,12,191,35,25,142,230,184,187,74,2,12,188,199,positive
100,51,104,163,52,10,206,32,23,164,217,631,193,69,5,21,188,196,negative
83,56,69,153,68,4,204,54,18,161,235,369,215,66,1,16,194,196,positive
86,51,93,197,66,9,196,30,24,188,184,757,160,67,2,13,186,183,negative
103,34,93,161,74,7,114,30,20,138,229,712,185,71,7,36,182,183,negative
89,47,84,133,55,11,157,44,20,160,169,354,176,74,5,9,182,192,negative 
86,42,65,125,54,7,150,45,19,140,171,327,172,85,2,8,180,182,negative 
92,40,66,111,48,7,139,50,19,140,159,277,148,85,12,19,182,183,negative 
85,42,66,120,53,7,149,46,19,143,169,321,160,85,10,7,180,182,negative 
102,52,101,213,64,10,203,33,23,157,214,616,186,65,0,19,193,203,negative
104,55,107,222,68,11,218,31,24,173,232,703,229,71,3,10,188,199,positive
85,43,66,120,54,5,148,46,19,145,168,320,174,87,8,2,179,181,negative 
91,52,98,196,62,9,193,34,22,161,216,562,244,69,3,1,190,199,negative
101,51,105,212,68,10,209,32,24,162,222,653,224,73,5,23,186,195,negative
95,37,71,171,61,9,157,43,20,134,178,365,125,63,5,40,196,208,positive
98,55,108,168,53,11,224,30,25,178,231,737,217,73,8,30,187,198,negative
94,51,89,218,64,6,151,33,19,146,198,483,250,87,0,36,194,198,negative
99,40,112,176,56,10,204,36,22,168,158,196,159,78,1,32,185,202,positive
92,40,82,163,63,9,146,45,19,140,165,319,137,64,9,0,199,206,negative 
88,37,63,130,58,5,125,54,18,130,141,230,145,74,14,20,184,188,positive
99,55,45,104,66,11,123,37,24,177,180,407,136,73,0,13,188,195,positive
78,55,104,175,74,13,194,48,22,158,144,414,167,69,0,15,198,204,negative
93,47,88,200,66,7,173,38,21,151,197,452,205,66,0,3,195,202,positive
98,35,70,182,68,5,155,41,19,124,184,371,117,71,3,22,202,205,negative 
89,47,81,156,57,8,161,41,20,149,187,388,197,72,9,15,187,193,negative
92,37,75,184,70,6,154,42,19,131,184,363,127,71,0,4,198,202,negative 
89,48,85,189,64,8,169,39,20,153,188,427,190,64,16,5,195,201,positive
91,44,66,151,63,7,137,48,18,146,166,280,167,72,1,9,188,194,negative 
93,40,73,139,58,6,136,49,18,138,166,275,137,73,0,0,187,188,negative 
112,50,104,197,58,11,208,32,24,159,223,639,186,67,15,22,191,202,positive
99,45,90,174,70,9,112,52,24,118,223,191,150,71,0,40,191,205,positive
110,56,109,199,57,5,251,27,27,169,272,928,268,82,11,10,183,183,negative 
80,38,63,129,55,7,146,46,19,130,168,314,158,83,9,20,180,185,positive
78,36,51,116,56,4,120,57,17,124,135,209,135,84,1,12,177,184,negative
90,46,65,110,64,3,221,41,22,177,217,757,200,68,2,9,204,195,negative
88,44,70,151,61,8,143,46,18,143,163,311,173,68,7,8,196,203,negative 
83,56,84,152,59,12,166,38,21,177,176,184,117,67,16,8,190,206,positive
101,48,107,222,68,10,208,32,24,154,232,641,204,70,5,38,190,202,negative
100,48,95,209,68,7,199,32,23,150,216,605,200,73,7,11,192,194,negative 
100,41,75,205,71,5,176,36,21,138,204,479,151,72,7,19,197,197,negative 
79,38,51,121,72,9,210,37,24,177,217,582,210,86,6,25,185,207,positive
93,45,86,201,69,7,184,35,22,145,203,523,183,72,0,4,194,197,negative 
96,59,92,193,62,3,180,43,23,128,131,354,179,64,14,39,206,193,negative
85,42,66,120,53,7,149,45,19,145,173,325,163,85,5,4,180,182,negative 
85,42,70,130,56,7,150,45,19,145,177,328,172,82,10,14,181,185,negative 
104,49,105,209,61,11,207,32,24,157,217,637,168,64,0,19,193,207,positive
88,44,77,167,59,6,151,44,19,145,175,343,177,64,9,12,202,208,negative
104,55,105,223,70,10,223,30,25,177,237,737,218,75,14,11,188,196,negative
90,48,77,132,56,10,157,44,20,164,169,354,187,78,1,3,182,191,negative 
80,43,68,120,54,8,150,45,19,145,171,329,176,85,4,8,179,183,negative 
98,38,70,125,52,8,130,53,18,139,157,243,132,74,0,13,186,185,negative 
116,53,110,231,67,12,217,31,24,165,231,692,222,67,16,28,192,206,positive
110,56,103,223,64,5,250,26,27,169,280,928,239,85,4,6,184,183,negative 
106,59,42,191,57,12,227,34,19,188,209,478,156,69,7,39,194,195,negative
100,54,102,206,65,10,198,33,23,164,224,587,240,72,4,11,187,196,positive
98,46,89,181,73,11,213,37,18,149,190,587,114,61,6,39,187,183,negative
91,46,101,199,65,9,196,34,23,146,219,574,199,73,5,8,186,194,negative
105,54,105,213,67,10,200,33,23,163,214,597,214,68,10,20,190,198,negative
91,43,92,184,59,10,169,32,25,148,157,648,168,80,1,40,195,203,positive
96,45,101,201,66,9,192,34,22,143,218,552,195,73,3,19,189,197,positive
88,42,64,151,62,8,130,51,18,142,150,253,161,63,3,2,203,210,negative 
101,43,40,180,65,7,113,33,25,172,202,403,187,62,15,17,190,194,positive
90,43,66,157,65,9,137,48,18,146,162,281,164,67,3,3,193,202,negative 
90,46,75,133,55,11,160,43,20,161,173,369,171,77,0,16,182,192,negative 
85,36,72,127,56,7,127,54,18,125,144,233,123,70,3,30,184,194,negative
93,35,66,154,59,6,142,46,18,128,162,304,120,64,5,13,197,202,negative
87,47,81,149,62,9,147,45,19,152,171,325,181,72,0,6,188,198,negative 
107,55,98,199,59,7,240,27,26,168,258,866,245,80,3,1,186,184,negative 
100,44,93,193,62,8,186,35,22,147,202,521,151,66,0,2,193,198,negative
77,59,94,198,52,8,219,30,20,149,143,625,201,67,8,22,192,190,negative
93,43,78,162,64,8,137,48,18,145,156,281,159,63,17,12,203,210,negative 
108,51,100,206,63,10,196,34,23,159,214,576,201,65,7,16,194,205,positive
92,37,80,180,67,8,154,43,19,129,180,353,144,69,6,9,190,195,positive
85,43,64,128,56,8,150,46,19,144,168,324,173,82,9,14,180,184,negative 
97,41,62,133,56,7,130,52,18,143,158,247,157,78,5,7,184,186,negative 
100,54,73,227,61,10,169,30,18,167,196,315,141,64,13,39,191,192,negative
96,43,82,161,55,5,186,34,22,141,215,534,162,75,0,6,195,196,negative 
78,39,94,156,57,7,200,38,24,170,227,571,179,78,20,31,189,197,positive
86,43,61,119,53,8,150,46,19,144,169,326,172,85,8,8,179,182,negative 
85,44,86,114,65,11,183,51,24,177,224,446,117,84,0,18,185,182,positive
89,45,81,246,102,43,155,44,20,160,200,347,177,90,9,17,183,192,negative 
102,52,85,209,66,4,227,35,23,168,138,757,114,75,18,39,187,183,negative
89,52,107,164,64,5,182,38,24,139,154,208,117,69,14,7,184,197,positive
78,56,40,148,72,4,221,47,24,162,179,721,189,82,3,4,179,194,positive
85,45,65,128,56,8,151,45,19,145,170,332,186,81,1,10,179,184,negative 
96,55,98,161,54,10,215,31,24,175,226,683,221,76,3,6,185,193,negative
100,43,92,197,62,10,180,36,21,143,200,489,153,64,6,9,195,205,positive
94,39,75,184,72,8,155,42,19,133,175,365,145,70,4,5,192,200,negative 
93,55,93,232,61,7,221,37,18,119,203,191,201,69,6,27,202,197,negative
95,43,83,198,69,6,177,36,21,139,189,484,163,68,6,4,196,198,negative 
113,53,93,197,62,11,216,31,24,165,221,688,196,72,6,25,188,199,positive
89,42,85,144,58,10,152,44,19,144,173,345,161,72,8,13,187,197,negative 
89,38,82,156,59,8,153,43,19,129,179,351,137,70,1,1,187,192,positive
103,51,105,174,56,11,210,32,24,163,222,650,222,73,8,9,187,196,positive
85,45,82,133,56,11,159,43,20,156,170,362,173,76,10,21,183,193,negative 
107,53,103,221,66,11,209,32,24,163,222,653,212,66,0,1,191,201,negative
100,47,70,185,70,7,162,40,20,153,179,406,172,68,9,6,200,205,negative 
89,40,79,154,64,9,144,46,19,139,168,311,149,71,8,7,188,197,negative 
86,40,62,140,62,7,150,45,19,133,165,330,173,82,2,3,180,185,positive
96,40,78,170,58,7,174,38,21,139,197,455,160,68,3,29,191,200,positive
97,55,96,170,54,10,216,31,24,173,219,685,218,75,0,4,184,193,negative
73,59,52,182,71,8,214,43,24,159,201,323,114,67,0,11,186,201,negative
88,55,77,139,69,6,188,54,24,174,223,721,236,71,2,22,194,201,positive
79,56,79,187,58,10,149,38,21,177,205,221,176,59,3,34,185,199,positive
107,55,103,167,49,7,252,27,28,172,269,904,239,83,5,30,179,186,negative 
103,41,83,194,63,9,175,38,21,142,199,455,138,65,7,30,197,206,negative
91,39,82,164,68,10,143,46,19,137,164,308,158,68,13,9,191,201,negative 
101,56,101,231,72,10,217,31,24,171,232,698,216,72,2,6,187,197,positive
100,51,109,231,70,11,220,30,25,163,238,722,206,73,11,19,189,198,negative
98,38,66,130,55,7,130,51,18,138,160,251,123,69,3,12,191,194,negative 
100,51,70,192,73,3,193,34,25,188,154,413,137,70,10,28,196,201,negative
101,49,101,163,53,10,113,37,24,163,235,705,179,69,9,13,188,195,positive
90,48,78,143,60,11,161,43,20,159,172,374,186,75,2,2,184,193,negative 
93,54,94,174,61,8,227,47,17,163,222,191,168,68,19,39,191,197,negative
99,49,94,213,71,7,204,30,24,132,154,277,114,65,11,25,196,196,negative
80,41,66,145,70,5,215,55,19,146,202,467,201,76,11,40,182,204,positive
87,50,45,170,66,7,114,57,23,142,203,757,233,73,7,39,206,190,negative
97,45,72,187,71,5,161,40,20,144,178,399,186,70,7,7,196,203,negative 
96,53,85,161,72,6,211,30,19,132,184,716,221,67,2,30,186,191,negative
86,56,111,144,60,8,187,38,18,128,219,544,170,63,13,22,188,205,positive
107,57,106,179,51,8,257,26,28,172,275,954,232,83,2,20,181,184,negative 
78,36,60,116,56,6,123,55,17,124,141,221,121,78,3,16,178,185,negative
97,56,64,201,68,7,173,32,25,158,230,441,181,73,12,17,184,189,negative
94,40,85,186,62,9,169,39,20,139,184,430,133,61,2,9,200,210,positive
73,59,69,210,60,9,180,30,22,149,175,568,118,70,2,3,183,193,negative
86,36,70,143,61,9,133,50,18,130,153,266,127,66,2,10,194,202,negative 
104,53,108,206,61,11,217,31,24,168,226,694,209,67,0,9,188,201,positive
93,45,83,142,56,10,157,43,20,155,180,364,188,75,1,21,184,197,negative 
76,48,98,140,61,9,227,30,23,158,214,700,114,65,2,27,186,190,negative
87,41,76,165,67,7,148,45,19,140,171,327,152,72,7,13,188,195,negative 
94,40,90,154,55,11,193,37,25,155,211,658,215,77,1,40,190,182,positive
89,46,78,150,63,11,160,43,20,160,170,367,176,73,5,9,185,194,negative 
96,44,85,166,66,10,155,43,19,150,167,355,159,67,3,10,192,202,negative 
98,56,97,104,62,5,175,36,25,146,147,357,117,71,0,19,202,192,positive
84,38,74,167,65,4,192,31,20,185,184,341,209,69,14,9,188,193,negative
106,53,98,192,58,11,217,31,24,166,228,693,191,71,11,24,188,198,negative
73,51,54,110,74,11,202,38,24,164,139,299,128,68,14,35,184,202,negative
108,51,103,197,60,11,211,31,24,160,222,661,187,67,7,3,190,200,negative
85,56,64,177,59,11,142,50,18,176,216,184,171,70,2,18,185,182,positive
77,38,75,144,59,6,147,46,19,132,167,315,136,80,16,20,181,187,negative
89,45,74,167,66,11,175,30,19,153,151,292,181,63,0,6,189,193,negative
86,56,87,104,61,11,211,61,22,159,213,629,149,65,10,16,193,196,positive
78,51,91,104,58,11,202,50,22,141,220,493,191,76,0,17,189,194,positive
86,37,87,209,63,6,127,30,25,170,215,438,178,61,7,19,182,191,negative
93,47,83,165,60,7,167,40,20,147,197,417,201,73,12,4,187,192,negative
80,43,61,141,57,9,134,32,22,131,212,584,117,74,22,21,191,190,positive
111,34,63,203,65,7,148,46,18,142,199,604,154,68,9,39,201,198,negative
74,59,42,149,67,6,178,30,18,152,201,464,116,80,0,12,183,193,negative
98,51,96,203,66,10,188,35,22,157,207,533,231,68,10,1,191,199,positive
78,45,73,146,62,3,221,49,20,175,229,678,173,72,14,37,189,194,positive
89,42,75,140,55,6,145,46,19,139,170,312,166,71,15,26,191,198,negative
94,42,100,110,57,3,147,36,24,154,203,439,116,62,8,20,196,195,negative
82,44,63,123,54,7,151,45,19,147,166,329,185,81,3,4,179,182,negative 
83,46,71,156,70,6,151,44,19,147,174,338,198,80,3,11,181,186,negative 
110,46,100,197,61,9,193,34,22,149,209,561,160,65,11,7,194,203,positive
95,51,96,196,63,9,190,35,22,161,208,543,235,68,13,0,191,198,negative
95,43,71,159,64,6,145,45,19,141,169,322,171,67,8,4,195,200,negative 
81,55,60,110,55,9,165,30,25,143,224,247,196,66,1,8,185,188,negative
91,40,76,171,67,7,149,44,19,135,169,332,144,68,4,17,192,200,negative 
90,38,75,164,64,7,151,43,19,131,168,345,139,66,0,0,195,204,negative 
95,46,76,162,66,11,162,42,20,155,175,381,172,74,8,4,184,193,negative 
85,33,50,104,53,4,115,59,17,118,136,193,127,83,1,30,179,185,positive
83,56,92,162,68,8,185,35,21,172,199,571,168,75,1,27,179,198,positive
94,52,103,105,70,12,149,34,25,175,183,380,217,63,2,23,202,196,positive
96,41,69,153,56,7,141,47,18,141,162,297,169,61,11,8,202,209,positive
110,58,106,180,51,6,261,26,28,171,278,998,257,83,9,13,181,182,negative 
105,51,105,197,60,11,191,35,22,162,207,545,194,64,18,4,196,205,positive
91,43,88,157,61,9,149,45,19,157,165,326,140,64,1,26,197,207,negative 
112,44,106,145,68,12,202,38,19,142,213,592,185,71,16,22,182,195,positive
110,54,102,201,64,11,213,31,24,171,222,669,221,73,17,16,188,198,positive
103,55,87,212,62,9,169,30,22,142,225,708,199,70,5,34,191,190,positive
92,41,66,125,52,7,139,50,18,143,160,275,161,81,7,19,182,184,negative 
84,35,53,122,57,4,116,59,17,123,135,196,128,76,10,27,183,190,positive
78,54,82,104,62,6,178,37,19,160,174,499,184,73,12,18,192,186,positive
89,41,75,143,56,7,146,46,19,137,170,317,156,76,18,5,184,188,negative
78,36,105,125,67,6,204,61,21,118,207,214,117,60,7,16,184,191,positive
79,59,87,147,66,11,227,33,23,127,192,560,117,61,16,31,206,190,negative
73,59,97,181,60,8,192,46,22,128,169,389,114,66,0,39,193,198,negative
95,43,96,202,65,10,189,35,22,143,217,534,166,71,6,27,190,197,negative
95,48,83,178,72,10,162,42,20,159,176,379,184,70,6,16,187,197,negative 
91,39,83,176,59,7,169,39,20,132,190,426,142,67,0,24,192,199,positive
88,41,80,147,62,8,146,45,19,144,169,318,161,71,4,16,188,197,negative 
106,53,98,176,54,10,216,31,24,171,235,691,218,74,1,9,187,197,positive
94,49,82,137,56,10,159,43,20,160,176,367,186,76,10,7,183,192,negative 
87,56,97,165,61,7,193,32,17,156,217,597,206,66,9,2,187,187,negative
115,53,100,205,64,11,220,30,25,166,229,710,214,71,21,11,189,199,positive
88,39,88,194,69,8,168,40,20,133,199,416,151,74,3,22,186,192,negative
80,52,97,165,61,7,125,61,24,149,149,408,117,65,2,19,198,200,positive
81,49,99,110,67,12,223,33,17,171,178,349,159,73,0,36,190,194,negative
92,43,69,158,56,7,149,44,19,143,170,333,168,63,14,18,198,203,negative
81,47,69,146,64,6,151,44,19,147,171,340,195,75,5,0,183,188,negative 
82,37,59,134,63,7,135,51,18,128,151,264,143,82,11,24,179,185,positive
94,43,68,170,67,6,142,46,18,142,164,310,177,65,10,8,198,203,negative 
90,39,85,160,59,7,163,41,20,131,189,396,158,71,7,13,186,192,positive
89,44,72,160,66,7,144,46,19,147,166,312,169,69,11,1,191,198,negative 
73,59,102,149,64,10,201,30,18,140,237,294,154,61,9,11,185,192,negative
106,54,100,227,67,4,250,27,27,162,280,923,262,88,5,11,182,182,negative 
82,41,103,145,57,6,184,39,22,170,181,648,192,77,5,8,188,185,positive
101,56,100,204,62,12,227,30,25,178,231,757,204,73,0,11,186,197,negative
86,45,66,126,57,8,148,46,19,145,170,321,186,86,0,7,179,182,negative 
85,41,66,155,65,22,149,45,19,139,173,330,155,75,6,16,184,191,negative 
86,39,60,140,60,7,119,55,17,134,140,212,141,61,7,8,200,207,negative 
86,45,70,122,56,7,148,45,19,144,170,324,186,84,9,5,180,183,negative 
94,56,69,166,67,7,199,61,25,125,136,270,169,61,22,17,190,207,positive
88,40,55,114,53,7,132,53,18,139,142,249,158,87,0,7,176,183,negative 
104,55,105,216,68,11,205,32,23,169,221,623,216,71,9,18,189,196,negative
109,54,103,220,66,11,214,31,24,167,229,677,212,70,1,23,188,201,positive
80,50,76,171,70,11,193,61,17,169,152,454,117,61,2,20,187,198,positive
101,56,100,168,55,11,214,31,24,175,219,681,224,74,2,3,185,192,negative
101,48,85,191,60,11,175,38,21,153,192,458,187,62,5,22,197,210,positive
86,39,58,125,55,5,117,57,17,134,140,204,148,69,7,6,190,194,negative 
88,44,71,145,56,8,142,48,19,143,159,296,174,68,7,18,188,197,negative
93,43,88,170,66,9,150,45,19,147,164,334,143,65,2,17,196,206,negative 
94,36,66,151,61,8,133,50,18,135,154,265,119,62,9,3,201,208,negative 
105,53,105,184,57,11,211,31,24,168,224,661,218,71,0,15,186,197,positive
88,40,73,173,68,7,150,44,19,137,174,341,151,69,2,20,196,200,negative 
100,47,94,104,56,7,186,56,23,133,212,333,224,79,3,34,185,206,positive
87,41,73,158,64,7,151,44,19,138,175,341,152,73,3,8,190,194,negative 
96,53,107,172,59,9,187,36,22,161,204,219,198,86,7,16,190,182,positive
89,47,85,147,58,10,153,44,19,151,175,349,186,74,13,7,186,197,negative 
98,55,104,213,67,9,206,32,23,167,223,629,220,72,5,19,187,196,positive
89,36,72,141,56,7,138,48,18,126,163,286,130,72,1,1,187,192,negative
103,57,42,215,62,8,227,30,18,188,230,594,218,61,3,15,185,194,negative
113,48,98,208,62,9,203,33,23,151,216,613,183,64,17,29,193,204,positive
86,48,75,136,58,10,161,43,20,163,170,371,185,75,3,1,183,192,negative 
95,57,104,228,74,10,212,31,24,175,224,670,223,74,0,4,186,193,negative
88,39,76,155,62,8,137,48,18,137,156,281,124,63,3,6,201,209,negative 
92,43,70,124,52,6,139,49,18,144,164,282,172,79,4,16,183,185,negative 
99,55,101,219,68,10,224,30,25,178,228,737,213,74,11,20,187,196,negative
83,37,62,113,53,6,122,55,17,129,143,218,135,79,0,7,181,185,negative 
84,49,107,195,51,9,195,37,23,132,198,503,205,74,5,17,183,194,positive
96,52,104,222,67,9,198,33,23,163,217,589,226,67,12,20,192,201,negative
94,47,85,333,138,49,155,43,19,155,320,354,187,135,12,9,188,196,negative 
94,36,68,127,54,7,127,52,18,132,155,242,116,66,1,2,195,196,negative 
83,44,68,144,61,8,147,45,19,143,170,325,180,74,1,1,185,191,negative 
88,51,89,115,63,7,143,49,19,157,230,335,117,61,6,34,191,185,positive
94,46,77,169,60,8,158,42,20,148,181,373,181,67,12,2,193,199,positive
105,54,96,185,57,10,219,30,25,170,231,706,217,75,5,12,187,195,negative
97,44,95,202,66,9,188,35,22,144,216,526,175,72,15,11,190,197,positive
106,52,101,213,64,11,201,33,23,158,214,607,204,65,2,4,192,204,positive
85,42,66,122,54,6,148,46,19,141,172,317,174,88,6,14,180,182,negative 
104,42,99,135,74,6,219,30,24,164,171,333,143,61,12,39,188,211,negative
99,56,107,137,62,3,221,30,25,134,181,659,185,61,7,19,185,192,negative
78,40,95,172,62,12,129,48,17,150,142,188,168,65,10,40,185,186,positive
104,57,103,222,72,12,221,30,25,177,223,718,218,72,11,12,186,195,negative
81,45,68,154,69,22,151,45,19,147,186,335,186,88,1,10,180,185,negative 
92,44,107,104,56,4,184,35,20,177,230,681,117,74,14,40,185,194,positive
99,57,100,177,54,13,224,30,25,188,223,726,213,72,4,7,185,198,negative
93,37,76,183,63,8,164,40,20,134,191,405,139,67,4,7,192,197,positive
99,43,89,195,63,8,186,35,22,144,210,521,166,68,6,13,191,199,positive
79,43,72,141,62,8,153,44,19,144,175,344,174,78,0,8,182,188,negative 
79,44,105,145,66,5,222,41,21,119,229,535,192,67,2,11,179,195,positive
99,50,88,204,64,10,185,35,22,159,209,517,193,66,12,11,194,201,negative
117,52,110,228,65,12,212,31,24,163,228,668,220,66,21,25,194,205,positive
90,36,57,130,57,6,121,56,17,127,137,216,132,68,22,23,190,195,positive
96,41,77,177,64,5,177,36,21,134,205,485,148,74,0,4,196,198,negative 
100,46,90,172,67,9,157,43,20,150,170,363,184,67,17,7,192,200,negative 
90,56,105,159,62,8,192,43,24,134,214,186,164,72,9,0,179,196,positive
87,49,86,190,64,9,177,37,21,153,197,471,209,67,11,7,192,199,negative
95,47,88,162,64,11,159,43,20,157,176,371,185,71,12,13,189,198,negative 
92,37,75,191,71,6,161,40,20,128,180,393,135,69,1,14,195,202,negative 
74,59,77,232,65,10,227,30,24,160,187,590,171,66,15,39,180,189,negative
98,51,84,207,72,7,184,35,21,161,199,520,198,72,9,11,196,199,negative 
105,56,100,104,60,7,116,53,22,128,206,425,192,82,6,12,188,198,positive
89,42,66,125,53,7,131,51,18,144,162,254,162,73,10,17,188,191,negative 
84,38,74,138,57,8,139,49,18,127,160,282,127,72,9,20,183,191,negative
96,55,66,104,61,10,173,36,22,145,225,324,204,67,17,5,195,195,positive
78,53,112,171,60,8,185,59,24,118,226,279,240,74,17,18,194,200,positive
95,53,95,202,65,10,193,34,22,160,220,559,237,71,3,2,188,196,positive
82,39,86,140,54,7,153,45,19,134,174,338,139,71,11,18,183,189,negative
91,45,75,154,57,6,150,44,19,146,170,335,180,66,16,2,193,198,negative
107,53,108,213,64,12,206,32,23,163,216,627,202,65,21,22,194,205,positive
108,53,103,202,64,10,220,30,25,168,224,711,214,73,11,10,188,199,positive
73,57,46,192,59,8,210,45,20,143,228,673,160,75,3,8,192,196,negative
91,35,66,159,59,7,147,45,19,131,169,322,123,64,1,1,197,203,negative
104,50,106,209,66,10,207,32,23,158,223,635,220,73,14,9,188,196,positive
107,56,104,231,71,11,219,31,25,172,226,705,217,71,19,11,189,196,positive
87,42,64,150,64,10,133,50,18,142,157,264,159,67,7,1,193,201,negative 
107,53,109,161,70,5,157,32,22,119,238,657,167,61,17,14,188,188,negative
109,53,103,210,63,11,219,30,25,172,229,707,212,71,6,3,188,199,positive
84,35,53,118,72,11,155,34,25,166,208,636,117,67,4,40,191,196,positive
81,44,68,120,53,6,151,45,19,147,170,333,178,86,4,5,179,183,negative 
105,54,106,215,68,10,208,32,24,166,217,640,218,69,14,23,189,199,positive
84,43,62,152,73,9,177,55,17,123,184,609,146,71,2,5,190,182,positive
86,52,83,104,56,10,208,61,19,174,215,668,166,71,0,12,189,195,positive
88,40,78,186,73,6,158,41,20,134,185,379,148,73,1,11,193,197,negative 
73,59,92,190,69,5,227,41,20,170,131,689,162,65,1,39,201,192,negative
94,43,69,161,59,7,152,43,19,143,175,349,187,67,12,11,193,198,positive
77,38,63,135,59,5,130,52,18,130,145,247,139,79,13,21,183,187,negative
86,44,77,155,60,7,152,44,19,141,174,345,161,72,9,0,187,192,negative
92,39,91,191,62,8,176,37,21,137,196,466,151,67,3,23,192,200,negative
89,36,51,109,52,6,118,57,17,129,137,206,125,80,2,14,181,185,negative 
100,46,104,184,60,9,197,34,23,147,222,578,198,73,13,13,189,197,positive
88,56,89,157,69,6,169,61,22,174,195,250,182,67,0,14,196,211,positive
90,59,97,187,65,11,196,38,22,152,131,534,114,61,5,32,185,189,negative
89,40,76,188,76,7,150,44,19,136,174,342,148,72,3,8,193,197,negative 
89,44,76,125,54,10,156,44,20,151,163,352,176,76,12,12,184,193,negative 
107,54,98,210,66,11,218,31,24,169,221,704,216,71,14,0,188,197,positive
103,51,62,158,71,7,112,48,25,131,216,332,164,66,2,22,179,201,positive
95,49,92,193,62,10,178,37,21,154,200,478,171,64,2,0,198,206,negative
84,34,84,129,56,11,188,38,20,177,221,657,204,86,17,19,183,196,positive
99,48,104,196,63,10,201,33,23,152,221,604,199,73,8,4,188,197,positive
93,51,90,209,69,8,183,36,22,156,211,506,230,70,6,1,189,196,positive
92,45,101,180,72,9,185,31,25,126,175,500,249,63,0,39,206,192,negative
100,58,97,177,72,6,227,33,18,149,154,740,145,65,0,33,188,204,negative
92,38,74,178,62,9,161,41,20,135,181,388,132,63,7,29,197,206,negative
79,40,80,133,55,7,147,47,19,135,172,311,144,76,8,30,181,193,negative
96,45,87,169,67,10,154,44,19,149,167,351,174,67,9,8,192,201,negative 
85,36,51,115,56,5,119,57,17,124,139,207,127,81,13,5,181,184,negative 
87,39,70,148,61,7,143,46,18,136,164,307,141,69,1,2,192,199,negative 
107,52,101,218,64,11,202,33,23,164,219,610,192,65,17,2,197,206,negative
85,45,73,167,69,8,143,46,18,148,173,307,176,71,2,0,190,199,negative 
76,57,61,211,59,6,227,31,18,160,203,234,175,73,2,0,180,189,negative
93,34,66,140,56,7,130,51,18,120,151,251,114,62,5,29,201,207,negative
105,50,93,173,54,4,222,30,25,159,254,735,206,83,4,12,186,184,negative 
87,36,53,117,58,4,118,57,17,125,138,205,138,85,9,15,180,183,negative 
82,44,72,150,64,7,154,44,19,144,181,350,177,80,0,16,183,187,negative 
96,50,94,215,67,9,187,35,22,158,214,525,214,67,8,6,193,201,positive
94,49,87,137,54,11,158,43,20,162,178,366,186,75,5,5,183,194,negative 
98,46,88,191,63,6,192,34,22,147,215,563,174,73,2,26,194,197,negative 
80,39,60,122,56,6,139,49,18,131,151,281,142,80,0,5,179,186,negative
81,40,75,204,52,6,212,30,19,144,131,599,216,61,3,36,194,200,negative
78,49,95,151,60,7,141,35,24,133,212,184,160,60,16,16,191,200,positive
76,38,58,125,58,5,133,51,18,127,152,259,145,87,0,21,177,184,negative
94,50,84,138,57,10,156,44,20,170,171,351,187,77,5,6,182,191,negative 
109,54,109,225,68,11,214,31,24,169,226,675,212,68,11,32,189,202,positive
86,42,81,178,58,10,112,38,25,167,141,561,167,74,6,36,189,193,positive
100,49,80,206,70,6,183,35,21,156,206,517,198,73,3,13,198,199,negative 
99,47,91,226,74,5,202,32,23,148,234,629,186,79,4,11,192,191,negative 
103,54,91,179,57,11,220,31,25,170,220,707,198,72,1,32,186,198,negative
91,42,66,169,66,7,145,44,19,140,169,325,159,67,4,0,201,207,negative 
95,42,46,168,68,11,213,38,24,152,136,385,180,66,5,20,187,200,positive
89,42,70,148,62,7,147,45,19,143,176,323,153,76,2,6,186,189,negative 
97,46,94,209,67,10,195,34,22,147,224,573,194,70,0,14,188,197,negative
84,43,76,180,75,7,155,43,19,143,180,359,173,77,5,12,185,190,negative 
77,51,80,146,65,3,226,33,24,166,194,484,189,69,1,18,191,195,negative
82,37,66,126,54,7,132,52,18,127,148,252,142,72,17,7,183,187,positive
85,41,54,104,72,8,135,56,18,165,180,360,124,74,22,36,184,195,positive
85,45,70,130,58,8,151,45,19,146,171,334,187,79,2,5,181,186,negative 
91,42,80,162,66,8,148,44,19,145,171,331,147,70,3,5,189,199,negative 
100,58,109,230,70,11,226,30,25,182,234,752,207,72,0,13,187,198,negative
83,48,40,189,62,10,149,37,18,150,219,193,202,64,13,40,188,195,positive
109,49,109,193,59,10,207,32,24,156,225,635,213,70,13,31,191,202,positive
86,47,75,165,68,6,154,43,19,146,176,356,190,74,7,3,188,194,negative 
90,49,85,141,57,11,159,43,20,167,173,365,186,75,1,11,182,192,negative 
90,43,81,231,97,46,150,45,19,149,200,332,164,91,5,9,186,196,negative 
93,39,86,180,59,9,167,39,20,134,186,418,129,63,6,17,197,204,positive
103,48,92,135,67,5,221,45,18,168,131,385,114,71,11,9,184,197,negative
111,53,108,211,61,11,207,32,23,167,217,636,216,64,21,2,196,205,positive
96,37,74,199,74,5,165,39,20,128,188,419,136,72,1,3,196,200,negative 
91,38,76,172,61,8,167,40,20,134,196,415,145,71,0,28,189,198,negative
105,51,42,188,74,4,227,46,18,151,160,473,125,66,3,0,195,194,negative
86,40,63,135,56,5,133,50,18,135,152,262,166,70,9,2,187,191,positive
78,44,94,155,61,11,207,32,23,168,216,583,199,61,20,28,189,204,positive
96,48,83,177,59,8,171,39,21,152,195,438,196,67,15,0,195,201,negative
86,52,106,110,62,4,187,44,20,136,233,732,136,61,13,39,178,193,negative
83,54,55,166,63,11,212,61,22,132,230,721,197,74,10,32,190,195,positive
93,47,85,161,65,12,155,43,19,157,179,354,178,76,2,9,184,196,negative 
90,48,78,134,56,11,160,43,20,167,169,366,185,76,1,14,182,192,negative 
97,45,76,175,60,9,157,42,20,149,180,370,169,63,16,12,198,206,positive
94,47,53,110,64,8,216,33,24,164,142,234,114,67,1,29,191,190,negative
99,48,79,199,68,6,185,35,22,153,202,524,171,74,5,8,195,195,negative 
86,47,112,190,62,7,218,36,24,135,213,465,175,76,0,39,189,193,positive
102,56,55,181,65,7,206,30,19,150,223,689,139,87,12,5,195,198,negative
87,42,112,186,68,11,112,61,23,165,220,184,138,72,8,12,179,193,positive
98,54,104,186,59,10,213,32,24,172,223,665,217,73,1,26,186,195,negative
99,55,101,206,62,13,222,30,25,180,225,722,213,71,2,3,186,196,negative
85,42,64,121,55,7,149,46,19,146,167,323,172,85,1,6,179,182,negative 
88,43,109,128,55,9,119,33,20,146,232,601,117,84,3,40,190,196,positive
97,37,70,173,66,7,151,43,19,129,167,346,119,65,0,16,201,208,negative 
93,39,78,164,66,8,139,48,18,140,157,290,126,64,4,7,201,208,negative 
95,37,52,168,68,8,212,35,25,143,162,650,174,73,7,40,179,194,positive
91,42,84,209,75,6,171,38,20,138,189,446,161,69,3,12,196,201,negative 
96,39,64,111,48,8,134,52,18,141,160,258,139,80,7,20,183,184,negative 
80,43,71,133,60,7,150,45,19,146,170,330,176,81,6,15,180,184,negative 
93,47,85,163,66,11,156,44,20,158,172,355,178,74,7,15,183,195,negative 
97,43,73,173,65,6,153,42,19,143,176,361,172,66,13,1,200,204,negative 
90,49,102,152,70,8,203,44,20,156,165,499,129,65,11,2,185,190,negative
101,55,101,183,57,13,225,30,25,177,225,741,204,71,5,10,186,198,negative
95,42,96,197,65,9,178,37,21,141,199,474,149,67,1,29,193,200,negative
84,44,65,128,55,8,150,46,19,148,169,325,176,82,1,11,179,183,negative 
89,44,80,191,66,6,162,40,20,143,189,396,180,66,13,11,194,199,negative
83,37,54,131,61,4,135,50,18,127,152,271,141,85,3,6,180,183,positive
101,53,108,184,54,12,216,31,24,172,220,685,187,68,4,24,190,201,negative
86,37,77,144,54,7,154,43,19,127,179,352,145,71,14,13,186,191,negative
73,47,42,188,61,8,227,30,23,188,195,227,247,67,6,33,185,199,negative
90,46,73,137,58,11,161,43,20,158,170,373,186,76,0,9,182,193,negative 
90,44,69,152,64,7,135,49,18,145,165,272,162,75,3,2,187,191,negative 
80,34,42,110,57,3,114,59,17,119,131,191,121,87,4,7,179,183,negative
83,42,71,152,64,7,149,45,19,142,172,331,158,74,2,2,184,190,negative 
98,52,86,207,69,5,192,33,22,161,212,570,221,75,4,6,194,195,negative 
84,44,80,140,58,11,156,44,20,157,166,349,176,74,5,17,183,193,negative 
93,50,83,195,55,7,165,45,19,182,191,507,157,63,3,26,188,199,negative
91,59,67,153,59,12,227,31,17,149,218,724,146,71,8,11,180,196,negative
78,56,87,153,52,8,130,39,20,134,208,587,172,65,22,13,190,206,positive
94,54,90,155,70,7,178,61,20,177,217,721,166,66,1,27,189,195,positive
87,44,65,124,56,6,149,46,19,144,170,321,171,87,4,12,179,182,negative 
93,37,70,126,52,9,127,53,18,137,156,238,119,71,2,13,191,190,negative 
90,39,45,131,69,10,175,30,18,188,177,757,173,61,5,39,188,189,negative
83,41,70,155,65,7,144,46,19,141,168,309,147,71,4,12,188,195,negative 
97,55,104,219,71,9,211,32,24,171,222,658,223,74,1,24,186,196,positive
78,37,109,105,72,5,166,43,24,129,226,618,178,71,14,14,182,203,positive
90,43,72,172,59,8,154,42,19,144,174,360,158,61,15,9,203,209,positive
93,35,72,172,62,7,149,44,19,124,169,334,125,62,5,30,203,210,negative
94,45,85,163,68,10,157,44,20,156,170,357,176,73,17,11,187,195,negative 
82,44,72,118,52,7,152,44,19,147,174,340,177,82,2,2,180,185,negative 
96,54,89,104,63,11,118,37,19,130,235,591,117,77,7,37,187,201,positive
79,59,98,205,73,11,123,30,22,163,211,406,219,67,18,10,190,189,negative
101,47,89,178,62,11,161,30,23,149,132,421,124,65,8,13,194,198,negative
91,58,91,226,68,4,204,30,25,127,149,343,132,62,2,30,183,185,negative
102,54,106,221,68,11,207,32,24,164,228,638,238,71,0,26,189,200,positive
97,41,88,184,59,9,175,38,21,140,192,459,147,63,1,5,196,205,positive
87,51,97,183,59,7,175,36,21,158,174,341,118,71,8,30,186,196,negative
81,57,84,170,57,7,124,30,19,146,154,337,140,77,9,20,191,198,negative
104,52,94,208,66,5,208,31,24,161,227,666,218,76,11,4,193,191,negative 
84,45,68,148,64,6,146,46,19,142,168,317,180,75,5,1,183,187,negative 
88,34,58,140,59,6,127,52,18,130,148,243,113,63,4,10,199,206,negative 
73,58,110,215,71,13,198,30,24,156,164,757,152,66,18,31,186,189,negative
100,51,109,224,67,9,217,30,24,162,238,704,206,72,6,18,189,199,negative
104,56,96,231,74,11,220,30,25,172,223,713,218,73,6,16,186,195,negative
107,51,103,182,56,11,213,31,24,162,226,673,217,72,2,4,188,198,positive
86,45,73,152,63,6,149,44,19,145,170,335,176,71,6,1,189,196,negative 
98,54,81,187,59,11,112,37,24,143,200,322,117,60,4,13,186,201,positive
93,41,101,136,73,8,189,34,19,151,164,465,153,75,15,12,193,200,positive
90,38,79,185,69,6,160,40,20,130,178,393,133,66,2,14,198,205,negative 
84,50,90,147,60,11,165,37,17,137,139,514,189,67,15,33,189,192,positive
78,55,108,178,56,11,185,33,19,147,138,440,166,67,18,20,196,203,positive
98,55,101,228,70,9,210,31,24,168,236,661,245,72,1,6,188,197,negative
86,36,78,146,58,7,135,50,18,124,155,270,148,66,0,25,190,195,positive
107,45,92,197,62,10,188,35,22,148,202,526,159,64,12,20,195,203,negative
81,55,111,104,59,9,135,30,23,173,222,184,202,75,5,19,179,197,positive
102,45,85,193,64,6,192,33,22,146,217,570,163,76,6,7,195,193,negative 
89,40,60,131,56,6,118,56,17,137,143,209,153,65,10,8,193,199,negative 
91,37,76,138,55,8,132,51,18,135,157,256,124,69,0,12,191,192,negative 
86,43,69,123,54,6,150,46,19,144,174,325,177,87,3,7,180,182,negative 
101,49,103,212,67,10,201,33,23,156,215,601,174,69,4,11,189,196,negative
73,43,66,205,61,8,227,30,18,188,131,486,114,75,2,18,190,192,negative
98,38,70,186,68,6,164,39,20,136,189,413,129,71,3,17,200,203,negative 
93,42,64,158,68,9,134,49,18,142,163,268,170,71,7,13,192,201,negative 
73,49,91,153,57,7,174,39,23,164,215,585,188,69,8,39,188,193,negative
99,46,105,209,64,11,197,34,23,152,212,575,159,65,0,33,194,205,negative
96,37,92,104,68,7,195,30,21,125,217,686,179,76,22,14,192,205,positive
109,52,95,189,58,4,227,29,25,158,262,776,217,82,0,19,187,186,negative 
89,41,76,183,73,7,157,42,19,136,181,373,153,74,8,12,191,195,negative 
102,57,90,175,67,6,227,30,22,146,171,687,114,61,3,7,206,183,negative
89,38,78,153,61,7,146,46,19,127,166,314,142,69,0,9,187,194,negative
108,55,105,230,68,11,218,30,24,171,228,709,210,69,14,4,190,197,negative
103,57,105,221,69,11,218,30,24,173,226,706,250,73,10,2,187,195,negative
73,50,102,148,67,6,212,30,24,169,206,725,114,70,3,39,183,190,negative
87,45,82,164,60,8,156,42,19,144,181,366,174,70,2,2,190,196,negative
89,38,77,161,62,7,149,45,19,129,174,327,153,71,6,21,188,193,positive
87,45,66,139,58,8,140,47,18,148,168,294,175,73,3,12,188,196,negative 
86,37,60,115,54,5,119,56,17,132,141,209,129,72,2,8,186,190,negative 
101,51,112,201,59,11,214,32,24,162,223,667,194,65,0,36,190,206,positive
93,40,62,117,49,7,131,52,18,145,160,249,156,78,8,6,184,184,negative 
102,52,98,225,71,10,214,31,24,164,228,682,199,71,0,16,187,196,negative
91,46,78,148,61,9,147,45,19,152,168,323,199,70,13,11,189,200,negative 
85,45,80,154,64,9,147,45,19,148,169,324,174,71,1,4,188,199,negative 
104,53,101,190,63,10,213,32,24,166,218,664,202,74,13,21,188,198,positive
84,45,66,154,65,6,145,46,19,144,168,312,177,73,2,3,184,188,negative 
87,42,64,150,64,10,133,50,18,141,157,265,159,67,7,0,193,201,negative 
91,36,72,162,60,8,150,44,19,133,166,334,121,63,2,22,196,205,positive
85,38,75,132,54,7,147,46,19,131,171,318,145,75,7,25,183,188,positive
84,40,71,131,55,7,150,45,19,134,167,330,165,80,12,1,180,186,negative
85,40,66,121,52,4,152,44,19,133,170,340,163,87,13,3,180,183,negative
89,40,89,174,58,8,177,37,21,133,202,471,155,70,7,18,189,196,positive
97,49,76,203,73,7,178,36,21,157,194,487,186,72,0,7,197,200,negative 
88,40,79,183,62,7,176,38,21,138,200,462,150,66,0,29,189,199,negative
86,38,89,176,59,9,169,39,20,132,190,428,148,67,7,33,193,202,negative
86,42,64,122,54,6,148,46,19,143,170,319,171,87,1,3,179,182,negative 
101,42,62,175,67,6,149,43,19,139,169,341,165,65,7,11,202,209,negative 
73,42,100,195,55,7,167,30,20,140,131,560,188,66,8,19,194,211,negative
73,59,90,110,74,10,209,31,19,154,201,606,204,61,17,16,188,197,negative
90,50,90,188,61,10,181,36,21,158,211,492,220,69,6,19,191,199,positive
109,55,68,178,61,5,227,53,22,134,237,698,182,64,8,39,185,201,negative
98,38,72,192,69,5,166,38,20,131,189,427,138,70,1,3,200,202,negative 
94,45,72,179,69,6,156,41,19,144,181,373,191,69,5,5,193,198,negative 
89,42,89,147,61,11,151,44,19,145,170,338,163,72,11,23,187,199,negative 
93,47,59,121,70,10,145,58,24,177,214,688,186,67,0,18,183,192,positive
109,54,53,147,57,9,183,36,23,135,213,515,170,70,1,14,191,205,positive
73,43,78,149,63,10,192,46,20,149,131,625,219,69,0,5,187,195,negative
89,46,84,163,66,11,159,43,20,159,173,368,176,72,1,20,186,197,negative 
98,42,90,192,61,9,178,37,21,144,189,480,138,61,3,8,199,208,positive
97,52,91,147,68,7,220,33,18,188,131,545,221,69,6,11,198,201,negative
82,53,56,153,64,9,167,61,23,137,130,652,181,70,16,16,179,201,positive
83,42,66,156,67,7,150,45,19,144,174,333,159,78,4,2,182,188,negative 
92,42,75,172,60,8,147,45,19,142,174,322,160,62,22,10,206,211,negative
97,37,78,181,62,8,161,41,20,131,182,389,117,62,2,28,203,211,negative
86,45,71,155,66,7,146,45,19,144,167,322,176,72,5,6,189,196,negative 
87,59,104,185,58,12,191,30,20,138,216,443,159,69,4,4,187,197,negative
77,59,42,110,54,10,218,31,19,153,134,560,135,69,0,8,187,192,negative
89,43,77,147,54,8,144,46,19,146,163,308,174,64,13,5,194,201,positive
81,42,90,150,66,5,227,30,25,171,139,473,150,69,2,17,194,183,negative
75,55,66,113,59,13,207,30,25,188,168,267,189,61,2,37,191,189,negative
104,57,103,216,69,11,219,30,25,176,228,708,219,73,4,3,186,196,negative
84,56,97,159,71,8,213,46,18,151,227,684,191,65,3,19,191,202,positive
102,51,92,194,60,6,220,30,25,162,247,731,209,80,7,7,188,186,negative 
78,56,78,104,54,11,128,37,25,159,219,495,117,82,12,16,179,195,positive
89,59,93,217,64,9,150,30,23,187,209,674,169,67,1,11,194,192,negative
87,43,65,127,56,8,149,46,19,143,169,322,171,85,6,3,180,182,negative 
102,54,101,190,58,10,222,30,25,171,224,728,203,71,13,6,189,198,negative
82,51,97,190,67,8,118,36,20,130,219,262,184,73,3,40,203,194,positive
103,54,107,189,56,11,223,30,25,174,225,729,200,70,0,29,187,201,negative
89,36,68,149,60,8,133,50,18,134,153,265,119,62,6,18,201,209,negative 
91,49,86,195,63,8,177,37,21,156,203,473,201,67,7,5,192,198,negative
86,36,66,128,57,8,131,52,18,127,148,252,139,76,5,27,183,187,negative
106,55,96,196,60,12,221,30,25,173,225,717,214,72,9,13,186,196,negative
81,44,72,139,60,6,153,44,19,146,180,347,178,81,1,15,182,186,negative 
86,38,76,143,59,8,142,47,18,131,167,301,138,71,5,10,189,196,negative 
104,55,109,230,67,12,218,30,24,174,230,706,226,67,8,22,191,202,negative
89,40,58,137,58,7,122,54,17,140,146,225,150,63,7,4,199,206,negative 
101,55,108,228,69,12,215,31,24,168,229,684,214,71,2,16,188,199,positive
85,33,40,115,57,3,112,61,17,119,130,184,127,86,12,21,181,183,positive
84,38,60,128,56,5,132,50,18,130,148,261,141,75,8,4,185,188,negative
92,50,62,104,57,4,192,38,22,177,235,184,168,65,16,40,191,194,positive
91,59,91,177,73,13,227,30,18,155,225,520,216,71,13,14,178,188,negative
83,41,64,157,58,10,141,33,19,177,223,534,194,75,6,18,179,188,positive
79,47,74,141,61,7,153,43,19,149,175,349,199,77,6,10,183,189,negative 
94,42,68,150,64,7,128,52,18,143,154,246,159,69,14,5,192,196,negative 
94,37,72,193,72,6,158,41,19,133,184,385,127,70,0,14,200,204,negative 
98,39,81,191,64,9,166,40,20,138,184,415,131,62,8,19,197,205,positive
97,57,79,198,65,7,227,30,19,132,215,575,210,61,5,19,189,191,negative
91,36,60,126,56,6,119,56,17,130,139,211,118,67,6,14,192,198,negative 
88,53,42,110,74,4,214,30,23,159,169,611,250,70,7,31,185,198,negative
88,53,111,146,59,4,164,35,18,138,220,356,190,75,9,8,184,195,positive
95,54,86,112,73,9,193,40,21,178,140,742,202,70,2,30,176,203,negative
83,40,103,202,61,12,214,30,20,146,209,564,172,69,2,15,191,192,negative
88,46,74,171,68,6,152,43,19,148,180,349,192,71,5,11,189,195,negative 
92,52,110,225,67,7,217,46,18,158,131,433,114,67,7,19,191,192,negative
98,49,84,219,74,7,190,34,22,154,208,558,209,74,4,7,195,195,negative 
87,37,60,132,57,6,128,52,18,129,154,243,132,71,1,14,186,192,positive
82,42,112,143,71,4,184,61,18,152,130,227,187,76,6,19,182,202,positive
85,43,66,121,54,7,150,46,19,147,169,324,175,87,0,5,179,182,negative 
96,46,70,194,70,6,167,39,20,148,183,427,171,69,17,10,200,203,negative 
97,48,105,212,64,11,201,33,23,155,212,602,162,64,2,7,193,202,negative
78,56,112,170,66,8,130,43,25,126,201,184,207,75,5,12,192,198,positive
82,47,40,107,73,10,210,38,22,175,235,184,171,61,0,40,190,193,positive
99,54,100,199,62,9,200,33,23,166,222,600,241,70,2,7,189,198,negative
103,56,105,183,59,10,210,32,24,173,217,648,218,72,13,22,188,196,negative
84,38,66,138,62,6,126,54,18,132,144,232,139,70,4,7,185,190,negative
85,35,64,129,57,6,116,57,17,125,138,200,123,65,1,23,196,203,negative 
103,55,112,162,68,12,163,39,18,171,162,242,203,61,14,9,198,206,positive
97,47,88,183,60,7,197,33,23,148,214,596,201,74,8,0,192,191,negative 
84,44,77,150,59,5,152,44,19,143,175,344,177,77,8,2,183,187,positive
98,40,77,171,61,6,172,37,21,139,197,457,141,72,4,17,199,201,negative 
83,49,107,110,54,12,138,31,25,135,131,414,216,61,16,39,204,195,negative
106,49,107,194,57,11,214,31,24,161,224,670,172,67,0,39,192,206,negative
78,56,96,104,73,9,222,34,25,137,235,484,126,72,3,39,197,194,positive
74,53,110,215,57,7,179,30,20,148,233,610,218,72,0,27,182,194,negative
92,58,96,223,65,13,197,34,18,177,195,254,134,68,7,39,192,183,negative
103,53,106,172,55,10,212,32,24,168,220,660,223,73,16,24,187,197,positive
77,35,87,147,64,7,205,38,19,138,138,586,208,78,4,39,184,193,negative
96,37,74,187,68,8,159,42,20,134,183,378,134,69,3,16,190,197,positive
104,52,96,188,59,9,188,35,22,161,206,530,205,67,11,8,193,200,negative
93,37,72,122,70,12,112,61,25,166,210,690,162,77,2,17,188,193,positive
88,54,71,191,68,3,157,30,22,138,215,364,128,61,9,39,185,195,negative
109,55,102,169,51,6,241,27,26,165,265,870,247,84,10,11,184,183,negative 
87,42,76,159,65,5,155,42,19,138,184,362,157,76,6,12,189,193,negative 
88,34,69,152,57,5,138,48,18,122,158,284,120,62,9,29,204,210,negative
87,42,70,139,59,7,149,45,19,142,177,327,156,78,6,9,185,188,negative 
105,46,100,195,61,9,193,34,22,150,207,557,161,65,5,9,194,202,negative
102,57,61,232,67,8,227,31,25,127,180,508,143,66,5,27,198,187,negative
95,56,49,148,70,9,122,35,24,170,235,392,175,71,14,40,179,198,positive
97,50,108,211,65,10,214,31,24,156,232,683,218,72,7,29,188,197,negative
106,53,98,154,47,4,237,28,26,164,263,838,222,82,4,17,185,184,negative 
84,38,83,141,54,7,149,45,19,132,177,327,149,74,6,29,185,191,positive
114,57,102,181,52,6,257,26,28,169,287,968,261,85,2,21,182,184,negative 
86,42,65,113,50,8,152,45,19,141,169,332,171,85,4,16,179,183,negative 
95,36,73,191,73,6,156,41,19,126,184,374,124,71,2,19,199,204,negative 
73,55,55,215,69,8,227,40,24,143,140,535,156,66,0,39,195,183,negative
78,52,103,105,66,7,115,61,20,150,180,430,195,72,3,13,181,182,positive
88,43,84,136,55,11,154,44,19,150,174,350,164,73,6,2,185,196,negative 
101,56,100,215,69,10,208,32,24,169,227,651,223,74,6,5,186,193,negative
76,44,86,190,74,9,227,30,18,188,189,459,125,73,3,24,179,190,negative
89,44,70,158,64,6,141,47,18,143,164,299,173,66,9,11,193,199,negative 
81,50,102,166,59,7,155,61,23,121,181,449,147,82,9,14,193,183,positive
92,46,82,170,58,8,165,40,20,149,181,409,164,61,8,11,200,208,negative
85,37,80,158,59,8,153,44,19,126,179,348,136,69,6,21,191,197,negative
90,42,63,144,59,7,131,50,18,142,154,259,162,65,15,3,197,204,negative 
90,43,72,157,64,8,136,49,18,145,158,279,167,64,4,6,201,209,negative 
77,50,90,172,65,12,167,30,19,160,156,542,163,61,3,12,190,183,negative
104,50,96,211,65,10,187,35,22,156,207,527,195,65,3,7,195,206,positive
93,41,75,124,51,7,140,49,18,141,164,284,149,77,5,15,184,185,negative 
94,49,87,159,64,10,157,43,20,158,179,363,203,75,4,0,183,194,negative 
84,37,70,145,62,9,136,48,18,134,159,280,140,68,11,9,194,202,negative 
95,45,105,208,64,10,187,36,22,150,202,520,158,64,7,32,198,211,positive
97,37,76,169,60,8,161,41,20,131,189,391,136,72,0,0,188,192,negative
88,43,70,177,74,19,152,44,19,143,180,342,168,76,1,9,186,189,negative 
86,41,66,133,56,6,136,49,18,136,155,274,162,74,5,14,183,189,positive
73,48,101,172,60,8,225,30,22,156,166,358,114,69,0,37,186,195,negative
91,59,50,197,64,9,188,30,24,153,185,217,242,68,6,24,176,193,negative
73,59,98,110,63,8,132,31,20,164,217,668,201,67,0,10,194,183,negative
102,35,99,206,74,7,202,30,22,125,187,503,138,68,8,26,206,189,negative
95,42,85,174,66,9,153,44,19,144,168,347,150,65,11,5,196,204,negative 
80,45,71,128,56,7,151,45,19,147,171,337,176,79,3,16,181,187,negative 
91,56,77,171,54,5,188,51,17,118,221,184,178,71,4,18,203,202,positive
87,39,74,152,58,6,151,44,19,136,174,337,140,70,1,33,187,196,positive
73,57,103,134,56,9,216,30,22,135,209,191,119,68,6,34,192,198,negative
77,41,108,165,57,6,227,33,18,121,233,274,180,70,5,15,195,190,negative
87,48,88,221,70,11,122,52,20,154,165,184,130,65,0,10,196,202,positive
96,54,104,175,58,10,215,31,24,175,221,682,222,75,13,23,186,194,negative
92,55,107,202,67,8,203,30,17,151,200,447,204,72,16,39,197,184,negative
78,43,70,147,65,8,147,46,19,145,169,319,168,77,1,12,181,186,negative 
78,52,74,159,70,7,112,37,20,131,213,226,171,69,2,28,195,200,positive
91,41,84,141,57,9,149,45,19,143,170,330,158,72,9,14,189,199,negative 
104,52,101,206,62,10,198,33,23,161,207,587,204,64,2,5,195,204,negative
73,46,109,153,58,10,209,36,19,165,208,331,217,68,7,6,206,197,negative
94,44,84,216,74,6,184,35,22,145,208,525,154,73,4,22,196,197,negative 
81,56,100,153,61,8,182,33,25,154,208,226,206,75,7,11,184,193,positive
91,58,93,216,56,6,209,33,22,127,146,341,114,68,8,33,176,189,negative
89,59,101,110,60,10,180,30,21,168,134,452,121,68,2,36,191,190,negative
92,38,71,174,66,7,154,43,19,133,181,355,130,70,4,24,189,195,positive
75,52,84,167,68,3,179,35,18,119,148,374,160,70,22,9,188,203,negative
104,58,103,230,69,11,219,30,25,176,231,716,246,71,7,4,187,196,negative
106,52,108,207,64,12,221,31,25,168,229,709,200,73,22,38,190,205,positive
98,46,77,199,71,7,166,39,20,150,184,422,180,69,13,9,200,203,negative 
73,47,89,141,66,9,227,30,19,188,217,533,181,68,15,14,176,197,negative
89,38,80,169,59,7,161,41,20,131,186,389,137,68,5,15,192,197,positive
108,54,103,212,65,11,208,32,24,162,228,648,240,71,9,0,189,197,positive
87,45,77,153,59,7,154,44,19,145,181,350,172,75,15,14,184,189,negative
94,35,66,147,62,9,131,50,18,127,159,258,115,66,8,7,196,201,negative 
99,51,64,160,54,6,217,37,23,157,165,205,237,77,10,40,185,196,positive
95,46,92,159,63,11,160,42,20,157,176,372,171,70,7,21,189,200,negative 
93,45,81,177,64,7,160,41,20,147,180,383,188,70,11,11,192,199,positive
81,48,57,118,68,11,124,33,20,145,186,513,177,72,4,19,187,206,positive
80,40,89,160,60,9,199,51,18,144,233,552,171,66,0,39,185,203,positive
90,44,72,157,64,8,137,48,18,144,159,283,171,65,9,4,196,203,negative 
93,42,88,188,62,10,183,36,21,141,208,504,168,70,3,12,189,197,negative
90,56,109,180,61,11,204,38,25,146,177,528,171,65,4,38,193,195,positive
88,40,66,232,61,10,163,34,25,168,154,404,196,72,16,39,197,191,negative
86,43,70,126,56,6,148,46,19,145,166,317,171,86,6,9,179,182,negative 
89,44,82,136,54,6,149,45,19,144,170,332,168,68,10,14,188,193,negative
87,54,98,205,68,6,156,30,19,159,131,392,124,71,1,39,182,183,negative
78,51,72,159,51,11,137,35,24,172,203,184,117,63,19,0,180,195,positive
102,54,98,201,61,6,225,29,25,165,246,766,231,79,9,14,188,187,negative 
100,49,108,203,52,11,181,44,20,162,160,243,119,62,0,36,188,202,positive
93,43,76,149,57,7,149,44,19,143,172,335,176,69,14,0,189,194,positive
99,41,88,232,69,10,177,45,23,166,223,625,174,77,3,27,199,186,negative
90,46,104,175,62,8,168,35,18,173,158,545,117,73,18,40,190,194,positive
83,40,53,114,53,6,132,53,18,140,142,247,157,86,8,7,176,183,negative 
89,47,80,131,54,11,160,43,20,163,175,369,174,77,1,7,182,193,negative 
89,42,77,104,56,11,202,54,24,177,223,707,178,68,9,40,184,197,positive
80,55,89,104,57,8,132,35,18,177,152,525,117,81,3,27,179,205,positive
85,55,112,201,65,11,112,43,24,174,219,184,181,71,0,36,189,193,positive
91,51,77,180,73,10,227,32,25,174,224,391,210,67,7,39,192,192,negative
86,44,65,129,56,6,152,45,19,150,168,331,177,83,4,13,178,183,negative 
93,44,98,197,62,11,183,36,22,146,202,505,152,64,4,14,195,204,positive
119,54,106,220,65,12,213,31,24,167,223,675,232,66,20,1,192,202,positive
94,45,89,213,71,5,186,35,22,145,204,533,182,71,4,13,195,198,negative 
73,55,98,205,74,5,224,48,22,188,216,626,124,61,8,39,194,191,negative
94,46,52,110,64,8,148,30,24,134,195,257,153,61,7,38,190,209,negative
108,54,109,189,57,11,220,31,25,174,229,709,214,70,12,23,189,201,positive
97,38,75,188,68,6,171,37,20,129,199,450,137,74,2,6,197,199,negative 
97,53,105,225,71,12,221,30,25,167,226,713,202,70,3,20,186,200,positive
85,50,105,147,68,7,192,37,24,136,223,318,198,78,4,9,187,194,positive
89,59,91,160,64,9,227,39,23,169,218,751,147,64,0,14,189,183,negative
98,54,56,203,74,7,214,31,24,132,175,252,160,71,1,9,186,187,negative
92,46,79,176,64,8,162,41,20,149,183,396,178,67,2,10,191,198,negative
81,45,68,137,60,7,152,45,19,151,167,333,179,81,3,13,179,183,negative 
107,54,96,201,62,12,218,31,24,170,221,694,217,71,2,21,187,198,positive
96,48,105,107,62,11,192,53,24,124,159,648,199,73,3,12,187,200,positive
101,56,104,185,53,6,257,26,28,168,275,956,230,83,5,26,180,184,negative 
77,50,100,184,66,5,219,30,20,150,208,390,192,71,12,22,189,211,negative
89,51,84,154,62,9,188,35,20,174,222,558,173,68,4,28,189,195,positive
91,59,42,110,68,5,224,34,23,173,206,559,135,68,3,15,186,183,negative
93,51,99,199,57,11,129,34,24,138,223,618,118,74,10,10,185,201,positive
107,55,103,213,68,11,219,30,25,172,221,709,216,70,10,7,187,197,positive
92,51,63,153,57,9,195,61,17,177,174,673,195,68,12,11,181,200,positive
99,49,100,166,59,8,129,36,18,123,198,617,177,77,12,15,190,206,positive
111,54,103,171,50,11,221,30,25,172,227,727,201,69,15,6,190,198,negative
106,54,103,161,47,4,247,27,27,166,266,892,242,85,4,11,181,183,negative 
86,40,66,139,59,7,122,54,17,139,145,225,143,63,7,11,202,208,negative 
90,55,86,104,58,7,147,37,18,129,148,559,187,72,9,16,182,198,positive
103,48,101,204,62,12,200,33,23,158,215,595,164,66,8,22,192,202,negative
89,37,51,111,54,5,120,56,17,127,138,213,147,82,7,4,181,183,negative 
89,47,83,169,61,8,164,40,20,150,189,402,190,72,7,10,187,193,positive
86,44,78,164,68,9,142,46,18,147,168,305,171,70,1,11,190,201,negative 
102,48,105,214,64,10,201,33,23,152,214,600,178,64,0,25,192,204,positive
89,40,72,155,63,7,146,45,19,135,175,321,145,72,4,10,192,196,negative 
80,56,112,149,70,11,135,61,19,156,164,343,194,64,1,2,189,200,positive
85,56,101,149,63,11,175,56,22,158,146,230,117,77,11,40,185,182,positive
92,47,52,232,59,5,188,30,21,151,220,535,210,67,10,4,187,192,negative
106,48,99,197,72,7,227,34,23,164,201,625,147,66,22,10,196,203,negative
88,48,90,178,60,8,175,38,21,152,200,460,198,68,13,16,192,199,positive
86,49,55,151,58,10,146,59,20,125,221,706,167,64,9,20,180,211,positive
103,49,107,179,54,12,208,32,24,159,214,644,183,66,1,12,191,200,negative
91,42,81,193,69,5,169,38,20,137,184,434,156,68,3,23,198,204,negative 
93,42,98,192,63,9,185,36,22,138,206,508,173,70,10,21,189,197,positive
90,39,57,114,48,7,135,51,18,139,155,261,151,85,12,8,183,182,negative 
85,50,40,104,65,4,207,34,22,175,214,721,117,73,10,20,197,193,positive
102,51,108,193,57,10,212,31,24,162,219,663,184,66,7,21,191,201,negative
87,47,110,142,54,11,167,37,22,154,218,395,178,69,12,18,179,200,positive
105,44,98,158,64,9,135,50,23,171,235,309,144,72,0,39,200,188,positive
90,34,66,158,59,7,140,47,18,124,165,298,117,61,1,3,201,207,positive
90,40,83,178,61,8,178,37,21,132,199,472,157,71,1,14,187,193,negative
111,50,103,199,60,11,211,31,24,156,223,663,188,68,9,9,190,200,positive
82,40,73,141,57,8,153,44,19,133,173,342,153,75,11,9,181,187,negative
96,57,100,168,64,7,212,32,23,152,232,191,114,61,19,26,185,187,negative
93,42,64,123,51,7,135,51,18,144,164,262,155,78,16,12,185,185,negative 
89,42,80,151,62,6,144,46,19,139,166,308,170,74,17,13,185,189,positive
97,48,94,198,63,9,181,36,21,155,200,494,189,64,20,11,199,203,negative
93,35,78,162,60,8,150,45,19,125,172,331,137,67,2,33,191,198,negative
86,36,77,165,60,7,150,45,19,128,174,331,131,66,0,32,196,203,positive
101,53,103,203,63,9,195,34,22,162,210,571,210,68,5,5,191,198,negative
93,47,71,141,74,3,227,30,22,164,200,339,170,69,5,17,199,190,negative
83,43,108,167,59,8,146,61,20,170,235,305,195,65,0,20,190,196,positive
96,35,50,104,59,5,216,35,25,177,160,495,162,78,9,37,185,199,positive
82,59,65,110,62,5,197,36,22,185,131,340,208,71,0,31,185,209,negative
78,56,78,104,55,11,148,32,23,177,209,184,202,75,2,40,184,184,positive
83,56,107,174,69,11,112,37,24,158,211,578,213,66,8,19,184,196,positive
86,43,66,130,56,7,152,44,19,142,177,340,173,81,6,14,181,185,negative 
93,45,73,164,59,7,159,42,20,146,182,379,188,65,11,15,195,201,negative
110,51,104,191,57,12,213,31,24,162,226,674,190,68,18,2,191,199,positive
104,54,101,197,64,11,213,31,24,172,218,669,222,74,14,4,187,196,positive
87,44,98,211,70,10,189,35,22,141,214,535,178,71,2,21,187,194,negative
95,45,80,186,62,7,164,40,20,145,188,406,178,65,11,18,199,204,negative
96,39,58,117,51,6,133,52,18,139,154,255,150,86,6,0,181,182,negative 
96,45,80,162,63,9,146,46,19,148,161,316,161,64,5,10,199,207,negative 
87,46,71,159,66,6,151,44,19,146,175,343,189,73,2,0,186,190,negative 
99,53,57,119,64,10,224,31,25,131,156,191,176,75,8,39,189,183,negative
94,43,82,136,54,10,155,43,19,149,176,359,161,74,1,6,186,197,negative 
104,54,100,186,61,10,216,31,24,173,225,686,220,74,5,11,185,195,positive
86,35,44,110,54,2,119,57,17,121,139,208,137,90,6,1,180,183,negative 
86,41,64,148,61,5,150,45,19,138,165,333,173,80,5,8,182,185,positive
104,52,100,191,59,9,197,33,23,158,218,583,234,70,10,10,191,198,positive
78,38,95,150,63,9,128,56,22,163,220,638,117,78,17,12,186,198,positive
88,55,108,165,67,9,125,35,24,160,206,598,192,70,0,15,187,194,positive
100,47,88,190,60,10,171,38,21,155,186,440,169,59,15,18,201,210,positive
90,48,78,142,59,11,160,43,20,160,173,370,185,76,10,11,183,192,negative 
84,37,53,121,59,5,123,55,17,125,141,221,133,82,7,1,179,183,negative 
86,40,66,138,59,4,137,49,18,133,162,279,151,74,6,14,186,190,positive
107,54,98,203,65,11,218,31,25,167,229,696,216,72,1,28,187,199,positive
91,38,70,160,66,25,140,47,18,139,162,296,130,67,4,11,192,202,negative 
97,59,108,227,70,11,224,30,25,186,225,732,218,70,10,25,186,198,negative
90,41,62,147,60,6,128,52,18,141,149,246,157,61,13,4,201,208,negative 
98,45,76,166,60,7,157,42,20,148,184,371,186,69,13,10,190,196,negative
105,55,96,181,56,9,219,30,25,175,231,713,216,74,4,5,187,194,negative
91,41,64,148,61,8,129,51,18,142,161,249,153,68,6,12,194,201,negative 
82,43,46,104,67,8,190,49,21,168,229,226,153,71,13,40,196,205,positive
94,46,91,175,70,12,157,43,20,155,172,358,192,69,15,21,190,200,negative 
92,59,58,232,63,7,210,30,21,143,238,191,114,61,1,32,186,201,negative
90,49,83,187,63,7,176,37,21,154,205,467,222,70,1,2,189,195,positive
109,48,107,215,62,10,205,32,23,158,222,624,168,65,9,32,195,206,negative
86,39,62,129,59,6,116,57,17,135,137,203,145,64,7,9,199,204,negative 
74,55,99,139,72,9,191,30,25,147,131,757,149,61,3,39,197,191,negative
85,45,70,120,54,7,149,45,19,145,169,326,186,81,8,4,181,184,negative 
113,57,109,194,56,6,260,26,28,175,288,982,261,85,11,21,182,183,negative 
78,46,110,155,56,12,188,61,17,170,206,530,190,73,11,17,202,199,positive
106,49,106,211,64,9,208,32,24,158,224,645,184,68,1,24,190,202,positive
78,42,84,171,62,8,199,35,18,133,233,721,206,74,14,18,183,201,positive
108,49,109,204,61,11,212,31,24,159,229,665,215,71,16,11,190,199,positive
97,42,89,147,66,6,224,35,18,146,196,319,211,61,0,19,190,194,negative
79,51,42,132,64,4,227,30,25,144,222,242,114,71,0,39,190,204,negative
85,37,68,145,60,6,130,51,18,130,150,253,121,65,3,14,195,203,negative 
81,43,68,125,57,8,149,46,19,146,169,323,172,83,6,18,179,184,negative 
88,35,50,121,58,5,114,59,17,122,132,192,138,74,21,4,182,187,negative
96,40,100,178,58,8,181,37,21,134,205,486,160,68,5,34,192,202,positive
83,59,96,203,60,5,193,30,23,154,209,191,138,71,0,8,188,211,negative
93,37,73,174,68,7,151,43,19,131,175,347,135,68,1,22,196,205,negative 
92,42,69,153,58,8,140,48,18,138,165,290,151,64,10,21,199,206,negative
87,38,71,123,53,8,137,49,18,127,158,277,145,75,0,9,181,186,positive
100,45,100,209,65,8,201,32,23,147,231,611,189,72,5,5,189,195,negative
98,44,88,176,67,10,158,43,20,149,173,367,154,66,14,9,194,202,negative 
84,47,75,153,64,6,154,43,19,145,175,354,184,75,0,3,185,192,negative 
82,43,70,250,105,55,139,48,18,145,231,289,172,99,4,9,190,199,negative 
78,56,66,104,69,11,218,58,20,165,197,527,146,71,22,27,191,198,positive
97,44,96,195,63,9,185,36,22,144,202,512,165,66,4,8,191,199,positive
107,57,102,184,55,7,234,28,26,171,243,822,229,77,7,11,187,187,negative 
88,36,78,160,62,6,140,48,18,123,161,287,129,66,4,35,194,202,negative
90,48,86,306,126,49,153,44,19,156,272,346,200,118,0,15,185,194,negative 
80,40,87,128,55,11,144,37,18,164,213,566,209,82,0,18,186,194,positive
105,56,98,209,64,11,217,31,24,173,225,696,216,72,2,19,188,199,negative
79,38,55,120,55,5,142,48,19,128,153,295,145,81,4,2,180,183,positive
93,50,57,172,54,5,227,39,21,141,217,691,218,73,17,8,196,200,negative
86,52,93,145,61,12,220,37,23,150,216,258,127,74,14,11,183,203,positive
79,59,108,161,74,8,211,30,25,186,238,609,114,66,9,39,194,191,negative
108,57,106,177,51,5,256,26,28,170,285,966,261,87,11,2,182,181,negative 
103,52,87,230,56,5,223,33,21,186,203,427,154,66,20,9,193,194,negative
88,56,109,104,70,8,138,37,18,137,191,583,215,69,1,2,186,187,positive
84,36,75,136,55,6,140,48,18,125,166,290,138,71,4,36,189,195,positive
102,49,94,134,74,9,122,30,17,182,215,568,208,71,5,12,179,188,negative
91,39,72,133,55,7,146,46,19,132,170,314,149,77,9,18,184,189,positive
107,56,105,202,61,11,221,30,25,179,234,725,212,72,15,1,189,196,negative
85,42,70,177,53,5,124,39,21,177,223,458,117,68,0,16,180,182,positive
108,56,102,246,75,6,239,28,26,167,264,855,228,82,9,13,186,185,negative 
81,45,68,169,73,6,151,44,19,146,173,336,186,75,7,0,183,189,negative 
93,34,72,144,56,6,133,50,18,123,158,263,125,63,5,20,200,206,positive
83,44,70,166,69,5,143,46,18,143,166,306,170,69,7,6,188,193,negative 
80,46,69,205,60,9,227,49,20,144,205,757,114,71,8,7,192,200,negative
78,38,63,115,51,6,142,47,19,130,162,299,146,77,2,4,181,185,positive
103,55,103,211,65,11,212,31,24,165,229,673,249,72,5,16,188,196,negative
88,39,70,166,66,7,148,44,19,134,167,332,143,69,5,13,193,201,negative 
94,38,84,158,55,9,169,39,20,130,196,430,155,69,9,15,190,195,negative
86,42,65,116,53,6,152,45,19,141,175,335,172,85,5,4,179,183,negative 
88,38,77,156,56,7,163,41,20,129,184,395,140,67,1,9,192,198,negative
96,49,98,187,59,6,213,31,24,152,228,680,210,77,8,28,188,189,negative 
96,46,88,174,68,10,155,43,19,148,173,354,182,69,14,15,194,202,negative 
101,51,98,194,60,10,195,34,22,161,219,572,219,67,0,10,192,201,positive
85,47,75,121,53,9,157,44,20,165,168,358,176,77,1,7,182,191,negative 
89,54,92,198,70,11,188,39,20,188,131,293,177,68,14,11,186,183,negative
82,48,54,220,58,6,187,49,25,168,203,356,118,63,7,39,193,201,negative
94,46,79,181,62,8,167,40,20,148,190,418,193,67,12,15,191,198,negative
