93,44,98,197,62,11,183,36,22,146,202,505,152,64,4,14,195,204,positive
86,36,70,143,61,9,133,50,18,130,153,266,127,66,2,10,194,202,negative 
99,41,77,197,69,6,177,36,21,139,202,485,151,72,4,10,198,199,negative 
94,49,87,137,54,11,158,43,20,162,178,366,186,75,5,5,183,194,negative 
107,53,103,221,66,11,209,32,24,163,222,653,212,66,0,1,191,201,negative
93,45,86,201,69,7,184,35,22,145,203,523,183,72,0,4,194,197,negative 
89,41,75,143,56,7,146,46,19,137,170,317,156,76,18,5,184,188,negative
101,53,103,203,63,9,195,34,22,162,210,571,210,68,5,5,191,198,negative
91,39,83,170,60,8,172,38,21,134,197,445,152,72,0,10,188,194,positive
89,44,68,113,50,7,150,45,19,147,171,328,189,88,6,5,179,182,negative 
94,36,68,127,54,7,127,52,18,132,155,242,116,66,1,2,195,196,negative 
89,40,76,188,76,7,150,44,19,136,174,342,148,72,3,8,193,197,negative 
82,45,66,252,126,52,148,45,19,144,237,326,185,119,1,1,181,185,negative 
88,35,50,121,58,5,114,59,17,122,132,192,138,74,21,4,182,187,negative
92,40,82,163,63,9,146,45,19,140,165,319,137,64,9,0,199,206,negative 
90,36,57,130,57,6,121,56,17,127,137,216,132,68,22,23,190,195,positive
102,54,100,163,53,10,213,31,24,173,219,669,201,76,12,27,187,195,negative
89,47,83,322,133,48,158,43,20,163,229,364,176,97,0,14,184,194,negative 
86,48,75,136,58,10,161,43,20,163,170,371,185,75,3,1,183,192,negative 
81,42,63,125,55,8,149,46,19,145,166,320,172,86,7,7,179,182,negative 
103,54,107,218,64,12,222,30,25,174,221,728,199,67,0,18,189,200,negative
104,50,96,211,65,10,187,35,22,156,207,527,195,65,3,7,195,206,positive
110,56,103,223,64,5,250,26,27,169,280,928,239,85,4,6,184,183,negative 
94,45,81,166,67,9,145,46,19,147,164,313,179,66,11,14,194,202,negative 
89,44,72,160,66,7,144,46,19,147,166,312,169,69,11,1,191,198,negative 
93,37,73,174,68,7,151,43,19,131,175,347,135,68,1,22,196,205,negative 
89,40,58,137,58,7,122,54,17,140,146,225,150,63,7,4,199,206,negative 
87,47,81,149,62,9,147,45,19,152,171,325,181,72,0,6,188,198,negative 
104,57,103,216,69,11,219,30,25,176,228,708,219,73,4,3,186,196,negative
83,44,68,144,61,8,147,45,19,143,170,325,180,74,1,1,185,191,negative 
99,55,101,206,62,13,222,30,25,180,225,722,213,71,2,3,186,196,negative
100,52,104,189,59,10,208,32,24,163,220,642,197,70,1,22,187,198,positive
101,55,108,228,69,12,215,31,24,168,229,684,214,71,2,16,188,199,positive
99,48,104,196,63,10,201,33,23,152,221,604,199,73,8,4,188,197,positive
103,49,100,194,60,10,185,35,22,160,202,518,178,62,13,8,198,208,positive
86,46,73,125,57,6,151,45,19,147,170,334,188,82,9,11,180,184,negative 
98,52,86,207,69,5,192,33,22,161,212,570,221,75,4,6,194,195,negative 
86,45,73,152,63,6,149,44,19,145,170,335,176,71,6,1,189,196,negative 
83,37,54,131,61,4,135,50,18,127,152,271,141,85,3,6,180,183,positive
84,45,68,148,64,6,146,46,19,142,168,317,180,75,5,1,183,187,negative 
96,41,77,177,64,5,177,36,21,134,205,485,148,74,0,4,196,198,negative 
99,43,89,195,63,8,186,35,22,144,210,521,166,68,6,13,191,199,positive
86,38,86,175,60,9,170,39,21,134,191,433,138,68,1,28,191,199,positive
84,37,70,145,62,9,136,48,18,134,159,280,140,68,11,9,194,202,negative 
99,47,91,226,74,5,202,32,23,148,234,629,186,79,4,11,192,191,negative 
92,38,74,178,62,9,161,41,20,135,181,388,132,63,7,29,197,206,negative
101,55,101,183,57,13,225,30,25,177,225,741,204,71,5,10,186,198,negative
86,38,76,143,59,8,142,47,18,131,167,301,138,71,5,10,189,196,negative 
101,51,112,201,59,11,214,32,24,162,223,667,194,65,0,36,190,206,positive
93,35,78,162,60,8,150,45,19,125,172,331,137,67,2,33,191,198,negative
109,55,96,191,57,6,241,28,26,170,267,857,242,85,8,9,184,184,negative 
92,45,74,187,74,7,157,41,19,143,179,375,183,70,8,6,195,201,negative 
88,34,58,140,59,6,127,52,18,130,148,243,113,63,4,10,199,206,negative 
93,39,86,180,59,9,167,39,20,134,186,418,129,63,6,17,197,204,positive
86,40,66,138,59,4,137,49,18,133,162,279,151,74,6,14,186,190,positive
88,39,88,194,69,8,168,40,20,133,199,416,151,74,3,22,186,192,negative
97,35,66,151,64,8,128,52,18,129,148,246,112,66,6,2,195,200,negative 
84,38,66,138,62,6,126,54,18,132,144,232,139,70,4,7,185,190,negative
85,35,64,129,57,6,116,57,17,125,138,200,123,65,1,23,196,203,negative 
104,55,105,223,70,10,223,30,25,177,237,737,218,75,14,11,188,196,negative
97,53,105,225,71,12,221,30,25,167,226,713,202,70,3,20,186,200,positive
83,37,49,112,55,5,122,55,17,128,144,219,146,85,8,16,180,184,negative 
88,44,71,165,70,7,144,46,19,141,167,312,172,71,4,4,188,193,negative 
96,41,69,153,56,7,141,47,18,141,162,297,169,61,11,8,202,209,positive
89,38,77,161,62,7,149,45,19,129,174,327,153,71,6,21,188,193,positive
86,35,44,110,54,2,119,57,17,121,139,208,137,90,6,1,180,183,negative 
91,39,77,153,59,8,139,48,18,139,159,289,123,62,8,17,201,209,negative 
90,43,72,157,64,8,136,49,18,145,158,279,167,64,4,6,201,209,negative 
102,43,96,197,63,10,185,36,22,142,202,513,139,65,8,12,195,204,negative
92,37,80,180,67,8,154,43,19,129,180,353,144,69,6,9,190,195,positive
88,40,69,146,59,7,130,51,18,134,147,252,144,64,1,1,193,200,negative
106,53,98,192,58,11,217,31,24,166,228,693,191,71,11,24,188,198,negative
99,52,104,177,55,10,210,32,24,166,219,657,215,73,3,2,187,194,negative
102,54,98,201,61,6,225,29,25,165,246,766,231,79,9,14,188,187,negative 
91,38,76,172,61,8,167,40,20,134,196,415,145,71,0,28,189,198,negative
94,45,85,160,63,10,158,43,20,157,174,367,162,68,1,6,189,199,negative 
103,48,96,232,71,10,205,32,23,153,226,633,197,71,2,15,188,196,negative
100,50,98,204,63,6,218,30,24,156,232,719,213,77,8,7,189,189,negative 
93,51,90,209,69,8,183,36,22,156,211,506,230,70,6,1,189,196,positive
95,53,95,202,65,10,193,34,22,160,220,559,237,71,3,2,188,196,positive
102,52,98,225,71,10,214,31,24,164,228,682,199,71,0,16,187,196,negative
107,54,96,201,62,12,218,31,24,170,221,694,217,71,2,21,187,198,positive
85,43,66,123,56,6,148,46,19,145,166,319,171,85,6,11,179,182,negative 
100,47,70,185,70,7,162,40,20,153,179,406,172,68,9,6,200,205,negative 
94,46,77,169,60,8,158,42,20,148,181,373,181,67,12,2,193,199,positive
