78,59,50,121,62,13,147,31,21,128,241,458,149,71,1,6,191,195,negative
102,52,101,213,64,10,203,33,23,157,214,616,186,65,0,19,193,203,negative
104,56,93,216,66,10,196,38,19,126,210,308,171,59,0,6,196,201,positive
89,46,77,125,52,10,156,44,20,160,171,351,177,78,7,17,183,191,negative 
95,41,63,164,56,8,114,32,23,143,241,601,151,74,3,0,177,194,negative
89,47,83,169,61,8,164,40,20,150,189,402,190,72,7,10,187,193,positive
107,52,103,186,57,11,214,31,24,162,217,676,189,66,6,5,189,198,negative
115,53,100,205,64,11,220,30,25,166,229,710,214,71,21,11,189,199,positive
88,52,42,203,56,12,171,49,24,159,223,585,190,69,1,16,194,192,negative
87,45,82,164,60,8,156,42,19,144,181,366,174,70,2,2,190,196,negative
107,54,98,210,66,11,218,31,24,169,221,704,216,71,14,0,188,197,positive
98,55,101,228,70,9,210,31,24,168,236,661,245,72,1,6,188,197,negative
94,43,65,130,55,7,140,48,18,135,241,635,200,61,2,8,183,198,negative
85,38,75,132,54,7,147,46,19,131,171,318,145,75,7,25,183,188,positive
98,39,68,121,49,7,134,51,18,142,164,261,134,75,4,1,186,186,negative 
93,44,98,197,62,11,183,36,22,146,202,505,152,64,4,14,195,204,positive
93,44,90,166,65,10,153,44,19,156,170,348,143,66,9,17,194,203,negative 
97,47,88,183,60,7,197,33,23,148,214,596,201,74,8,0,192,191,negative 
92,56,94,104,60,8,168,32,24,141,178,219,156,59,0,7,186,190,positive
85,43,69,141,62,7,152,44,19,145,178,341,179,84,1,4,181,184,negative 
83,36,54,119,57,6,128,53,18,125,143,238,139,82,6,3,179,183,positive
101,53,103,203,63,9,195,34,22,162,210,571,210,68,5,5,191,198,negative
100,55,101,189,57,10,222,30,25,177,225,731,211,71,7,17,188,197,negative
84,36,75,136,55,6,140,48,18,125,166,290,138,71,4,36,189,195,positive
103,46,106,209,66,10,203,33,23,149,217,612,210,70,9,10,191,199,positive
102,54,98,201,61,6,225,29,25,165,246,766,231,79,9,14,188,187,negative 
96,46,88,174,68,10,155,43,19,148,173,354,182,69,14,15,194,202,negative 
94,36,68,127,54,7,127,52,18,132,155,242,116,66,1,2,195,196,negative 
88,44,85,139,56,11,157,43,20,155,176,363,175,76,5,16,184,195,negative 
85,43,66,123,56,6,148,46,19,145,166,319,171,85,6,11,179,182,negative 
116,53,110,231,67,12,217,31,24,165,231,692,222,67,16,28,192,206,positive
97,46,94,209,67,10,195,34,22,147,224,573,194,70,0,14,188,197,negative
108,54,109,189,57,11,220,31,25,174,229,709,214,70,12,23,189,201,positive
96,54,103,158,54,11,161,38,18,153,204,331,163,65,0,18,189,184,positive
87,56,95,193,62,10,168,34,19,138,227,632,173,68,8,21,187,182,positive
84,45,68,148,64,6,146,46,19,142,168,317,180,75,5,1,183,187,negative 
98,51,96,203,66,10,188,35,22,157,207,533,231,68,10,1,191,199,positive
85,35,47,110,55,3,117,57,17,122,136,203,139,89,5,9,180,184,negative 
89,44,76,115,62,9,155,30,19,143,194,661,210,84,0,22,179,195,positive
94,45,81,166,67,9,145,46,19,147,164,313,179,66,11,14,194,202,negative 
95,46,105,219,68,9,201,33,23,148,223,602,201,69,5,38,191,202,negative
90,49,83,187,63,7,176,37,21,154,205,467,222,70,1,2,189,195,positive
94,46,79,181,62,8,167,40,20,148,190,418,193,67,12,15,191,198,negative
95,35,42,178,64,10,190,35,24,122,234,324,203,71,8,0,178,190,negative
97,39,83,127,58,12,198,39,25,178,235,258,213,67,7,7,176,192,negative
103,41,83,194,63,9,175,38,21,142,199,455,138,65,7,30,197,206,negative
93,35,78,162,60,8,150,45,19,125,172,331,137,67,2,33,191,198,negative
86,35,44,110,54,2,119,57,17,121,139,208,137,90,6,1,180,183,negative 
92,38,60,130,62,5,114,58,17,132,135,194,137,72,14,5,190,194,negative 
101,51,112,201,59,11,214,32,24,162,223,667,194,65,0,36,190,206,positive
106,55,107,128,52,8,176,35,17,125,225,660,209,66,0,18,203,190,positive
109,51,100,197,59,10,192,34,22,161,210,553,195,64,14,3,196,202,negative
97,48,94,198,63,9,181,36,21,155,200,494,189,64,20,11,199,203,negative
90,42,63,126,55,7,152,45,19,142,173,336,173,81,0,15,180,184,negative 
108,37,66,175,62,13,156,37,24,140,241,746,134,69,4,13,178,183,negative
101,46,105,195,61,10,198,34,23,150,213,578,195,66,7,38,192,205,positive
110,46,100,197,61,9,193,34,22,149,209,561,160,65,11,7,194,203,positive
105,45,100,195,61,10,198,33,23,149,214,586,186,67,8,5,192,200,positive
94,38,97,130,61,12,151,57,25,170,164,484,170,59,0,6,185,200,positive
78,56,108,216,63,9,218,34,24,152,166,521,126,64,9,6,195,182,positive
84,45,66,154,65,6,145,46,19,144,168,312,177,73,2,3,184,188,negative 
112,50,104,197,58,11,208,32,24,159,223,639,186,67,15,22,191,202,positive
93,42,64,123,51,7,135,51,18,144,164,262,155,78,16,12,185,185,negative 
92,43,70,124,52,6,139,49,18,144,164,282,172,79,4,16,183,185,negative 
77,48,74,193,64,13,126,30,19,128,216,700,206,61,10,0,206,185,negative
91,46,78,148,61,9,147,45,19,152,168,323,199,70,13,11,189,200,negative 
100,45,100,209,65,8,201,32,23,147,231,611,189,72,5,5,189,195,negative
91,56,112,198,72,9,201,38,19,175,235,550,153,59,4,13,203,182,positive
88,40,78,186,73,6,158,41,20,134,185,379,148,73,1,11,193,197,negative 
93,33,79,138,58,8,169,34,25,173,207,658,179,70,0,36,194,182,positive
98,48,101,203,65,9,197,33,23,152,216,584,174,68,2,5,189,197,positive
80,45,71,128,56,7,151,45,19,147,171,337,176,79,3,16,181,187,negative 
99,50,94,166,67,4,153,34,22,177,235,691,125,59,0,21,185,205,positive
86,37,77,144,54,7,154,43,19,127,179,352,145,71,14,13,186,191,negative
101,37,74,223,52,11,185,30,25,138,241,607,149,61,4,3,202,195,negative
90,46,85,165,65,6,193,41,24,150,224,622,145,62,6,21,192,195,positive
103,56,105,183,59,10,210,32,24,173,217,648,218,72,13,22,188,196,negative
91,39,77,153,59,8,139,48,18,139,159,289,123,62,8,17,201,209,negative 
101,56,104,185,53,6,257,26,28,168,275,956,230,83,5,26,180,184,negative 
82,44,72,150,64,7,154,44,19,144,181,350,177,80,0,16,183,187,negative 
86,44,65,129,56,6,152,45,19,150,168,331,177,83,4,13,178,183,negative 
75,40,55,111,56,12,114,35,20,130,186,362,180,76,1,18,183,197,negative
93,46,104,119,57,6,222,30,23,149,219,603,184,77,13,26,183,197,positive
86,43,61,119,53,8,150,46,19,144,169,326,172,85,8,8,179,182,negative 
90,45,74,174,52,9,211,30,23,127,196,191,127,64,3,5,196,210,negative
96,43,72,162,61,8,131,33,19,142,241,545,199,69,6,0,181,196,negative
91,45,75,154,57,6,150,44,19,146,170,335,180,66,16,2,193,198,negative
96,45,101,201,66,9,192,34,22,143,218,552,195,73,3,19,189,197,positive
91,41,66,131,56,9,126,53,18,144,159,237,155,72,3,10,191,194,negative 
99,50,88,204,64,10,185,35,22,159,209,517,193,66,12,11,194,201,negative
91,36,77,157,56,7,155,42,19,126,177,361,123,65,8,15,195,201,positive
98,44,88,176,67,10,158,43,20,149,173,367,154,66,14,9,194,202,negative 
104,50,96,211,65,10,187,35,22,156,207,527,195,65,3,7,195,206,positive
88,40,55,114,53,7,132,53,18,139,142,249,158,87,0,7,176,183,negative 
105,51,93,160,51,7,217,30,24,165,240,703,208,81,9,25,188,188,negative 
87,47,81,149,62,9,147,45,19,152,171,325,181,72,0,6,188,198,negative 
102,46,42,181,57,11,114,30,20,128,237,505,216,62,6,31,191,187,negative
94,49,79,203,71,5,174,37,21,154,196,465,206,71,6,2,197,199,negative 
81,43,68,148,64,7,150,45,19,144,175,330,171,80,1,2,182,185,negative 
85,44,66,125,58,6,148,45,19,145,170,323,185,84,8,1,180,183,negative 
100,38,103,215,59,7,129,31,19,162,232,554,133,64,0,24,200,197,positive
77,38,63,135,59,5,130,52,18,130,145,247,139,79,13,21,183,187,negative
96,46,88,160,64,9,151,44,19,148,173,339,182,70,15,11,192,199,negative 
105,56,98,209,64,11,217,31,24,173,225,696,216,72,2,19,188,199,negative
99,43,89,195,63,8,186,35,22,144,210,521,166,68,6,13,191,199,positive
90,48,44,110,58,10,142,37,18,119,213,586,212,61,0,4,187,200,negative
103,42,90,229,52,12,114,38,18,119,229,756,207,61,0,18,180,190,negative
91,45,79,176,59,9,163,40,20,148,184,404,179,62,0,10,199,208,positive
82,55,107,196,60,3,171,48,24,177,208,450,118,69,0,25,187,205,positive
97,45,76,175,60,9,157,42,20,149,180,370,169,63,16,12,198,206,positive
101,48,107,222,68,10,208,32,24,154,232,641,204,70,5,38,190,202,negative
108,35,95,166,63,11,178,48,25,172,209,687,181,76,15,6,190,194,positive
86,43,68,150,64,9,138,48,18,143,161,285,174,69,6,0,192,201,negative 
91,42,84,209,75,6,171,38,20,138,189,446,161,69,3,12,196,201,negative 
83,44,68,144,61,8,147,45,19,143,170,325,180,74,1,1,185,191,negative 
99,48,79,199,68,6,185,35,22,153,202,524,171,74,5,8,195,195,negative 
93,39,63,146,58,7,128,52,18,134,149,246,158,63,9,7,198,204,positive
94,49,82,137,56,10,159,43,20,160,176,367,186,76,10,7,183,192,negative 
93,35,72,172,62,7,149,44,19,124,169,334,125,62,5,30,203,210,negative
86,45,71,155,66,7,146,45,19,144,167,322,176,72,5,6,189,196,negative 
93,51,90,209,69,8,183,36,22,156,211,506,230,70,6,1,189,196,positive
85,33,40,115,57,3,112,61,17,119,130,184,127,86,12,21,181,183,positive
107,55,103,167,49,7,252,27,28,172,269,904,239,83,5,30,179,186,negative 
81,56,111,169,71,7,163,46,22,118,227,184,189,71,0,28,189,190,positive
81,45,68,169,73,6,151,44,19,146,173,336,186,75,7,0,183,189,negative 
105,53,108,206,63,12,222,31,25,168,226,712,201,71,15,35,189,203,positive
109,42,99,157,63,9,222,38,23,134,208,184,240,68,4,16,192,186,positive
103,53,106,172,55,10,212,32,24,168,220,660,223,73,16,24,187,197,positive
98,40,69,132,58,11,135,32,25,119,221,452,174,61,0,2,181,196,negative
104,52,110,172,53,10,219,30,25,166,235,711,218,74,10,28,188,198,negative
83,41,93,104,59,4,155,57,22,177,235,591,140,68,1,23,195,185,positive
101,55,108,228,69,12,215,31,24,168,229,684,214,71,2,16,188,199,positive
90,43,72,172,59,8,154,42,19,144,174,360,158,61,15,9,203,209,positive
93,42,70,131,56,7,127,53,18,145,156,240,152,74,5,4,189,190,negative 
104,53,101,199,65,11,213,31,24,168,216,667,221,72,12,12,187,198,positive
84,38,74,138,57,8,139,49,18,127,160,282,127,72,9,20,183,191,negative
105,46,100,195,61,9,193,34,22,150,207,557,161,65,5,9,194,202,negative
84,42,76,156,64,7,151,44,19,143,179,339,157,75,0,20,187,193,negative 
90,34,66,158,59,7,140,47,18,124,165,298,117,61,1,3,201,207,positive
90,38,79,185,69,6,160,40,20,130,178,393,133,66,2,14,198,205,negative 
78,42,109,226,53,6,196,34,24,163,200,587,166,61,0,0,191,204,positive
80,43,68,120,54,8,150,45,19,145,171,329,176,85,4,8,179,183,negative 
86,41,66,129,55,7,135,50,18,136,154,266,165,74,3,4,180,187,negative
82,43,73,154,65,7,151,44,19,143,178,341,160,76,5,11,185,189,negative 
109,54,109,225,68,11,214,31,24,169,226,675,212,68,11,32,189,202,positive
96,50,74,149,52,6,177,33,18,171,235,184,195,64,0,13,193,193,positive
95,58,79,175,52,11,180,30,20,170,237,450,160,70,1,7,206,188,negative
79,46,90,123,52,9,174,31,19,119,232,520,130,73,3,5,186,186,negative
83,41,70,155,65,7,144,46,19,141,168,309,147,71,4,12,188,195,negative 
101,51,43,178,59,10,187,49,21,126,219,524,212,61,0,0,191,187,negative
89,46,46,168,64,12,136,30,24,119,241,282,167,61,15,4,182,183,negative
93,43,112,177,64,7,207,34,21,173,176,625,206,81,0,5,203,207,positive
86,46,73,125,57,6,151,45,19,147,170,334,188,82,9,11,180,184,negative 
85,37,68,145,60,6,130,51,18,130,150,253,121,65,3,14,195,203,negative 
99,42,78,196,56,11,123,39,24,119,131,510,135,66,1,7,181,208,negative
105,55,96,181,56,9,219,30,25,175,231,713,216,74,4,5,187,194,negative
90,41,62,147,60,6,128,52,18,141,149,246,157,61,13,4,201,208,negative 
97,42,81,190,57,12,169,30,23,156,239,680,166,63,4,0,186,197,negative
87,47,44,213,52,10,114,32,24,127,218,590,229,69,0,0,193,191,negative
113,53,93,197,62,11,216,31,24,165,221,688,196,72,6,25,188,199,positive
111,58,105,183,51,6,265,26,29,174,285,1018,255,85,4,8,181,183,negative 
102,54,106,221,68,11,207,32,24,164,228,638,238,71,0,26,189,200,positive
89,50,63,113,66,11,177,30,18,125,200,756,170,64,0,3,176,199,negative
97,46,101,210,66,8,192,35,22,151,208,546,169,66,1,32,191,200,negative
73,40,67,152,59,12,190,47,20,119,233,526,225,69,0,2,183,200,negative
90,50,90,188,61,10,181,36,21,158,211,492,220,69,6,19,191,199,positive
90,48,78,143,60,11,161,43,20,159,172,374,186,75,2,2,184,193,negative 
85,42,70,130,56,7,150,45,19,145,177,328,172,82,10,14,181,185,negative 
101,56,100,168,55,11,214,31,24,175,219,681,224,74,2,3,185,192,negative
102,55,101,213,67,12,222,30,25,177,226,719,213,71,2,21,187,199,positive
91,40,76,171,67,7,149,44,19,135,169,332,144,68,4,17,192,200,negative 
90,56,92,104,56,10,154,54,19,149,226,184,191,59,0,9,194,187,positive
80,43,71,133,60,7,150,45,19,146,170,330,176,81,6,15,180,184,negative 
89,42,80,151,62,6,144,46,19,139,166,308,170,74,17,13,185,189,positive
82,40,73,141,57,8,153,44,19,133,173,342,153,75,11,9,181,187,negative
110,56,109,199,57,5,251,27,27,169,272,928,268,82,11,10,183,183,negative 
91,50,112,202,62,8,129,43,23,140,225,184,227,65,11,32,191,182,positive
98,49,84,219,74,7,190,34,22,154,208,558,209,74,4,7,195,195,negative 
101,42,62,175,67,6,149,43,19,139,169,341,165,65,7,11,202,209,negative 
91,49,86,195,63,8,177,37,21,156,203,473,201,67,7,5,192,198,negative
87,44,70,179,75,6,146,45,19,141,167,326,178,69,6,1,194,201,negative 
95,42,85,174,66,9,153,44,19,144,168,347,150,65,11,5,196,204,negative 
86,38,89,176,59,9,169,39,20,132,190,428,148,67,7,33,193,202,negative
91,42,66,142,58,9,134,50,18,142,163,268,164,69,6,5,191,197,negative 
89,54,47,179,60,10,114,35,19,180,152,699,199,70,3,23,177,201,negative
84,49,112,183,62,6,120,58,21,145,231,550,193,63,7,21,190,199,positive
90,44,69,152,64,7,135,49,18,145,165,272,162,75,3,2,187,191,negative 
83,37,106,171,67,11,153,46,20,177,235,262,161,59,21,17,197,192,positive
85,44,70,205,103,52,149,45,19,144,241,325,188,127,9,11,180,183,negative 
98,38,72,192,69,5,166,38,20,131,189,427,138,70,1,3,200,202,negative 
100,47,88,190,60,10,171,38,21,155,186,440,169,59,15,18,201,210,positive
94,46,66,137,58,6,141,52,18,129,239,756,168,73,0,17,192,183,negative
81,42,90,145,58,10,206,54,19,143,235,573,207,77,4,39,196,202,positive
97,59,108,227,70,11,224,30,25,186,225,732,218,70,10,25,186,198,negative
98,58,101,208,65,12,226,30,25,182,225,748,216,71,6,1,185,196,negative
92,37,75,191,71,6,161,40,20,128,180,393,135,69,1,14,195,202,negative 
87,37,52,116,54,6,115,58,17,126,135,196,144,74,11,22,186,190,negative 
80,44,68,135,59,8,150,45,19,145,170,329,173,80,7,12,180,185,negative 
81,37,92,232,63,9,184,42,18,122,207,368,152,63,7,0,184,203,negative
87,42,70,139,59,7,149,45,19,142,177,327,156,78,6,9,185,188,negative 
93,49,79,180,65,7,173,37,21,158,189,463,194,70,5,10,197,202,negative 
88,42,66,133,57,6,123,54,17,144,147,227,160,66,8,4,193,198,negative 
85,42,66,120,53,7,149,45,19,145,173,325,163,85,5,4,180,182,negative 
108,48,101,175,59,9,114,30,25,166,214,264,193,76,7,3,176,194,negative
89,40,58,137,58,7,122,54,17,140,146,225,150,63,7,4,199,206,negative 
99,51,88,188,62,5,203,32,23,158,222,625,219,77,8,26,191,190,negative 
92,45,84,119,59,9,196,45,17,124,228,388,154,61,6,1,187,193,negative
84,52,105,183,63,7,206,40,25,149,226,503,115,68,5,41,179,190,positive
85,56,110,125,64,9,222,35,17,122,219,404,167,82,4,36,187,186,positive
109,52,104,199,60,12,215,31,24,162,220,691,212,67,11,7,189,199,positive
91,48,92,196,59,4,183,49,18,164,191,329,240,75,4,2,202,192,positive
103,53,98,208,65,12,114,44,18,125,205,315,219,63,1,0,176,205,negative
108,51,103,197,60,11,211,31,24,160,222,661,187,67,7,3,190,200,negative
97,48,54,232,66,11,181,43,22,119,237,246,225,69,15,17,193,201,negative
98,50,92,104,63,6,152,60,25,141,130,669,227,59,0,14,189,200,positive
88,55,98,130,62,12,132,30,17,132,241,655,158,71,0,18,182,193,negative
84,40,71,131,55,7,150,45,19,134,167,330,165,80,12,1,180,186,negative
90,39,85,160,59,7,163,41,20,131,189,396,158,71,7,13,186,192,positive
90,46,80,143,62,11,159,43,20,156,169,366,186,74,17,7,185,193,negative 
96,46,74,202,74,5,163,39,20,149,185,408,191,70,7,8,196,200,negative 
85,41,66,155,65,22,149,45,19,139,173,330,155,75,6,16,184,191,negative 
93,46,85,169,66,9,151,44,19,147,169,339,179,67,0,4,195,204,negative 
99,48,104,196,63,10,201,33,23,152,221,604,199,73,8,4,188,197,positive
99,41,77,197,69,6,177,36,21,139,202,485,151,72,4,10,198,199,negative 
94,49,82,154,61,12,149,31,21,121,215,667,230,68,3,0,180,207,negative
86,36,78,146,58,7,135,50,18,124,155,270,148,66,0,25,190,195,positive
87,49,86,190,64,9,177,37,21,153,197,471,209,67,11,7,192,199,negative
88,47,70,104,67,5,135,57,18,174,231,184,197,76,0,31,203,194,positive
107,54,96,201,62,12,218,31,24,170,221,694,217,71,2,21,187,198,positive
101,44,91,123,65,8,112,51,19,144,217,575,141,59,0,0,203,190,positive
95,45,80,186,62,7,164,40,20,145,188,406,178,65,11,18,199,204,negative
109,52,95,189,58,4,227,29,25,158,262,776,217,82,0,19,187,186,negative 
108,53,104,181,56,11,220,31,25,167,226,712,214,72,15,18,189,199,positive
101,39,86,195,53,11,114,35,18,136,241,638,122,66,0,0,181,194,negative
93,39,87,183,64,8,169,40,20,134,200,422,149,72,7,25,188,195,positive
100,59,94,190,58,9,114,34,18,119,228,748,198,68,0,0,187,190,negative
109,49,109,193,59,10,207,32,24,156,225,635,213,70,13,31,191,202,positive
100,46,104,225,57,9,114,39,21,127,240,367,219,73,12,0,183,200,negative
100,43,92,197,62,10,180,36,21,143,200,489,153,64,6,9,195,205,positive
91,44,42,121,53,7,115,31,22,158,237,572,216,66,6,18,179,188,negative
83,43,98,178,55,12,114,38,19,119,215,622,151,69,0,11,176,185,negative
98,48,101,195,61,11,207,31,23,152,227,650,193,71,5,7,189,196,negative
79,56,85,179,57,12,114,37,25,130,181,682,234,71,3,9,186,199,negative
93,35,66,154,59,6,142,46,18,128,162,304,120,64,5,13,197,202,negative
110,51,91,189,67,3,213,36,23,163,235,400,195,67,7,34,202,187,positive
87,42,60,116,51,6,150,46,19,141,169,324,171,85,2,14,178,182,negative 
84,37,70,150,61,7,137,49,18,140,156,278,121,64,0,23,196,205,negative 
95,46,92,159,63,11,160,42,20,157,176,372,171,70,7,21,189,200,negative 
87,39,74,165,66,6,145,45,19,134,173,318,139,70,3,21,195,200,negative 
106,57,107,235,67,6,262,26,28,171,285,987,260,86,9,31,180,184,negative 
93,41,82,159,63,9,144,46,19,143,160,309,127,63,6,10,199,207,negative 
90,43,66,157,65,9,137,48,18,146,162,281,164,67,3,3,193,202,negative 
81,53,77,206,72,9,156,31,22,160,230,610,182,63,0,17,189,184,positive
86,36,66,128,57,8,131,52,18,127,148,252,139,76,5,27,183,187,negative
97,46,42,190,58,13,206,37,24,128,169,191,157,63,0,0,179,187,negative
85,43,66,121,54,7,150,46,19,147,169,324,175,87,0,5,179,182,negative 
88,41,80,147,62,8,146,45,19,144,169,318,161,71,4,16,188,197,negative 
91,46,75,185,75,7,154,42,19,147,178,362,192,72,8,8,192,199,negative 
102,48,105,214,64,10,201,33,23,152,214,600,178,64,0,25,192,204,positive
91,40,98,192,64,9,177,38,21,135,194,465,165,66,9,35,195,205,positive
98,34,91,149,64,12,114,36,24,170,215,471,228,64,0,28,176,207,negative
82,43,111,107,63,7,222,32,20,171,220,552,214,59,5,23,191,190,positive
86,39,62,129,59,6,116,57,17,135,137,203,145,64,7,9,199,204,negative 
89,40,69,147,58,6,132,50,18,137,155,260,151,61,16,6,203,209,negative
88,39,70,166,66,7,148,44,19,134,167,332,143,69,5,13,193,201,negative 
96,37,90,212,69,11,196,46,25,174,200,184,172,59,19,19,203,197,positive
109,48,107,215,62,10,205,32,23,158,222,624,168,65,9,32,195,206,negative
99,37,110,135,55,13,114,30,24,168,241,505,187,61,1,0,176,183,negative
84,38,83,141,54,7,149,45,19,132,177,327,149,74,6,29,185,191,positive
94,39,75,184,72,8,155,42,19,133,175,365,145,70,4,5,192,200,negative 
94,49,87,137,54,11,158,43,20,162,178,366,186,75,5,5,183,194,negative 
90,43,72,157,64,8,136,49,18,145,158,279,167,64,4,6,201,209,negative 
89,41,84,141,58,9,149,45,19,145,172,330,162,72,4,18,188,200,negative 
104,49,89,168,54,4,212,31,24,153,238,682,198,78,1,23,190,189,negative 
94,42,68,150,64,7,128,52,18,143,154,246,159,69,14,5,192,196,negative 
111,56,98,147,56,6,193,53,19,137,230,394,209,64,2,26,203,197,positive
89,46,74,135,59,9,157,44,20,158,170,356,177,79,12,3,184,191,negative 
85,47,75,121,53,9,157,44,20,165,168,358,176,77,1,7,182,191,negative 
97,44,76,110,65,10,118,36,25,136,222,372,175,73,7,35,186,183,negative
85,42,66,120,53,7,149,46,19,143,169,321,160,85,10,7,180,182,negative 
86,48,75,136,58,10,161,43,20,163,170,371,185,75,3,1,183,192,negative 
85,38,68,175,53,10,173,48,22,147,231,313,161,68,0,17,199,194,positive
83,37,54,131,61,4,135,50,18,127,152,271,141,85,3,6,180,183,positive
100,51,101,188,52,9,204,30,18,137,213,428,132,71,0,0,189,203,negative
100,52,104,189,59,10,208,32,24,163,220,642,197,70,1,22,187,198,positive
85,43,98,104,60,5,143,37,22,133,219,539,115,59,2,5,202,198,positive
95,40,96,145,52,10,186,30,18,122,224,320,196,61,1,11,188,191,negative
94,45,85,160,63,10,158,43,20,157,174,367,162,68,1,6,189,199,negative 
85,56,83,160,65,12,222,48,19,159,191,595,208,65,0,19,192,194,positive
89,36,77,172,62,8,157,42,19,125,174,367,126,63,5,22,198,205,negative
91,38,103,180,52,11,171,30,22,137,175,223,159,70,1,0,202,200,negative
114,49,109,202,72,7,214,37,23,170,220,312,170,70,1,4,194,183,positive
96,48,83,177,59,8,171,39,21,152,195,438,196,67,15,0,195,201,negative
84,56,83,190,66,11,112,53,18,175,235,567,191,67,1,24,184,200,positive
88,40,79,183,62,7,176,38,21,138,200,462,150,66,0,29,189,199,negative
89,38,80,169,59,7,161,41,20,131,186,389,137,68,5,15,192,197,positive
89,40,77,159,65,9,144,46,19,141,168,314,143,70,0,5,190,200,negative 
89,36,69,162,63,6,140,48,18,131,164,291,126,66,1,38,193,204,positive
91,42,66,169,66,7,145,44,19,140,169,325,159,67,4,0,201,207,negative 
94,38,84,158,55,9,169,39,20,130,196,430,155,69,9,15,190,195,negative
99,44,97,141,67,12,114,30,17,168,189,565,161,73,2,2,189,198,negative
93,43,78,166,59,7,151,44,19,141,182,342,174,68,15,2,193,197,negative
90,48,81,144,60,9,150,44,19,156,173,333,200,75,2,0,185,195,negative 
86,38,87,161,63,8,143,49,24,149,209,616,168,59,14,31,203,192,positive
109,54,103,205,63,11,222,30,25,175,229,720,213,71,6,14,187,200,positive
83,46,68,139,59,6,150,44,19,146,172,336,183,74,5,3,185,191,negative 
96,47,77,204,72,6,167,38,20,150,188,429,182,69,6,16,199,203,negative 
103,51,105,174,56,11,210,32,24,163,222,650,222,73,8,9,187,196,positive
92,53,68,148,56,12,134,30,22,148,238,488,212,67,10,7,203,192,negative
100,50,81,197,67,6,186,34,22,158,206,531,198,74,6,1,197,198,negative 
112,50,110,186,56,11,214,31,24,159,232,676,203,71,18,27,191,202,positive
89,52,109,123,54,11,218,53,20,152,130,578,214,71,4,41,192,182,positive
98,38,78,191,65,8,169,39,20,136,197,430,141,67,9,20,192,199,positive
81,56,81,150,61,9,165,30,21,166,232,481,233,62,12,27,197,188,positive
89,42,66,125,53,7,131,51,18,144,162,254,162,73,10,17,188,191,negative 
100,59,58,232,72,12,126,30,23,127,205,734,160,61,0,0,199,196,negative
86,43,69,123,54,6,150,46,19,144,174,325,177,87,3,7,180,182,negative 
92,36,78,165,57,8,153,43,19,128,169,349,124,60,4,19,203,211,positive
82,36,51,114,53,4,135,50,18,126,150,268,144,86,15,4,181,182,positive
94,42,52,121,52,10,190,42,24,177,219,577,230,68,0,16,197,193,positive
91,35,66,159,59,7,147,45,19,131,169,322,123,64,1,1,197,203,negative
83,46,73,137,59,6,148,45,19,146,167,327,183,75,8,0,185,191,negative 
79,45,61,158,62,8,222,47,25,129,204,184,143,64,2,2,196,190,positive
115,56,79,125,60,7,159,39,24,177,184,683,206,67,2,22,191,182,positive
103,56,100,185,59,11,216,31,24,173,219,684,219,75,15,11,186,194,negative
83,56,100,177,68,7,208,30,25,177,235,695,214,63,8,41,179,191,positive
101,49,53,154,55,12,114,31,25,134,238,298,250,61,0,0,183,202,negative
88,47,70,216,52,10,114,40,23,123,241,191,189,71,0,0,176,190,negative
89,47,81,147,64,11,156,44,20,163,170,352,188,76,6,13,184,193,negative 
98,44,78,160,63,8,142,47,18,148,160,300,171,63,19,2,201,207,negative 
86,40,66,139,59,7,122,54,17,139,145,225,143,63,7,11,202,208,negative 
99,38,74,184,66,6,164,39,20,131,193,414,137,71,2,22,200,202,negative 
78,36,51,116,56,4,120,57,17,124,135,209,135,84,1,12,177,184,negative
92,38,71,174,66,7,154,43,19,133,181,355,130,70,4,24,189,195,positive
85,43,66,120,54,5,148,46,19,145,168,320,174,87,8,2,179,181,negative 
97,37,78,181,62,8,161,41,20,131,182,389,117,62,2,28,203,211,negative
101,51,105,212,68,10,209,32,24,162,222,653,224,73,5,23,186,195,negative
93,45,81,177,64,7,160,41,20,147,180,383,188,70,11,11,192,199,positive
104,55,105,223,70,10,223,30,25,177,237,737,218,75,14,11,188,196,negative
85,38,63,130,55,7,122,55,17,130,137,219,144,64,20,8,195,201,negative
79,53,108,207,57,10,172,61,22,177,235,529,219,79,5,8,193,194,positive
85,45,71,150,63,8,143,46,19,147,171,307,179,72,2,3,187,196,negative 
90,36,57,130,57,6,121,56,17,127,137,216,132,68,22,23,190,195,positive
111,38,97,107,61,9,164,53,22,162,161,691,163,62,4,10,190,204,positive
105,34,53,161,54,6,114,30,20,171,238,564,209,67,0,0,187,189,negative
83,37,54,118,55,4,129,52,18,127,146,245,140,81,4,13,180,184,positive
92,40,66,111,48,7,139,50,19,140,159,277,148,85,12,19,182,183,negative 
92,58,71,229,67,13,128,30,23,133,241,274,165,61,8,0,203,198,negative
92,41,66,125,52,7,139,50,18,143,160,275,161,81,7,19,182,184,negative 
100,46,81,187,61,9,166,40,20,154,189,415,175,63,13,9,198,207,positive
100,49,80,206,70,6,183,35,21,156,206,517,198,73,3,13,198,199,negative 
94,45,72,179,69,6,156,41,19,144,181,373,191,69,5,5,193,198,negative 
86,38,86,175,60,9,170,39,21,134,191,433,138,68,1,28,191,199,positive
115,56,104,216,57,9,222,35,25,177,182,700,208,77,6,0,203,182,positive
90,46,73,137,58,11,161,43,20,158,170,373,186,76,0,9,182,193,negative 
99,53,105,219,66,11,204,32,23,165,221,623,224,68,0,6,191,201,positive
73,46,53,115,53,9,123,30,23,134,207,363,146,75,7,0,189,197,negative
97,46,105,154,52,11,116,30,21,119,241,652,190,64,0,3,193,189,negative
109,55,96,191,57,6,241,28,26,170,267,857,242,85,8,9,184,184,negative 
107,49,83,155,52,10,220,30,24,177,233,498,193,59,0,28,181,192,positive
101,56,100,215,69,10,208,32,24,169,227,651,223,74,6,5,186,193,negative
89,47,83,322,133,48,158,43,20,163,229,364,176,97,0,14,184,194,negative 
87,40,81,162,68,10,146,46,19,139,167,317,157,70,0,13,189,199,negative 
87,41,107,154,51,9,145,40,20,140,205,644,158,72,0,41,189,192,positive
89,47,84,133,55,11,157,44,20,160,169,354,176,74,5,9,182,192,negative 
75,43,105,163,65,11,211,41,21,130,237,208,159,67,0,0,193,188,negative
108,56,102,246,75,6,239,28,26,167,264,855,228,82,9,13,186,185,negative 
96,39,58,117,51,6,133,52,18,139,154,255,150,86,6,0,181,182,negative 
89,40,89,174,58,8,177,37,21,133,202,471,155,70,7,18,189,196,positive
99,55,101,219,68,10,224,30,25,178,228,737,213,74,11,20,187,196,negative
100,51,109,231,70,11,220,30,25,163,238,722,206,73,11,19,189,198,negative
90,48,85,157,64,11,161,43,20,167,175,375,186,74,3,16,185,195,negative 
100,46,85,164,64,11,163,42,20,163,176,387,170,71,18,0,189,196,negative 
82,45,68,139,64,6,147,46,19,143,169,320,184,80,0,1,181,184,negative 
103,49,100,194,60,10,185,35,22,160,202,518,178,62,13,8,198,208,positive
110,56,103,223,64,5,250,26,27,169,280,928,239,85,4,6,184,183,negative 
93,55,93,130,63,13,114,57,22,119,235,323,171,68,0,9,178,208,negative
100,54,102,206,65,10,198,33,23,164,224,587,240,72,4,11,187,196,positive
94,45,103,180,56,13,118,31,21,143,211,381,250,67,1,5,176,198,negative
92,52,93,204,67,9,189,35,22,161,214,536,240,72,2,5,188,195,negative
104,56,96,231,74,11,220,30,25,172,223,713,218,73,6,16,186,195,negative
98,52,86,170,53,6,124,30,24,127,235,200,137,69,7,36,194,185,positive
111,50,103,199,60,11,211,31,24,156,223,663,188,68,9,9,190,200,positive
88,42,64,151,62,8,130,51,18,142,150,253,161,63,3,2,203,210,negative 
98,42,67,189,63,7,222,34,25,151,217,184,174,59,11,3,203,190,positive
97,43,73,173,65,6,153,42,19,143,176,361,172,66,13,1,200,204,negative 
86,45,71,170,70,6,146,45,19,146,172,321,189,71,10,8,187,191,negative 
101,55,107,200,61,11,225,30,25,178,228,730,204,74,8,35,187,201,negative
96,55,103,201,65,9,204,32,23,166,227,624,246,74,6,2,186,194,negative
86,37,69,150,63,8,138,48,18,134,163,284,124,71,1,6,189,195,negative 
81,46,71,130,56,7,153,44,19,149,172,342,191,81,3,14,180,186,negative 
96,47,103,215,69,10,200,33,23,147,220,598,200,73,6,6,187,194,negative
85,48,74,181,56,12,138,30,20,139,131,608,194,66,0,7,202,200,negative
83,42,71,152,64,7,149,45,19,142,172,331,158,74,2,2,184,190,negative 
105,51,105,197,60,11,191,35,22,162,207,545,194,64,18,4,196,205,positive
87,41,66,140,58,6,148,46,19,136,164,318,178,79,19,2,181,185,positive
93,43,85,133,54,10,155,44,19,153,174,351,165,75,12,13,184,196,negative 
88,44,71,165,70,7,144,46,19,141,167,312,172,71,4,4,188,193,negative 
83,59,79,207,63,10,183,30,17,132,226,634,178,66,9,6,198,188,negative
89,36,68,141,59,8,139,47,18,130,166,291,127,73,7,1,189,196,negative 
80,50,104,204,59,5,204,44,23,146,130,620,115,70,1,4,187,195,positive
89,38,74,138,59,7,136,49,18,133,167,278,128,72,7,7,189,193,negative 
105,56,76,145,59,8,199,56,22,136,233,584,199,73,0,1,185,182,positive
87,42,76,159,65,5,155,42,19,138,184,362,157,76,6,12,189,193,negative 
84,37,80,182,62,10,114,45,19,119,241,391,198,74,0,34,182,197,negative
104,38,95,104,67,7,214,38,18,160,130,184,148,63,18,33,194,196,positive
98,38,80,104,51,7,222,57,20,177,163,594,210,70,2,2,196,182,positive
85,45,65,128,56,8,151,45,19,145,170,332,186,81,1,10,179,184,negative 
89,41,75,143,56,7,146,46,19,137,170,317,156,76,18,5,184,188,negative
94,40,85,186,62,9,169,39,20,139,184,430,133,61,2,9,200,210,positive
92,45,74,187,74,7,157,41,19,143,179,375,183,70,8,6,195,201,negative 
102,46,93,169,66,11,165,48,18,161,241,756,220,62,0,4,186,183,negative
97,41,62,133,56,7,130,52,18,143,158,247,157,78,5,7,184,186,negative 
90,39,89,181,62,8,175,38,21,132,200,458,154,70,11,15,189,195,positive
88,46,74,171,68,6,152,43,19,148,180,349,192,71,5,11,189,195,negative 
108,51,100,206,63,10,196,34,23,159,214,576,201,65,7,16,194,205,positive
79,38,55,120,55,5,142,48,19,128,153,295,145,81,4,2,180,183,positive
87,42,64,150,64,10,133,50,18,141,157,265,159,67,7,0,193,201,negative 
95,48,104,214,67,9,205,32,23,151,227,628,202,74,5,9,186,193,negative
100,47,70,185,70,7,162,40,20,153,179,406,172,68,9,6,200,205,negative 
89,40,79,154,64,9,144,46,19,139,168,311,149,71,8,7,188,197,negative 
78,38,63,115,51,6,142,47,19,130,162,299,146,77,2,4,181,185,positive
95,53,95,202,65,10,193,34,22,160,220,559,237,71,3,2,188,196,positive
89,55,53,126,54,12,114,48,17,130,218,718,134,67,3,0,188,190,negative
92,39,102,207,55,12,137,30,24,132,233,401,117,65,0,7,184,189,negative
115,50,89,107,65,6,186,48,18,143,216,184,208,61,0,13,179,199,positive
91,56,112,141,51,8,132,38,23,157,163,240,217,61,0,33,189,190,positive
88,39,76,155,62,8,137,48,18,137,156,281,124,63,3,6,201,209,negative 
88,40,69,146,59,7,130,51,18,134,147,252,144,64,1,1,193,200,negative
90,47,73,136,58,11,161,42,20,153,172,376,185,77,11,8,183,191,negative 
107,51,103,182,56,11,213,31,24,162,226,673,217,72,2,4,188,198,positive
80,34,42,110,57,3,114,59,17,119,131,191,121,87,4,7,179,183,negative
89,45,81,246,102,43,155,44,20,160,200,347,177,90,9,17,183,192,negative 
93,43,53,232,59,11,114,36,18,156,232,659,233,64,5,13,184,201,negative
105,53,108,153,51,6,198,44,17,160,203,184,115,59,0,10,193,189,positive
89,46,78,150,63,11,160,43,20,160,170,367,176,73,5,9,185,194,negative 
108,47,77,225,62,12,196,42,21,138,158,463,165,69,0,29,176,193,negative
108,48,55,174,57,11,114,33,25,119,177,674,198,75,1,0,185,193,negative
95,45,112,141,72,11,222,43,18,168,143,273,218,59,11,40,197,195,positive
106,42,74,192,55,12,114,30,20,158,211,721,183,68,0,0,192,208,negative
90,47,85,149,60,10,155,43,19,155,179,355,186,75,1,5,185,196,negative 
103,46,54,174,59,10,114,30,19,139,151,500,206,67,0,3,192,206,negative
105,38,97,116,70,5,200,34,20,148,205,593,119,61,5,16,187,200,positive
107,57,106,179,51,8,257,26,28,172,275,954,232,83,2,20,181,184,negative 
84,39,90,180,60,7,177,37,21,131,209,469,145,71,4,38,190,198,negative
92,51,44,111,53,11,193,30,19,140,223,510,206,64,2,0,182,194,negative
89,35,52,121,57,4,122,55,17,125,139,220,128,82,5,13,181,184,positive
102,47,71,226,61,12,114,31,17,119,154,263,138,74,1,2,181,205,negative
86,34,62,140,61,7,122,54,17,127,141,223,112,64,2,14,200,208,negative 
89,45,77,188,64,9,161,41,20,151,190,390,174,66,4,2,194,201,positive
82,41,70,155,64,7,148,45,19,138,172,328,152,72,5,17,187,195,negative 
94,35,96,192,53,12,142,30,18,152,206,297,180,61,0,14,187,189,negative
87,41,76,165,67,7,148,45,19,140,171,327,152,72,7,13,188,195,negative 
92,53,87,104,67,9,130,37,24,130,203,590,207,65,2,21,192,182,positive
78,43,70,147,65,8,147,46,19,145,169,319,168,77,1,12,181,186,negative 
100,50,98,204,63,6,218,30,24,156,232,719,213,77,8,7,189,189,negative 
89,45,106,180,66,9,174,32,17,155,231,721,143,60,0,10,188,182,positive
86,44,79,192,54,13,206,30,21,120,228,550,206,69,0,29,191,193,negative
95,42,96,197,65,9,178,37,21,141,199,474,149,67,1,29,193,200,negative
107,45,97,142,53,7,179,30,18,136,167,193,237,64,1,12,176,192,negative
103,54,91,179,57,11,220,31,25,170,220,707,198,72,1,32,186,198,negative
107,45,96,105,60,8,182,31,18,171,194,609,115,69,15,10,189,198,positive
85,39,77,151,59,8,150,45,19,134,176,331,133,73,0,16,184,193,negative
96,44,104,201,62,12,116,30,19,119,232,756,144,61,0,17,184,195,negative
106,53,108,192,57,10,139,35,20,120,213,304,211,63,0,6,193,185,positive
101,39,71,165,72,10,138,35,24,163,235,615,214,62,0,14,193,205,positive
102,38,69,232,64,10,114,36,25,148,185,756,117,63,0,10,178,193,negative
99,52,104,177,55,10,210,32,24,166,219,657,215,73,3,2,187,194,negative
99,56,97,231,55,9,195,34,18,144,235,597,164,69,3,0,187,196,positive
92,45,46,119,53,5,114,36,19,144,196,626,209,62,0,0,176,193,negative
73,48,91,110,56,7,180,43,25,165,241,756,117,61,0,7,190,183,negative
106,53,98,193,60,10,215,31,24,169,224,681,218,73,8,21,188,197,positive
89,38,112,190,60,7,222,61,20,154,224,278,199,73,19,40,196,182,positive
92,46,82,170,58,8,165,40,20,149,181,409,164,61,8,11,200,208,negative
100,57,107,207,63,11,227,30,25,180,234,756,205,72,6,19,186,198,negative
82,44,63,123,54,7,151,45,19,147,166,329,185,81,3,4,179,182,negative 
94,45,89,213,71,5,186,35,22,145,204,533,182,71,4,13,195,198,negative 
85,40,66,136,58,6,142,48,19,137,164,295,164,77,2,22,182,186,positive
100,58,109,230,70,11,226,30,25,182,234,752,207,72,0,13,187,198,negative
91,36,60,126,56,6,119,56,17,130,139,211,118,67,6,14,192,198,negative 
93,51,68,171,55,7,117,30,22,137,233,597,194,62,0,0,186,191,negative
93,36,64,165,69,8,136,49,18,136,161,279,127,67,2,29,193,204,negative 
90,38,75,164,64,7,151,43,19,131,168,345,139,66,0,0,195,204,negative 
89,41,76,183,73,7,157,42,19,136,181,373,153,74,8,12,191,195,negative 
89,43,77,147,54,8,144,46,19,146,163,308,174,64,13,5,194,201,positive
87,50,111,107,66,8,222,31,24,118,208,184,232,61,0,11,195,189,positive
84,50,80,157,54,8,222,60,18,137,191,499,148,63,0,3,203,182,positive
106,52,108,207,64,12,221,31,25,168,229,709,200,73,22,38,190,205,positive
99,51,92,203,65,5,209,31,24,159,232,671,214,78,5,11,191,189,negative 
92,37,80,180,67,8,154,43,19,129,180,353,144,69,6,9,190,195,positive
91,43,88,157,61,9,149,45,19,157,165,326,140,64,1,26,197,207,negative 
100,44,107,131,59,4,212,38,19,137,157,588,180,65,4,0,193,182,positive
89,38,82,156,59,8,153,43,19,129,179,351,137,70,1,1,187,192,positive
91,52,112,179,66,11,211,36,17,177,183,572,175,68,1,34,192,194,positive
90,46,75,133,55,11,160,43,20,161,173,369,171,77,0,16,182,192,negative 
85,40,72,139,59,5,132,50,18,135,159,260,150,68,3,9,191,195,positive
93,56,106,130,72,12,195,38,21,164,235,612,230,72,11,2,198,189,positive
103,50,98,212,63,9,193,34,22,161,214,567,185,64,5,5,198,204,negative
104,52,95,120,63,8,222,36,18,174,218,635,138,59,5,17,187,201,positive
103,43,55,155,57,6,178,30,17,145,241,191,229,64,2,0,201,192,negative
96,40,76,232,60,7,189,30,19,145,241,329,167,74,7,14,201,198,negative
83,39,69,127,54,5,135,49,18,131,155,274,162,69,16,6,187,190,negative
95,48,83,178,72,10,162,42,20,159,176,379,184,70,6,16,187,197,negative 
86,41,64,148,61,5,150,45,19,138,165,333,173,80,5,8,182,185,positive
93,47,84,205,71,7,176,36,21,152,190,476,201,70,7,19,198,201,negative 
107,54,98,203,65,11,218,31,25,167,229,696,216,72,1,28,187,199,positive
82,43,70,250,105,55,139,48,18,145,231,289,172,99,4,9,190,199,negative 
89,51,110,232,62,13,186,30,21,138,233,435,165,68,5,14,190,193,negative
97,55,104,219,71,9,211,32,24,171,222,658,223,74,1,24,186,196,positive
99,54,100,199,62,9,200,33,23,166,222,600,241,70,2,7,189,198,negative
91,56,112,104,65,11,172,51,23,149,196,349,214,65,5,8,196,182,positive
96,42,73,161,55,10,200,52,18,156,208,191,126,85,5,0,179,197,negative
92,43,69,158,56,7,149,44,19,143,170,333,168,63,14,18,198,203,negative
101,54,106,188,57,7,236,28,26,164,256,833,253,81,6,14,185,185,negative 
98,50,90,192,63,9,177,37,21,155,195,472,197,65,10,1,193,201,positive
93,47,85,161,65,12,155,43,19,157,179,354,178,76,2,9,184,196,negative 
111,53,108,211,61,11,207,32,23,167,217,636,216,64,21,2,196,205,positive
93,37,73,174,68,7,151,43,19,131,175,347,135,68,1,22,196,205,negative 
107,42,70,174,52,11,114,37,18,119,167,539,220,69,4,5,178,195,negative
97,47,87,164,64,9,156,43,20,149,173,359,182,68,1,13,192,202,negative 
94,45,71,104,66,9,209,39,18,153,220,474,216,71,0,0,194,199,positive
101,55,105,182,59,10,215,31,24,177,221,678,223,74,12,26,186,195,negative
88,34,58,140,59,6,127,52,18,130,148,243,113,63,4,10,199,206,negative 
100,48,95,209,68,7,199,32,23,150,216,605,200,73,7,11,192,194,negative 
83,37,62,113,53,6,122,55,17,129,143,218,135,79,0,7,181,185,negative 
105,51,80,207,71,6,195,33,22,159,214,579,188,75,6,20,194,194,negative 
102,36,76,207,64,11,222,61,22,141,235,363,204,62,1,3,194,208,positive
85,45,73,167,69,8,143,46,18,148,173,307,176,71,2,0,190,199,negative 
84,38,66,138,62,6,126,54,18,132,144,232,139,70,4,7,185,190,negative
108,54,103,212,65,11,208,32,24,162,228,648,240,71,9,0,189,197,positive
91,56,98,104,53,12,220,36,24,176,235,536,228,59,4,36,192,196,positive
89,36,72,141,56,7,138,48,18,126,163,286,130,72,1,1,187,192,negative
86,40,66,138,59,4,137,49,18,133,162,279,151,74,6,14,186,190,positive
100,36,73,199,73,6,162,40,20,127,189,401,125,72,6,19,200,204,negative 
93,47,83,165,60,7,167,40,20,147,197,417,201,73,12,4,187,192,negative
93,43,88,170,66,9,150,45,19,147,164,334,143,65,2,17,196,206,negative 
85,42,66,122,54,6,148,46,19,141,172,317,174,88,6,14,180,182,negative 
86,40,63,135,56,5,133,50,18,135,152,262,166,70,9,2,187,191,positive
86,47,75,165,68,6,154,43,19,146,176,356,190,74,7,3,188,194,negative 
88,56,100,169,61,11,208,34,20,140,235,357,150,76,0,5,188,190,positive
97,45,91,161,63,10,151,45,19,148,166,334,171,65,18,20,197,205,negative 
81,37,72,161,56,7,167,55,24,118,215,184,213,67,3,36,193,187,positive
95,44,84,158,62,10,145,46,19,148,163,312,166,64,10,6,199,206,negative 
95,46,104,208,66,9,191,35,22,148,210,543,169,68,0,28,190,200,positive
90,39,86,169,62,7,162,41,20,131,194,388,147,74,1,22,185,191,negative
97,50,42,179,54,13,114,32,25,136,161,756,236,72,9,1,177,183,negative
93,39,86,180,59,9,167,39,20,134,186,418,129,63,6,17,197,204,positive
87,42,64,150,64,10,133,50,18,142,157,264,159,67,7,1,193,201,negative 
97,47,81,183,64,8,168,39,20,150,193,426,182,70,11,2,192,198,negative
106,54,105,164,48,5,247,27,27,165,269,891,243,84,12,1,181,182,negative 
101,53,91,194,65,6,204,32,23,161,231,636,214,78,5,14,192,192,negative 
88,44,77,167,59,6,151,44,19,145,175,343,177,64,9,12,202,208,negative
82,45,68,150,69,5,148,45,19,144,169,322,184,80,5,0,181,184,negative 
94,39,95,150,58,12,205,36,20,129,145,691,240,67,4,11,188,209,positive
89,44,82,136,54,6,149,45,19,144,170,332,168,68,10,14,188,193,negative
106,54,100,227,67,4,250,27,27,162,280,923,262,88,5,11,182,182,negative 
89,44,68,113,50,7,150,45,19,147,171,328,189,88,6,5,179,182,negative 
85,39,57,126,56,6,114,58,17,135,134,195,145,64,17,7,197,202,negative 
81,51,112,125,63,3,195,45,25,135,235,530,228,72,4,0,203,186,positive
94,46,77,169,60,8,158,42,20,148,181,373,181,67,12,2,193,199,positive
88,38,77,156,56,7,163,41,20,129,184,395,140,67,1,9,192,198,negative
107,54,108,228,68,12,218,31,25,170,223,700,224,67,13,25,190,204,positive
104,51,105,168,54,10,208,32,24,162,220,641,221,72,9,20,187,197,positive
88,37,51,105,52,5,119,57,17,128,135,207,125,86,8,16,179,183,negative 
80,44,48,179,66,10,114,30,24,146,226,340,246,65,4,0,186,197,negative
103,59,108,215,57,11,213,30,23,124,195,699,224,72,6,16,195,209,negative
89,56,69,178,66,6,220,39,24,166,207,600,188,68,0,38,190,182,positive
106,55,98,224,68,11,215,31,24,170,222,679,214,68,2,29,189,201,negative
95,41,82,170,65,9,145,46,19,145,163,314,140,64,4,8,199,207,negative 
105,39,74,128,61,10,215,30,20,171,168,721,220,59,1,9,196,201,positive
86,39,84,149,57,8,156,43,20,133,185,358,157,74,0,23,183,190,negative
80,38,63,129,55,7,146,46,19,130,168,314,158,83,9,20,180,185,positive
95,47,81,176,59,7,168,39,20,152,196,425,185,67,4,4,191,198,positive
89,47,80,131,54,11,160,43,20,163,175,369,174,77,1,7,182,193,negative 
83,49,94,182,59,10,170,30,24,145,176,184,125,69,1,15,185,182,positive
106,52,107,211,62,8,200,33,23,161,218,602,200,67,9,17,194,201,negative
105,54,100,220,69,10,221,30,25,170,232,718,202,73,0,13,187,199,positive
108,53,103,202,64,10,220,30,25,168,224,711,214,73,11,10,188,199,positive
91,45,76,171,69,7,150,44,19,144,170,340,179,69,12,1,195,201,negative 
102,45,85,193,64,6,192,33,22,146,217,570,163,76,6,7,195,193,negative 
94,56,74,204,63,8,153,33,24,140,218,607,171,66,0,20,182,207,positive
104,35,55,155,52,10,114,56,20,123,224,191,232,64,0,30,183,190,negative
94,48,83,162,64,10,156,43,19,153,177,357,187,74,4,14,185,196,negative 
93,39,78,164,66,8,139,48,18,140,157,290,126,64,4,7,201,208,negative 
88,48,43,147,63,8,137,30,24,143,157,682,225,74,17,29,185,183,negative
83,37,49,112,55,5,122,55,17,128,144,219,146,85,8,16,180,184,negative 
88,51,98,142,56,10,128,32,17,177,233,184,170,69,0,21,187,196,positive
95,49,82,139,56,11,159,43,20,162,173,365,185,75,7,10,182,191,negative 
89,50,83,195,65,6,178,37,21,156,207,481,210,71,1,6,189,194,negative
95,55,112,189,59,8,185,40,23,144,130,341,120,70,0,15,202,195,positive
88,56,108,180,55,11,196,40,20,177,231,669,206,61,13,10,185,194,positive
115,51,100,201,60,12,196,34,23,162,207,573,184,62,22,1,198,208,positive
89,42,75,140,55,6,145,46,19,139,170,312,166,71,15,26,191,198,negative
85,36,78,149,55,7,147,45,19,128,168,321,134,64,10,24,197,203,negative
82,36,54,117,53,7,125,54,18,126,146,229,128,78,1,5,180,184,positive
86,40,62,140,62,7,150,45,19,133,165,330,173,82,2,3,180,185,positive
84,36,84,174,53,11,199,36,19,136,223,453,244,66,9,5,193,197,negative
91,52,98,196,62,9,193,34,22,161,216,562,244,69,3,1,190,199,negative
85,36,66,123,55,5,120,56,17,128,140,212,131,73,1,18,186,190,negative 
84,35,53,122,57,4,116,59,17,123,135,196,128,76,10,27,183,190,positive
91,42,80,162,66,8,148,44,19,145,171,331,147,70,3,5,189,199,negative 
101,59,73,211,52,13,126,45,24,134,207,440,203,72,5,12,183,202,negative
91,40,83,166,60,8,160,41,20,133,189,383,155,72,5,7,186,191,positive
90,53,62,104,68,10,217,57,19,167,225,519,147,75,0,8,188,197,positive
81,44,68,120,53,6,151,45,19,147,170,333,178,86,4,5,179,183,negative 
90,36,74,171,60,8,157,42,19,128,177,367,123,61,6,21,197,204,positive
99,41,49,179,62,11,204,42,18,144,235,319,158,68,0,28,190,196,positive
92,48,112,162,70,9,202,33,24,118,234,184,168,70,2,39,191,182,positive
89,44,72,160,66,7,144,46,19,147,166,312,169,69,11,1,191,198,negative 
100,59,66,159,58,12,114,47,19,129,238,461,150,61,0,11,186,193,negative
101,48,85,191,60,11,175,38,21,153,192,458,187,62,5,22,197,210,positive
107,53,103,221,66,11,209,32,24,163,222,653,212,66,0,1,191,201,negative
97,41,92,197,63,10,179,37,21,140,197,481,136,63,4,3,197,204,negative
96,55,98,161,54,10,215,31,24,175,226,683,221,76,3,6,185,193,negative
89,36,51,109,52,6,118,57,17,129,137,206,125,80,2,14,181,185,negative 
109,53,109,221,69,12,221,31,25,169,226,712,212,72,13,28,188,201,positive
90,50,112,206,65,7,174,55,18,168,235,455,137,72,8,3,191,198,positive
97,57,95,163,55,13,114,30,23,126,177,341,247,70,1,0,193,195,negative
87,46,71,159,66,6,151,44,19,146,175,343,189,73,2,0,186,190,negative 
89,44,76,125,54,10,156,44,20,151,163,352,176,76,12,12,184,193,negative 
107,56,104,231,71,11,219,31,25,172,226,705,217,71,19,11,189,196,positive
89,52,56,104,56,12,170,51,17,162,211,572,185,64,5,13,189,197,positive
106,55,96,196,60,12,221,30,25,173,225,717,214,72,9,13,186,196,negative
93,46,96,131,62,8,210,39,19,155,225,184,173,68,4,20,190,190,positive
85,34,53,127,58,6,116,58,17,121,137,197,127,70,3,20,185,189,positive
96,40,78,170,58,7,174,38,21,139,197,455,160,68,3,29,191,200,positive
98,55,95,136,57,6,114,39,25,124,241,560,141,61,2,7,180,208,negative
82,52,90,151,56,11,114,30,21,138,216,673,197,66,0,0,184,199,negative
96,54,104,175,58,10,215,31,24,175,221,682,222,75,13,23,186,194,negative
73,37,53,111,54,6,126,55,18,128,135,227,147,82,1,15,176,184,negative
86,38,58,119,56,4,118,57,17,129,140,208,152,78,9,2,184,186,negative 
80,43,68,123,53,7,150,46,19,147,169,327,176,81,7,14,179,184,negative 
94,43,64,173,69,7,150,43,19,142,169,344,177,68,9,1,199,206,negative 
82,38,53,125,59,5,133,51,18,128,152,259,146,87,0,0,177,183,negative
91,37,76,138,55,8,132,51,18,135,157,256,124,69,0,12,191,192,negative 
95,40,42,196,57,8,137,41,20,143,239,481,250,68,1,1,179,199,negative
95,49,92,193,62,10,178,37,21,154,200,478,171,64,2,0,198,206,negative
82,43,71,154,68,7,150,45,19,143,171,330,173,78,7,11,181,186,negative 
96,41,77,177,64,5,177,36,21,134,205,485,148,74,0,4,196,198,negative 
93,47,85,163,66,11,156,44,20,158,172,355,178,74,7,15,183,195,negative 
98,55,104,213,67,9,206,32,23,167,223,629,220,72,5,19,187,196,positive
90,48,86,306,126,49,153,44,19,156,272,346,200,118,0,15,185,194,negative 
98,46,88,191,63,6,192,34,22,147,215,563,174,73,2,26,194,197,negative 
97,37,76,169,60,8,161,41,20,131,189,391,136,72,0,0,188,192,negative
109,59,88,194,70,11,130,30,18,119,241,739,162,61,0,0,196,203,negative
79,52,67,179,71,8,187,42,25,142,202,654,145,59,0,17,193,198,positive
101,49,103,212,67,10,201,33,23,156,215,601,174,69,4,11,189,196,negative
86,39,58,125,55,5,117,57,17,134,140,204,148,69,7,6,190,194,negative 
91,39,88,189,63,9,175,38,21,132,197,457,156,69,0,23,191,198,positive
109,43,106,200,52,11,217,30,23,164,235,349,115,68,9,7,200,199,positive
81,43,68,139,62,7,149,46,19,145,172,323,171,83,1,14,180,184,negative 
87,43,70,169,72,7,152,44,19,145,177,341,171,76,6,12,184,187,negative 
98,54,104,186,59,10,213,32,24,172,223,665,217,73,1,26,186,195,negative
100,41,75,205,71,5,176,36,21,138,204,479,151,72,7,19,197,197,negative 
78,46,71,171,63,9,218,56,24,172,172,184,115,69,0,19,195,182,positive
97,45,88,173,67,10,157,43,20,157,173,365,157,67,8,12,192,200,negative 
81,57,103,127,67,9,193,36,24,134,170,731,183,62,3,0,181,185,negative
86,44,70,140,64,6,148,45,19,145,170,322,185,82,10,1,181,183,negative 
90,42,42,214,59,9,193,33,21,121,224,434,178,62,4,14,179,189,negative
93,47,88,200,66,7,173,38,21,151,197,452,205,66,0,3,195,202,positive
92,39,112,199,51,7,222,30,20,135,235,638,240,75,0,14,190,195,positive
86,45,73,152,63,6,149,44,19,145,170,335,176,71,6,1,189,196,negative 
81,42,63,125,55,8,149,46,19,145,166,320,172,86,7,7,179,182,negative 
106,53,98,192,58,11,217,31,24,166,228,693,191,71,11,24,188,198,negative
78,46,90,104,62,10,222,45,19,150,147,184,115,65,0,15,191,182,positive
94,38,88,179,60,7,170,39,21,131,188,435,144,66,2,28,195,204,positive
90,47,85,145,58,9,152,44,19,155,175,345,184,73,4,2,186,197,negative 
98,46,77,199,71,7,166,39,20,150,184,422,180,69,13,9,200,203,negative 
88,36,53,113,57,3,118,57,17,128,137,204,136,88,7,14,180,183,negative 
92,45,76,162,57,7,159,41,20,147,184,381,177,69,8,10,190,195,positive
99,39,51,156,58,12,126,35,24,119,235,618,219,72,0,0,177,189,negative
88,45,82,155,56,8,154,43,19,149,180,357,170,69,3,0,188,193,positive
96,37,74,199,74,5,165,39,20,128,188,419,136,72,1,3,196,200,negative 
85,36,72,127,56,7,127,54,18,125,144,233,123,70,3,30,184,194,negative
92,47,78,115,56,11,203,32,20,133,199,191,190,62,14,0,178,197,negative
96,40,100,178,58,8,181,37,21,134,205,486,160,68,5,34,192,202,positive
92,55,102,196,64,5,143,30,17,128,221,505,188,59,0,5,187,194,positive
100,52,109,225,68,10,222,30,25,165,241,731,207,73,7,28,188,199,negative
105,52,107,207,60,11,218,31,24,167,221,701,197,66,0,20,191,203,negative
79,50,95,189,56,10,203,30,22,174,130,510,158,60,4,21,179,198,positive
89,40,60,131,56,6,118,56,17,137,143,209,153,65,10,8,193,199,negative 
90,48,78,134,56,11,160,43,20,167,169,366,185,76,1,14,182,192,negative 
98,42,90,192,61,9,178,37,21,144,189,480,138,61,3,8,199,208,positive
102,54,98,177,56,10,219,31,25,171,219,706,223,72,5,17,186,196,negative
102,45,83,198,65,5,194,33,22,146,225,576,167,79,0,27,193,191,negative 
97,54,112,182,60,7,178,34,20,139,200,698,156,60,1,8,193,182,positive
89,36,69,142,57,7,135,50,18,126,154,266,128,66,3,36,193,203,negative
119,44,102,208,52,8,150,36,24,133,227,551,163,60,4,15,195,199,positive
107,52,101,218,64,11,202,33,23,164,219,610,192,65,17,2,197,206,negative
99,55,101,206,62,13,222,30,25,180,225,722,213,71,2,3,186,196,negative
90,41,71,169,68,7,150,44,19,138,175,336,157,71,3,18,192,197,negative 
104,43,112,176,60,4,222,30,17,153,141,659,141,68,0,18,203,201,positive
97,37,70,173,66,7,151,43,19,129,167,346,119,65,0,16,201,208,negative 
84,44,65,128,55,8,150,46,19,148,169,325,176,82,1,11,179,183,negative 
97,39,83,176,65,11,157,45,25,118,202,481,182,59,2,3,197,199,positive
110,58,106,180,51,6,261,26,28,171,278,998,257,83,9,13,181,182,negative 
106,53,98,154,47,4,237,28,26,164,263,838,222,82,4,17,185,184,negative 
89,41,75,162,66,5,153,43,19,136,175,352,154,72,2,0,188,195,negative 
85,42,64,121,55,7,149,46,19,146,167,323,172,85,1,6,179,182,negative 
107,57,106,172,50,6,255,26,28,169,280,957,264,85,5,9,181,183,negative 
93,46,66,197,64,8,146,31,22,123,235,377,190,73,6,11,195,187,negative
82,39,86,140,54,7,153,45,19,134,174,338,139,71,11,18,183,189,negative
91,38,76,172,61,8,167,40,20,134,196,415,145,71,0,28,189,198,negative
96,45,87,169,67,10,154,44,19,149,167,351,174,67,9,8,192,201,negative 
89,44,80,191,66,6,162,40,20,143,189,396,180,66,13,11,194,199,negative
95,45,105,208,64,10,187,36,22,150,202,520,158,64,7,32,198,211,positive
106,53,98,203,63,11,220,30,25,167,228,710,214,71,10,24,188,197,negative
90,41,78,145,55,7,138,48,18,138,161,284,158,67,0,1,192,197,negative
98,43,95,110,60,13,227,30,18,119,222,527,235,65,8,5,185,206,negative
96,46,70,194,70,6,167,39,20,148,183,427,171,69,17,10,200,203,negative 
81,45,68,137,60,7,152,45,19,151,167,333,179,81,3,13,179,183,negative 
97,55,96,170,54,10,216,31,24,173,219,685,218,75,0,4,184,193,negative
92,37,75,184,70,6,154,42,19,131,184,363,127,71,0,4,198,202,negative 
98,52,86,207,69,5,192,33,22,161,212,570,221,75,4,6,194,195,negative 
84,44,80,140,58,11,156,44,20,157,166,349,176,74,5,17,183,193,negative 
75,34,104,167,52,12,114,45,25,182,241,630,134,63,5,0,184,200,negative
90,44,60,215,54,12,191,30,20,131,237,515,217,61,4,0,185,188,negative
78,42,79,181,68,7,152,37,20,158,160,225,122,63,0,13,203,203,positive
78,53,88,200,64,9,219,61,23,164,130,320,206,64,0,10,193,182,positive
94,48,87,162,64,10,157,43,20,161,179,363,186,75,4,15,184,195,negative 
93,37,70,126,52,9,127,53,18,137,156,238,119,71,2,13,191,190,negative 
92,45,47,167,52,9,199,31,24,119,225,750,242,71,0,6,188,183,negative
88,43,84,136,55,11,154,44,19,150,174,350,164,73,6,2,185,196,negative 
101,51,98,194,60,10,195,34,22,161,219,572,219,67,0,10,192,201,positive
117,41,101,120,63,10,185,40,22,142,190,200,161,68,2,0,195,193,positive
100,46,104,184,60,9,197,34,23,147,222,578,198,73,13,13,189,197,positive
103,54,107,218,64,12,222,30,25,174,221,728,199,67,0,18,189,200,negative
94,44,70,186,72,8,153,42,19,144,171,361,178,67,7,2,199,206,negative 
89,43,85,160,64,11,155,43,19,151,173,356,174,72,5,9,185,196,negative 
84,53,108,223,68,12,168,47,19,165,194,184,160,67,0,2,193,194,positive
73,59,42,201,63,10,114,56,18,119,218,329,249,63,6,0,201,194,negative
103,52,89,211,52,13,205,39,21,134,228,493,204,64,0,0,184,190,negative
103,46,87,144,59,10,159,33,18,119,219,576,204,63,0,0,182,187,negative
98,39,81,191,64,9,166,40,20,138,184,415,131,62,8,19,197,205,positive
97,41,88,184,59,9,175,38,21,140,192,459,147,63,1,5,196,205,positive
104,48,100,189,52,11,131,30,20,144,205,756,172,62,12,22,183,192,negative
73,44,91,114,59,8,193,30,25,132,161,501,129,69,4,11,192,201,negative
86,44,78,164,68,9,142,46,18,147,168,305,171,70,1,11,190,201,negative 
81,47,69,146,64,6,151,44,19,147,171,340,195,75,5,0,183,188,negative 
89,41,63,134,59,6,123,55,17,137,148,223,150,76,12,3,186,188,negative 
96,57,110,162,59,13,114,33,19,119,239,540,180,66,0,39,176,199,negative
85,37,80,158,59,8,153,44,19,126,179,348,136,69,6,21,191,197,negative
95,43,96,202,65,10,189,35,22,143,217,534,166,71,6,27,190,197,negative
104,49,105,209,61,11,207,32,24,157,217,637,168,64,0,19,193,207,positive
93,45,83,142,56,10,157,43,20,155,180,364,188,75,1,21,184,197,negative 
91,41,104,104,63,10,206,34,21,164,222,206,150,64,0,27,189,185,positive
91,56,73,148,51,8,195,35,18,166,235,521,197,64,1,5,195,189,positive
84,43,76,180,75,7,155,43,19,143,180,359,173,77,5,12,185,190,negative 
94,45,112,108,62,6,211,56,24,177,135,530,120,59,15,19,203,183,positive
86,50,67,104,53,9,128,49,20,118,198,528,226,68,0,9,189,182,positive
87,38,85,177,61,8,164,40,20,129,186,402,130,63,1,25,198,205,negative
106,54,101,222,67,12,222,30,25,173,228,721,200,70,3,4,187,201,positive
91,46,101,199,65,9,196,34,23,146,219,574,199,73,5,8,186,194,negative
98,49,72,151,62,7,186,45,20,167,209,721,200,62,0,7,195,184,positive
85,45,80,154,64,9,147,45,19,148,169,324,174,71,1,4,188,199,negative 
89,35,70,138,58,7,126,53,17,128,147,237,112,64,4,19,199,207,negative 
94,45,85,163,68,10,157,44,20,156,170,357,176,73,17,11,187,195,negative 
88,44,70,151,61,8,143,46,18,143,163,311,173,68,7,8,196,203,negative 
86,40,75,146,62,6,140,48,18,135,158,290,162,72,3,21,183,190,negative
78,44,85,214,57,11,114,48,20,177,239,553,177,64,14,11,181,192,negative
86,42,65,113,50,8,152,45,19,141,169,332,171,85,4,16,179,183,negative 
93,42,64,158,68,9,134,49,18,142,163,268,170,71,7,13,192,201,negative 
92,35,71,196,52,5,121,30,19,127,228,448,164,64,0,0,176,199,negative
97,50,108,211,65,10,214,31,24,156,232,683,218,72,7,29,188,197,negative
86,48,98,173,63,10,148,36,23,177,235,605,204,69,1,5,188,198,positive
97,45,72,187,71,5,161,40,20,144,178,399,186,70,7,7,196,203,negative 
86,45,70,122,56,7,148,45,19,144,170,324,186,84,9,5,180,183,negative 
99,57,100,177,54,13,224,30,25,188,223,726,213,72,4,7,185,198,negative
90,40,83,178,61,8,178,37,21,132,199,472,157,71,1,14,187,193,negative
86,44,77,155,60,7,152,44,19,141,174,345,161,72,9,0,187,192,negative
104,55,109,230,67,12,218,30,24,174,230,706,226,67,8,22,191,202,negative
95,59,95,155,55,11,203,30,24,119,177,338,199,66,1,15,187,202,negative
100,49,96,206,63,9,186,35,22,156,202,519,176,62,3,5,197,205,negative
96,41,69,153,56,7,141,47,18,141,162,297,169,61,11,8,202,209,positive
87,45,66,139,58,8,140,47,18,148,168,294,175,73,3,12,188,196,negative 
89,40,76,188,76,7,150,44,19,136,174,342,148,72,3,8,193,197,negative 
104,55,100,201,66,10,214,31,24,173,224,680,221,74,1,1,185,194,positive
93,40,62,117,49,7,131,52,18,145,160,249,156,78,8,6,184,184,negative 
97,48,105,212,64,11,201,33,23,155,212,602,162,64,2,7,193,202,negative
89,40,72,155,63,7,146,45,19,135,175,321,145,72,4,10,192,196,negative 
87,39,70,148,61,7,143,46,18,136,164,307,141,69,1,2,192,199,negative 
108,56,103,234,73,10,221,30,25,174,232,718,214,73,8,3,187,197,positive
86,37,60,115,54,5,119,56,17,132,141,209,129,72,2,8,186,190,negative 
91,38,70,160,66,25,140,47,18,139,162,296,130,67,4,11,192,202,negative 
91,43,72,142,56,7,149,45,19,140,168,327,165,72,13,23,186,191,positive
104,53,101,190,63,10,213,32,24,166,218,664,202,74,13,21,188,198,positive
92,38,74,178,62,9,161,41,20,135,181,388,132,63,7,29,197,206,negative
102,52,98,225,71,10,214,31,24,164,228,682,199,71,0,16,187,196,negative
91,39,72,133,55,7,146,46,19,132,170,314,149,77,9,18,184,189,positive
90,42,63,144,59,7,131,50,18,142,154,259,162,65,15,3,197,204,negative 
88,34,69,152,57,5,138,48,18,122,158,284,120,62,9,29,204,210,negative
106,49,96,201,61,10,181,36,21,158,197,494,180,62,19,15,202,209,negative
91,44,66,151,63,7,137,48,18,146,166,280,167,72,1,9,188,194,negative 
93,46,82,145,58,11,159,43,20,160,180,371,189,77,2,4,183,194,negative 
107,47,61,232,59,12,114,39,19,139,174,756,233,62,16,15,198,195,negative
103,46,101,167,55,10,135,46,22,127,192,752,117,61,0,26,183,195,negative
88,37,57,132,62,6,135,50,18,125,151,265,144,83,16,16,180,184,positive
91,44,58,208,57,12,120,54,20,133,205,589,133,70,0,8,176,195,negative
85,43,66,123,55,7,150,45,19,146,172,326,173,83,4,15,180,183,negative 
86,42,64,122,54,6,148,46,19,143,170,319,171,87,1,3,179,182,negative 
81,43,68,125,57,8,149,46,19,146,169,323,172,83,6,18,179,184,negative 
91,44,110,104,58,11,190,34,20,131,235,479,129,59,0,40,191,183,positive
89,41,78,139,55,4,181,61,19,150,235,504,177,75,19,8,188,182,positive
90,58,55,179,52,10,114,31,23,125,205,756,219,69,0,0,191,199,negative
90,44,72,157,64,8,137,48,18,144,159,283,171,65,9,4,196,203,negative 
98,47,109,202,59,11,199,34,23,154,207,586,165,61,1,33,194,208,positive
93,58,61,110,59,12,205,42,22,137,179,191,117,73,2,6,195,188,negative
80,55,110,154,60,6,222,44,24,165,220,184,201,66,0,6,194,198,positive
94,36,66,151,61,8,133,50,18,135,154,265,119,62,9,3,201,208,negative 
79,39,72,127,53,9,142,48,19,135,165,295,144,77,7,21,181,189,negative
102,43,96,197,63,10,185,36,22,142,202,513,139,65,8,12,195,204,negative
108,57,106,177,51,5,256,26,28,170,285,966,261,87,11,2,182,181,negative 
78,46,45,232,52,10,136,30,25,150,240,399,228,69,15,30,184,188,negative
96,43,44,185,55,10,114,54,23,142,241,365,167,69,0,2,176,201,negative
109,54,103,220,66,11,214,31,24,167,229,677,212,70,1,23,188,201,positive
94,37,74,169,59,7,162,41,20,133,178,394,130,63,6,6,198,204,negative
102,44,102,179,53,10,114,34,19,179,241,400,182,65,0,0,183,195,negative
100,41,77,232,54,8,114,30,20,119,230,617,182,62,5,0,200,190,negative
104,57,103,216,69,11,219,30,25,176,228,708,219,73,4,3,186,196,negative
106,50,112,197,68,11,222,30,17,133,219,587,199,71,3,15,191,197,positive
102,51,92,194,60,6,220,30,25,162,247,731,209,80,7,7,188,186,negative 
105,56,112,154,53,11,207,34,24,135,235,608,181,76,7,6,203,189,positive
95,45,95,110,53,13,181,30,19,182,131,371,214,65,8,5,188,211,negative
87,43,65,127,56,8,149,46,19,143,169,322,171,85,6,3,180,182,negative 
102,54,101,190,58,10,222,30,25,171,224,728,203,71,13,6,189,198,negative
88,42,68,171,61,12,164,42,22,148,231,721,140,62,0,11,198,184,positive
109,49,103,186,57,11,206,32,23,156,212,630,186,65,12,21,192,201,negative
85,45,70,130,58,8,151,45,19,146,171,334,187,79,2,5,181,186,negative 
103,57,105,221,69,11,218,30,24,173,226,706,250,73,10,2,187,195,negative
103,54,107,189,56,11,223,30,25,174,225,729,200,70,0,29,187,201,negative
105,54,105,213,67,10,200,33,23,163,214,597,214,68,10,20,190,198,negative
93,41,79,159,63,8,144,46,19,150,165,309,134,67,4,9,195,203,negative 
105,50,93,173,54,4,222,30,25,159,254,735,206,83,4,12,186,184,negative 
76,38,68,184,53,11,194,41,24,124,221,292,176,69,3,26,179,211,negative
86,46,70,149,65,8,149,45,19,146,170,331,185,77,6,6,183,188,negative 
105,54,106,215,68,10,208,32,24,166,217,640,218,69,14,23,189,199,positive
86,41,66,133,56,6,136,49,18,136,155,274,162,74,5,14,183,189,positive
84,38,60,128,56,5,132,50,18,130,148,261,141,75,8,4,185,188,negative
95,49,107,104,70,4,162,61,18,123,210,548,212,70,16,35,189,196,positive
103,43,93,166,58,13,114,34,19,128,241,732,225,62,6,8,190,183,negative
90,56,41,104,51,8,161,47,17,177,191,527,202,71,13,23,194,191,positive
85,42,59,132,58,7,149,46,19,144,166,320,172,83,8,4,179,182,negative 
82,45,66,252,126,52,148,45,19,144,237,326,185,119,1,1,181,185,negative 
89,36,68,149,60,8,133,50,18,134,153,265,119,62,6,18,201,209,negative 
90,37,80,171,58,9,157,42,20,132,172,373,115,60,3,18,201,209,positive
100,52,99,119,55,10,192,30,24,135,131,191,227,81,0,19,185,196,negative
99,47,91,226,74,5,202,32,23,148,234,629,186,79,4,11,192,191,negative 
107,54,67,151,58,12,180,31,19,132,241,634,174,65,0,35,187,183,negative
102,52,111,191,67,6,112,41,23,141,194,184,115,81,0,29,193,193,positive
94,43,97,165,56,6,176,33,22,119,160,650,174,61,3,6,187,194,negative
91,39,45,110,56,10,196,54,23,119,233,370,183,61,0,0,187,193,negative
86,36,70,143,61,9,133,50,18,130,153,266,127,66,2,10,194,202,negative 
97,49,64,157,57,12,202,31,18,119,238,643,248,61,0,7,185,192,negative
93,45,86,201,69,7,184,35,22,145,203,523,183,72,0,4,194,197,negative 
108,52,109,182,55,12,216,31,24,171,229,687,214,72,10,28,189,201,positive
91,53,105,104,57,11,205,44,24,153,203,647,182,78,0,39,195,182,positive
88,44,84,135,55,12,155,44,20,158,176,351,164,75,7,11,183,195,negative 
95,46,76,162,66,11,162,42,20,155,175,381,172,74,8,4,184,193,negative 
87,44,98,211,70,10,189,35,22,141,214,535,178,71,2,21,187,194,negative
117,53,111,203,64,7,147,61,24,142,235,184,197,67,7,36,186,196,positive
100,42,112,130,60,10,191,38,24,165,235,239,176,59,16,12,194,193,positive
108,55,105,230,68,11,218,30,24,171,228,709,210,69,14,4,190,197,negative
92,42,69,153,58,8,140,48,18,138,165,290,151,64,10,21,199,206,negative
89,38,78,153,61,7,146,46,19,127,166,314,142,69,0,9,187,194,negative
97,35,66,151,64,8,128,52,18,129,148,246,112,66,6,2,195,200,negative 
95,56,96,150,62,11,148,38,19,129,235,458,213,68,0,4,198,193,positive
90,47,85,161,64,10,163,42,20,160,177,389,185,73,9,0,185,195,negative 
93,43,76,149,57,7,149,44,19,143,172,335,176,69,14,0,189,194,positive
98,40,77,171,61,6,172,37,21,139,197,457,141,72,4,17,199,201,negative 
100,38,42,196,55,9,160,40,21,175,138,608,171,61,2,18,179,186,negative
102,54,100,163,53,10,213,31,24,173,219,669,201,76,12,27,187,195,negative
91,49,106,104,61,10,199,32,25,148,235,606,144,59,11,36,179,190,positive
98,56,101,157,54,13,114,30,21,143,136,539,175,68,9,15,185,199,negative
83,36,64,192,57,8,137,30,24,183,224,496,117,61,0,16,187,199,negative
91,36,83,162,61,8,142,47,19,128,163,298,137,63,0,31,193,200,positive
96,45,86,200,64,12,195,32,25,119,180,562,188,69,1,1,199,183,negative
97,44,95,202,66,9,188,35,22,144,216,526,175,72,15,11,190,197,positive
99,57,109,220,66,11,221,30,25,176,234,725,236,70,10,25,188,200,negative
109,56,93,121,57,7,209,42,19,141,217,613,227,59,0,5,197,192,positive
94,43,74,134,52,9,114,30,20,121,233,191,219,73,0,5,176,193,negative
109,55,102,169,51,6,241,27,26,165,265,870,247,84,10,11,184,183,negative 
93,36,63,139,57,8,132,50,18,136,158,260,121,67,3,27,193,201,negative 
101,44,76,110,57,13,126,37,19,134,227,580,117,61,0,8,193,191,negative
80,44,68,120,53,8,151,45,19,146,170,333,190,80,4,16,180,185,negative 
103,48,96,232,71,10,205,32,23,153,226,633,197,71,2,15,188,196,negative
95,36,104,149,66,12,154,39,22,142,205,496,184,69,0,0,190,188,negative
102,36,110,170,59,12,155,35,18,130,224,721,115,59,6,3,187,200,positive
80,37,57,116,55,6,125,54,18,125,142,229,132,81,8,5,178,184,negative
97,38,75,188,68,6,171,37,20,129,199,450,137,74,2,6,197,199,negative 
93,34,72,144,56,6,133,50,18,123,158,263,125,63,5,20,200,206,positive
96,44,68,190,70,7,155,41,19,145,179,372,166,67,5,7,202,206,negative 
81,46,71,141,61,7,153,44,19,148,177,347,190,80,1,14,182,187,negative 
95,38,66,126,52,8,133,52,18,140,158,253,140,78,11,8,184,183,negative 
97,41,59,110,64,12,114,31,18,123,230,629,241,69,2,14,187,190,negative
78,36,101,158,63,11,213,36,19,119,200,576,183,61,0,2,190,182,positive
98,38,66,130,55,7,130,51,18,138,160,251,123,69,3,12,191,194,negative 
85,51,109,188,55,11,222,33,18,169,133,581,200,68,9,11,200,182,positive
102,59,63,232,58,12,131,32,18,119,240,756,205,76,3,29,192,200,negative
88,40,73,173,68,7,150,44,19,137,174,341,151,69,2,20,196,200,negative 
102,56,101,154,61,7,161,41,20,164,220,641,188,66,0,0,194,182,positive
98,55,108,168,53,11,224,30,25,178,231,737,217,73,8,30,187,198,negative
80,38,64,130,59,8,134,51,18,126,152,259,135,76,1,23,179,188,negative
98,39,68,136,56,8,131,52,18,144,159,251,134,72,4,10,186,187,negative 
89,45,85,149,59,11,158,43,20,158,177,362,173,75,12,16,183,193,negative 
85,36,53,212,64,10,128,30,21,149,214,222,189,73,1,25,183,187,negative
86,36,77,165,60,7,150,45,19,128,174,331,131,66,0,32,196,203,positive
95,36,73,191,73,6,156,41,19,126,184,374,124,71,2,19,199,204,negative 
87,36,53,117,58,4,118,57,17,125,138,205,138,85,9,15,180,183,negative 
96,36,74,183,70,6,149,43,19,127,178,341,127,69,0,17,201,205,negative 
82,37,66,126,54,7,132,52,18,127,148,252,142,72,17,7,183,187,positive
101,52,105,162,53,10,212,31,24,163,226,669,204,74,12,11,186,194,negative
90,39,57,114,48,7,135,51,18,139,155,261,151,85,12,8,183,182,negative 
92,37,86,167,60,7,158,42,20,131,181,373,144,68,9,21,190,196,positive
103,45,100,161,58,9,131,40,20,119,214,191,247,68,2,0,194,197,negative
75,43,72,227,55,11,114,34,19,123,168,314,226,65,0,8,178,198,negative
95,40,42,110,52,11,114,34,22,151,235,451,249,65,6,13,182,187,negative
98,59,52,230,62,8,206,32,23,123,241,540,119,61,4,4,191,196,negative
87,44,65,124,56,6,149,46,19,144,170,321,171,87,4,12,179,182,negative 
86,42,65,116,53,6,152,45,19,141,175,335,172,85,5,4,179,183,negative 
88,49,111,219,51,6,219,35,20,138,216,212,120,67,8,14,195,197,positive
88,37,63,130,58,5,125,54,18,130,141,230,145,74,14,20,184,188,positive
82,36,88,222,66,8,114,35,24,150,221,504,248,74,0,10,188,208,negative
73,34,52,164,62,7,125,38,19,134,228,567,250,70,0,6,190,189,negative
78,49,104,159,63,10,209,44,21,156,235,282,234,65,7,13,193,182,positive
107,56,105,202,61,11,221,30,25,179,234,725,212,72,15,1,189,196,negative
101,59,84,126,56,12,147,34,20,122,226,346,176,69,1,0,183,198,negative
83,45,73,161,68,8,142,46,18,144,169,305,179,71,10,3,191,199,negative 
85,49,100,164,54,11,153,57,18,142,153,584,166,69,0,37,188,189,positive
91,41,84,141,57,9,149,45,19,143,170,330,158,72,9,14,189,199,negative 
97,55,103,197,63,11,215,31,24,172,219,677,219,75,5,24,185,194,negative
103,44,42,176,59,13,114,32,24,119,171,308,149,66,0,2,192,189,negative
94,44,84,216,74,6,184,35,22,145,208,525,154,73,4,22,196,197,negative 
115,54,108,152,63,6,222,52,24,177,235,654,191,63,0,33,203,197,positive
104,58,71,185,52,10,195,40,25,150,215,566,247,68,0,0,185,183,negative
93,42,83,191,57,9,114,33,20,135,241,279,207,73,11,5,192,192,negative
93,37,76,183,63,8,164,40,20,134,191,405,139,67,4,7,192,197,positive
95,34,99,223,54,9,178,30,17,148,241,628,179,77,6,4,185,192,negative
104,58,103,230,69,11,219,30,25,176,231,716,246,71,7,4,187,196,negative
97,53,105,225,71,12,221,30,25,167,226,713,202,70,3,20,186,200,positive
85,35,64,129,57,6,116,57,17,125,138,200,123,65,1,23,196,203,negative 
74,37,59,162,55,10,144,56,21,151,239,265,226,63,0,15,179,193,negative
106,48,107,202,61,10,207,32,24,153,227,635,200,70,5,28,190,203,positive
101,56,101,231,72,10,217,31,24,171,232,698,216,72,2,6,187,197,positive
87,45,77,153,59,7,154,44,19,145,181,350,172,75,15,14,184,189,negative
94,35,66,147,62,9,131,50,18,127,159,258,115,66,8,7,196,201,negative 
89,53,43,121,70,8,157,46,17,163,229,602,115,68,7,12,193,189,positive
83,46,71,156,70,6,151,44,19,147,174,338,198,80,3,11,181,186,negative 
101,52,101,197,62,9,188,35,22,162,208,527,203,67,14,15,193,202,positive
89,42,88,175,67,10,222,38,20,140,225,557,213,67,18,8,195,193,positive
90,46,61,223,57,7,173,33,21,137,227,660,219,61,1,6,203,200,positive
95,43,76,142,57,10,151,44,19,149,173,339,159,71,2,23,187,200,negative 
93,42,88,188,62,10,183,36,21,141,208,504,168,70,3,12,189,197,negative
90,56,111,198,72,7,175,31,25,162,188,555,201,59,0,1,189,195,positive
105,39,91,184,67,11,126,32,19,165,230,572,204,62,0,10,188,190,negative
85,43,66,130,57,6,151,45,19,143,173,333,168,86,4,9,180,183,negative 
104,52,96,188,59,9,188,35,22,161,206,530,205,67,11,8,193,200,negative
102,42,44,194,60,9,123,52,25,139,229,191,217,69,0,16,184,199,negative
86,43,79,176,73,10,165,52,20,144,223,596,216,68,0,24,187,195,positive
92,35,58,136,58,6,122,55,17,132,142,222,116,64,6,17,197,203,negative 
87,37,91,179,66,10,218,56,22,152,235,233,207,65,1,5,194,203,positive
110,51,104,191,57,12,213,31,24,162,226,674,190,68,18,2,191,199,positive
93,41,75,181,54,10,141,54,22,119,228,223,121,75,4,12,182,187,negative
97,54,104,168,56,7,213,30,20,151,212,184,174,64,9,38,188,182,positive
83,40,53,114,53,6,132,53,18,140,142,247,157,86,8,7,176,183,negative 
86,45,66,126,57,8,148,46,19,145,170,321,186,86,0,7,179,182,negative 
110,56,109,104,59,12,209,33,18,177,160,659,118,67,0,13,193,182,positive
99,55,108,170,63,11,215,34,20,172,235,713,196,65,3,10,192,193,positive
119,41,59,165,58,9,172,33,21,144,154,456,148,60,0,7,191,182,positive
101,49,102,191,52,13,114,36,25,125,241,416,171,71,0,13,182,197,negative
98,51,84,207,72,7,184,35,21,161,199,520,198,72,9,11,196,199,negative 
104,50,106,209,66,10,207,32,23,158,223,635,220,73,14,9,188,196,positive
88,42,77,151,58,8,140,47,18,142,165,293,158,64,10,11,198,205,positive
92,40,62,144,59,8,127,52,17,139,149,241,150,62,13,1,204,210,negative 
89,43,97,110,54,12,114,30,22,146,241,735,226,65,14,6,185,190,negative
78,40,73,110,52,11,114,30,19,136,202,623,127,61,9,12,177,202,negative
106,52,101,213,64,11,201,33,23,158,214,607,204,65,2,4,192,204,positive
94,37,72,146,60,9,133,50,18,135,161,262,128,69,2,7,192,195,negative 
104,54,101,197,64,11,213,31,24,172,218,669,222,74,14,4,187,196,positive
104,56,94,186,60,11,184,40,25,127,233,721,171,68,6,18,193,194,positive
91,34,88,121,54,6,114,47,22,119,175,436,244,61,0,9,188,202,negative
106,36,50,191,52,8,205,42,24,121,241,756,220,61,7,5,184,191,negative
94,39,89,194,62,9,172,38,21,135,191,444,121,63,4,23,201,209,negative
91,41,64,148,61,8,129,51,18,142,161,249,153,68,6,12,194,201,negative 
107,55,103,213,68,11,219,30,25,172,221,709,216,70,10,7,187,197,positive
86,55,106,124,70,12,139,35,17,177,232,201,157,66,5,19,190,198,positive
91,43,70,133,55,8,130,51,18,146,159,253,156,70,1,8,190,194,negative 
78,50,65,221,56,10,186,30,22,139,228,191,182,69,3,0,189,200,negative
103,46,102,158,52,12,222,33,19,119,144,253,160,70,0,31,186,197,positive
95,40,63,228,59,10,184,32,20,137,172,341,211,62,19,4,184,191,negative
92,51,72,104,51,10,188,37,23,142,206,184,213,59,0,12,193,193,positive
115,52,100,203,62,10,217,31,24,165,229,697,214,72,14,4,188,197,positive
93,53,90,146,54,12,174,49,20,165,235,595,131,59,6,6,194,196,positive
91,47,111,217,62,7,112,36,24,152,214,566,223,64,0,0,196,194,positive
92,46,79,176,64,8,162,41,20,149,183,396,178,67,2,10,191,198,negative
106,54,103,161,47,4,247,27,27,166,266,892,242,85,4,11,181,183,negative 
95,47,73,195,70,7,167,38,20,152,184,430,185,69,9,19,200,206,negative 
89,56,99,206,61,12,116,34,22,141,184,184,133,59,3,0,195,182,positive
101,53,108,184,54,12,216,31,24,172,220,685,187,68,4,24,190,201,negative
89,37,51,111,54,5,120,56,17,127,138,213,147,82,7,4,181,183,negative 
96,50,94,215,67,9,187,35,22,158,214,525,214,67,8,6,193,201,positive
83,42,66,156,67,7,150,45,19,144,174,333,159,78,4,2,182,188,negative 
102,51,104,217,67,10,204,32,23,162,220,621,195,68,3,19,188,197,positive
87,41,73,158,64,7,151,44,19,138,175,341,152,73,3,8,190,194,negative 
82,46,99,146,58,7,222,37,25,177,224,203,156,67,1,7,194,185,positive
79,56,109,134,53,7,209,51,22,177,201,519,174,73,2,13,202,197,positive
75,34,42,146,54,8,178,30,20,120,153,191,129,70,12,12,180,202,negative
79,48,68,211,52,11,114,32,18,125,171,562,179,73,0,0,176,205,negative
85,40,75,137,56,7,152,44,19,134,173,339,160,76,7,16,182,187,positive
98,45,99,109,62,6,155,61,25,169,235,506,169,64,5,15,189,195,positive
81,38,53,123,58,6,134,51,18,128,147,259,148,83,10,6,177,184,negative
86,43,66,130,56,7,152,44,19,142,177,340,173,81,6,14,181,185,negative 
93,42,98,192,63,9,185,36,22,138,206,508,173,70,10,21,189,197,positive
93,40,73,139,58,6,136,49,18,138,166,275,137,73,0,0,187,188,negative 
108,44,108,142,63,6,206,61,22,177,206,636,176,59,0,0,179,199,positive
102,54,98,167,53,10,217,31,24,174,228,692,223,72,0,31,187,198,negative
91,52,97,125,60,7,220,39,20,148,219,479,115,77,22,40,192,200,positive
106,35,109,198,57,10,208,47,23,167,228,225,217,67,7,41,187,199,positive
91,38,75,136,53,6,144,47,19,131,165,305,149,69,1,7,186,191,positive
85,38,72,130,53,9,134,51,18,132,145,261,123,65,1,24,188,198,negative
109,47,96,206,64,9,198,33,23,150,219,586,191,70,4,13,190,198,positive
104,54,91,209,67,11,218,31,24,170,223,697,196,74,4,21,187,196,negative
98,44,42,151,52,13,165,38,25,119,143,756,211,74,0,0,186,193,negative
84,37,70,145,62,9,136,48,18,134,159,280,140,68,11,9,194,202,negative 
91,39,83,170,60,8,172,38,21,134,197,445,152,72,0,10,188,194,positive
103,55,100,194,62,11,212,31,24,175,217,666,219,73,10,14,187,194,negative
76,38,58,125,58,5,133,51,18,127,152,259,145,87,0,21,177,184,negative
89,37,54,119,53,5,134,50,18,127,151,266,146,79,16,14,184,185,positive
92,39,91,191,62,8,176,37,21,137,196,466,151,67,3,23,192,200,negative
91,47,63,184,52,12,200,43,19,119,234,191,196,75,2,0,192,192,negative
82,38,89,161,58,5,131,30,24,126,164,448,117,65,5,15,190,192,negative
99,38,103,231,66,9,151,51,19,143,232,646,182,65,2,16,203,192,positive
93,56,112,186,67,9,187,57,23,136,179,612,195,72,0,15,203,192,positive
105,38,54,171,52,10,114,42,25,168,241,618,187,67,6,17,186,199,negative
78,41,108,179,60,8,215,51,18,139,235,536,212,66,4,7,190,194,positive
95,51,61,180,70,9,135,41,21,145,235,543,132,59,4,7,183,195,positive
82,44,72,136,61,7,147,46,19,143,173,317,183,81,6,17,181,185,negative 
93,45,73,164,59,7,159,42,20,146,182,379,188,65,11,15,195,201,negative
87,39,74,152,58,6,151,44,19,136,174,337,140,70,1,33,187,196,positive
94,43,69,161,59,7,152,43,19,143,175,349,187,67,12,11,193,198,positive
100,51,104,163,52,10,206,32,23,164,217,631,193,69,5,21,188,196,negative
106,49,107,194,57,11,214,31,24,161,224,670,172,67,0,39,192,206,negative
85,45,82,133,56,11,159,43,20,156,170,362,173,76,10,21,183,193,negative 
96,45,80,162,63,9,146,46,19,148,161,316,161,64,5,10,199,207,negative 
89,42,89,147,61,11,151,44,19,145,170,338,163,72,11,23,187,199,negative 
97,40,97,170,53,11,114,55,24,119,193,514,228,70,1,6,186,204,negative
86,38,76,143,59,8,142,47,18,131,167,301,138,71,5,10,189,196,negative 
90,34,66,136,55,6,123,54,17,118,148,224,118,65,5,26,196,202,positive
95,43,83,198,69,6,177,36,21,139,189,484,163,68,6,4,196,198,negative 
84,44,77,150,59,5,152,44,19,143,175,344,177,77,8,2,183,187,positive
97,44,96,195,63,9,185,36,22,144,202,512,165,66,4,8,191,199,positive
85,36,104,131,70,6,222,34,21,150,201,274,160,60,4,24,190,182,positive
94,49,96,104,66,7,156,30,22,128,213,577,170,60,3,23,184,182,positive
89,38,77,161,62,7,149,45,19,129,174,327,153,71,6,21,188,193,positive
92,40,82,163,63,9,146,45,19,140,165,319,137,64,9,0,199,206,negative 
84,37,53,121,59,5,123,55,17,125,141,221,133,82,7,1,179,183,negative 
96,37,74,187,68,8,159,42,20,134,183,378,134,69,3,16,190,197,positive
104,54,100,186,61,10,216,31,24,173,225,686,220,74,5,11,185,195,positive
94,49,87,159,64,10,157,43,20,158,179,363,203,75,4,0,183,194,negative 
98,55,101,219,69,11,225,30,25,178,231,748,216,74,6,14,187,195,negative
95,43,71,159,64,6,145,45,19,141,169,322,171,67,8,4,195,200,negative 
78,36,60,116,56,6,123,55,17,124,141,221,121,78,3,16,178,185,negative
88,39,88,194,69,8,168,40,20,133,199,416,151,74,3,22,186,192,negative
85,36,51,115,56,5,119,57,17,124,139,207,127,81,13,5,181,184,negative 
109,47,98,184,56,8,202,35,24,137,196,598,191,75,6,39,191,182,positive
88,35,60,143,59,7,128,52,18,129,147,246,109,62,1,6,202,209,negative 
91,43,57,193,55,12,121,43,19,150,228,650,217,62,2,30,178,201,negative
108,54,105,203,62,11,202,33,23,164,216,608,235,68,12,3,190,200,positive
96,52,104,222,67,9,198,33,23,163,217,589,226,67,12,20,192,201,negative
83,40,59,116,53,7,132,52,18,137,145,250,157,84,12,6,177,183,negative 
98,40,106,210,56,7,126,39,24,119,238,216,190,69,0,13,192,190,negative
89,44,70,158,64,6,141,47,18,143,164,299,173,66,9,11,193,199,negative 
113,57,109,194,56,6,260,26,28,175,288,982,261,85,11,21,182,183,negative 
90,40,84,104,58,7,145,34,19,171,172,443,187,59,7,18,187,203,positive
97,42,101,186,59,9,186,36,22,138,208,511,168,67,7,41,194,206,positive
88,43,51,109,58,9,159,46,17,150,166,642,216,66,1,7,202,183,positive
92,46,83,154,56,6,160,41,20,148,185,382,184,71,10,5,186,191,positive
105,54,99,146,61,10,114,33,23,154,238,643,218,69,2,32,176,196,negative
105,38,73,118,52,12,114,30,25,165,174,640,228,67,0,30,199,192,negative
85,45,70,120,54,7,149,45,19,145,169,326,186,81,8,4,181,184,negative 
96,40,70,120,50,8,137,50,18,141,162,269,139,80,10,13,183,183,negative 
77,38,75,144,59,6,147,46,19,132,167,315,136,80,16,20,181,187,negative
90,36,85,184,64,6,160,41,20,125,187,385,139,66,9,31,195,203,positive
96,48,95,208,59,11,114,35,23,121,171,494,146,68,10,0,187,204,negative
89,44,70,137,58,6,136,49,18,146,168,273,166,78,10,3,186,187,negative 
103,49,107,179,54,12,208,32,24,159,214,644,183,66,1,12,191,200,negative
87,38,71,123,53,8,137,49,18,127,158,277,145,75,0,9,181,186,positive
88,35,50,121,58,5,114,59,17,122,132,192,138,74,21,4,182,187,negative
90,43,81,231,97,46,150,45,19,149,200,332,164,91,5,9,186,196,negative 
84,47,75,153,64,6,154,43,19,145,175,354,184,75,0,3,185,192,negative 
93,43,78,162,64,8,137,48,18,145,156,281,159,63,17,12,203,210,negative 
81,47,101,181,53,8,190,38,22,157,195,593,115,59,7,2,196,187,positive
119,54,106,220,65,12,213,31,24,167,223,675,232,66,20,1,192,202,positive
107,57,102,184,55,7,234,28,26,171,243,822,229,77,7,11,187,187,negative 
91,41,93,197,65,9,183,36,21,137,202,504,153,66,11,24,193,200,negative
100,46,90,172,67,9,157,43,20,150,170,363,184,67,17,7,192,200,negative 
105,34,74,104,56,9,222,30,18,160,224,402,191,63,1,35,203,189,positive
80,39,60,122,56,6,139,49,18,131,151,281,142,80,0,5,179,186,negative
104,53,108,204,64,11,220,31,25,172,226,707,203,71,14,30,189,203,positive
82,44,51,133,52,12,141,34,23,119,151,191,171,67,0,18,181,210,negative
89,45,74,125,52,9,168,33,18,138,130,492,164,66,0,6,193,196,positive
73,47,87,193,64,12,205,30,23,128,241,751,200,73,0,5,192,205,negative
94,47,85,333,138,49,155,43,19,155,320,354,187,135,12,9,188,196,negative 
99,46,71,171,55,10,202,48,18,119,221,602,130,64,0,0,202,187,negative
78,49,99,119,63,10,222,39,22,126,217,511,205,59,0,13,197,191,positive
85,33,50,104,53,4,115,59,17,118,136,193,127,83,1,30,179,185,positive
94,56,46,131,52,9,114,51,18,119,220,756,150,61,8,1,201,196,negative
105,51,108,201,62,11,220,30,25,163,232,711,202,72,12,16,189,200,positive
101,55,101,183,57,13,225,30,25,177,225,741,204,71,5,10,186,198,negative
88,44,67,138,57,10,201,39,23,177,146,236,197,65,0,0,188,196,positive
88,43,70,177,74,19,152,44,19,143,180,342,168,76,1,9,186,189,negative 
82,44,72,118,52,7,152,44,19,147,174,340,177,82,2,2,180,185,negative 
107,53,108,213,64,12,206,32,23,163,216,627,202,65,21,22,194,205,positive
90,49,85,141,57,11,159,43,20,167,173,365,186,75,1,11,182,192,negative 
103,48,90,194,52,9,114,43,25,124,234,282,216,61,0,4,185,192,negative
106,53,98,176,54,10,216,31,24,171,235,691,218,74,1,9,187,197,positive
103,55,103,211,65,11,212,31,24,165,229,673,249,72,5,16,188,196,negative
84,43,70,123,54,8,151,45,19,146,173,332,176,81,1,12,181,184,negative 
79,40,80,133,55,7,147,47,19,135,172,311,144,76,8,30,181,193,negative
86,39,60,140,60,7,119,55,17,134,140,212,141,61,7,8,200,207,negative 
92,42,75,172,60,8,147,45,19,142,174,322,160,62,22,10,206,211,negative
96,49,98,187,59,6,213,31,24,152,228,680,210,77,8,28,188,189,negative 
96,44,85,166,66,10,155,43,19,150,167,355,159,67,3,10,192,202,negative 
104,53,108,206,61,11,217,31,24,168,226,694,209,67,0,9,188,201,positive
93,41,75,124,51,7,140,49,18,141,164,284,149,77,5,15,184,185,negative 
93,34,70,216,52,13,114,30,18,128,238,559,237,68,8,37,187,183,negative
103,34,51,162,65,11,154,44,24,130,240,694,148,70,0,0,198,186,negative
102,51,108,193,57,10,212,31,24,162,219,663,184,66,7,21,191,201,negative
102,45,57,122,63,11,114,38,19,129,223,271,183,67,17,0,182,202,negative
