7.8,0.88,0.0,2.6,0.098,25.0,67.0,0.9968,3.2,0.68,9.8,5,0
8.1,0.56,0.28,1.7,0.368,16.0,56.0,0.9968,3.11,1.28,9.3,5,0
7.9,0.32,0.51,1.8,0.341,17.0,56.0,0.9969,3.04,1.08,9.2,6,0
8.5,0.49,0.11,2.3,0.084,9.0,67.0,0.9968,3.17,0.53,9.4,5,0
7.6,0.41,0.24,1.8,0.08,4.0,11.0,0.9962,3.28,0.59,9.5,5,0
8.8,0.66,0.26,1.7,0.074,4.0,23.0,0.9971,3.15,0.74,9.2,5,0
8.8,0.4,0.4,2.2,0.079,19.0,52.0,0.998,3.44,0.64,9.2,5,0
7.5,0.52,0.11,1.5,0.079,11.0,39.0,0.9968,3.42,0.58,9.6,5,0
6.9,0.55,0.15,2.2,0.076,19.0,40.0,0.9961,3.41,0.59,10.1,5,0
7.0,0.62,0.08,1.8,0.076,8.0,24.0,0.9978,3.48,0.53,9.0,5,0
8.1,0.545,0.18,1.9,0.08,13.0,35.0,0.9972,3.3,0.59,9.0,6,0
7.8,0.56,0.12,2.0,0.082,7.0,28.0,0.997,3.37,0.5,9.4,6,0
7.3,0.695,0.0,2.5,0.075,3.0,13.0,0.998,3.49,0.52,9.2,5,0
8.0,0.59,0.16,1.8,0.065,3.0,16.0,0.9962,3.42,0.92,10.5,7,0
5.2,0.34,0.0,1.8,0.05,27.0,63.0,0.9916,3.68,0.79,14.0,6,0
7.6,0.49,0.26,1.6,0.236,10.0,88.0,0.9968,3.11,0.8,9.3,5,0
7.1,0.43,0.42,5.5,0.07,29.0,129.0,0.9973,3.42,0.72,10.5,5,0
7.3,0.59,0.26,7.2,0.07,35.0,121.0,0.9981,3.37,0.49,9.4,5,0
7.9,0.5,0.33,2.0,0.084,15.0,143.0,0.9968,3.2,0.55,9.5,5,0
6.8,0.63,0.12,3.8,0.099,16.0,126.0,0.9969,3.28,0.61,9.5,5,0
11.5,0.3,0.6,2.0,0.067,12.0,27.0,0.9981,3.11,0.97,10.1,6,0
8.8,0.37,0.48,2.1,0.097,39.0,145.0,0.9975,3.04,1.03,9.3,5,0
9.7,0.53,0.6,2.0,0.039,5.0,19.0,0.99585,3.3,0.86,12.4,6,0
8.6,0.645,0.25,2.0,0.083,8.0,28.0,0.99815,3.28,0.6,10.0,6,0
7.1,0.6,0.0,1.8,0.074,16.0,34.0,0.9972,3.47,0.7,9.9,6,0
8.1,0.87,0.0,3.3,0.096,26.0,61.0,1.00025,3.6,0.72,9.8,4,1
7.6,0.62,0.32,2.2,0.082,7.0,54.0,0.9966,3.36,0.52,9.4,5,0
11.6,0.53,0.66,3.65,0.121,6.0,14.0,0.9978,3.05,0.74,11.5,7,0
10.2,0.36,0.64,2.9,0.122,10.0,41.0,0.998,3.23,0.66,12.5,6,0
10.4,0.575,0.61,2.6,0.076,11.0,24.0,1.0,3.16,0.69,9.0,5,0
11.4,0.625,0.66,6.2,0.088,6.0,24.0,0.9988,3.11,0.99,13.3,6,0
7.4,0.63,0.07,2.4,0.09,11.0,37.0,0.9979,3.43,0.76,9.7,6,0
9.5,0.37,0.52,2.0,0.082,6.0,26.0,0.998,3.18,0.51,9.5,5,0
9.0,0.43,0.34,2.5,0.08,26.0,86.0,0.9987,3.38,0.62,9.5,6,0
7.1,0.735,0.16,1.9,0.1,15.0,77.0,0.9966,3.27,0.64,9.3,5,0
9.2,0.63,0.21,2.7,0.097,29.0,65.0,0.9988,3.28,0.58,9.6,5,0
11.5,0.315,0.54,2.1,0.084,5.0,15.0,0.9987,2.98,0.7,9.2,6,0
8.8,0.46,0.45,2.6,0.065,7.0,18.0,0.9947,3.32,0.79,14.0,6,0
10.6,0.36,0.6,2.2,0.152,7.0,18.0,0.9986,3.04,1.06,9.4,5,0
10.4,0.44,0.73,6.55,0.074,38.0,76.0,0.999,3.17,0.85,12.0,7,0
8.5,0.655,0.49,6.1,0.122,34.0,151.0,1.001,3.31,1.14,9.3,5,0
12.5,0.6,0.49,4.3,0.1,5.0,14.0,1.001,3.25,0.74,11.9,6,0
7.0,0.38,0.49,2.5,0.097,33.0,85.0,0.9962,3.39,0.77,11.4,6,0
10.0,0.48,0.24,2.7,0.102,13.0,32.0,1.0,3.28,0.56,10.0,6,0
7.5,0.55,0.24,2.0,0.078,10.0,28.0,0.9983,3.45,0.78,9.5,6,0
6.2,0.36,0.24,2.2,0.095,19.0,42.0,0.9946,3.57,0.57,11.7,6,0
10.5,0.59,0.49,2.1,0.07,14.0,47.0,0.9991,3.3,0.56,9.6,4,1
9.9,0.5,0.24,2.3,0.103,6.0,14.0,0.9978,3.34,0.52,10.0,4,1
8.3,0.58,0.13,2.9,0.096,14.0,63.0,0.9984,3.17,0.62,9.1,6,0
8.8,0.24,0.54,2.5,0.083,25.0,57.0,0.9983,3.39,0.54,9.2,5,0
9.6,0.6,0.5,2.3,0.079,28.0,71.0,0.9997,3.5,0.57,9.7,5,0
7.9,0.35,0.21,1.9,0.073,46.0,102.0,0.9964,3.27,0.58,9.5,5,0
7.7,0.915,0.12,2.2,0.143,7.0,23.0,0.9964,3.35,0.65,10.2,7,0
9.9,0.54,0.45,2.3,0.071,16.0,40.0,0.9991,3.39,0.62,9.4,5,0
7.8,0.64,0.1,6.0,0.115,5.0,11.0,0.9984,3.37,0.69,10.1,7,0
8.3,0.78,0.1,2.6,0.081,45.0,87.0,0.9983,3.48,0.53,10.0,5,0
7.7,0.66,0.04,1.6,0.039,4.0,9.0,0.9962,3.4,0.47,9.4,5,0
7.0,0.64,0.02,2.1,0.067,9.0,23.0,0.997,3.47,0.67,9.4,6,0
8.4,1.035,0.15,6.0,0.073,11.0,54.0,0.999,3.37,0.49,9.9,5,0
8.0,0.43,0.36,2.3,0.075,10.0,48.0,0.9976,3.34,0.46,9.4,5,0
7.1,0.31,0.3,2.2,0.053,36.0,127.0,0.9965,2.94,1.62,9.5,5,0
6.4,0.57,0.02,1.8,0.067,4.0,11.0,0.997,3.46,0.68,9.5,5,0
6.4,0.57,0.02,1.8,0.067,4.0,11.0,0.997,3.46,0.68,9.5,5,0
9.5,0.55,0.66,2.3,0.387,12.0,37.0,0.9982,3.17,0.67,9.6,5,0
7.0,0.45,0.34,2.7,0.082,16.0,72.0,0.998,3.55,0.6,9.5,5,0
7.7,0.965,0.1,2.1,0.112,11.0,22.0,0.9963,3.26,0.5,9.5,5,0
9.0,0.69,0.0,2.4,0.088,19.0,38.0,0.999,3.35,0.6,9.3,5,0
7.8,0.48,0.68,1.7,0.415,14.0,32.0,0.99656,3.09,1.06,9.1,6,0
6.3,0.98,0.01,2.0,0.057,15.0,33.0,0.99488,3.6,0.46,11.2,6,0
7.1,0.59,0.02,2.3,0.082,24.0,94.0,0.99744,3.55,0.53,9.7,6,0
7.9,0.72,0.01,1.9,0.076,7.0,32.0,0.99668,3.39,0.54,9.6,5,0
7.9,0.4,0.29,1.8,0.157,1.0,44.0,0.9973,3.3,0.92,9.5,6,0
7.0,0.57,0.0,2.0,0.19,12.0,45.0,0.99676,3.31,0.6,9.4,6,0
9.0,0.82,0.05,2.4,0.081,26.0,96.0,0.99814,3.36,0.53,10.0,5,0
7.1,0.59,0.01,2.5,0.077,20.0,85.0,0.99746,3.55,0.59,9.8,5,0
10.1,0.27,0.54,2.3,0.065,7.0,26.0,0.99531,3.17,0.53,12.5,6,0
9.4,0.5,0.34,3.6,0.082,5.0,14.0,0.9987,3.29,0.52,10.7,6,0
8.6,0.55,0.09,3.3,0.068,8.0,17.0,0.99735,3.23,0.44,10.0,5,0
7.1,0.715,0.0,2.35,0.071,21.0,47.0,0.99632,3.29,0.45,9.4,5,0
7.1,0.48,0.28,2.8,0.068,6.0,16.0,0.99682,3.24,0.53,10.3,5,0
7.1,0.46,0.14,2.8,0.076,15.0,37.0,0.99624,3.36,0.49,10.7,5,0
7.1,0.46,0.14,2.8,0.076,15.0,37.0,0.99624,3.36,0.49,10.7,5,0
7.8,0.57,0.09,2.3,0.065,34.0,45.0,0.99417,3.46,0.74,12.7,8,1
11.1,0.42,0.47,2.65,0.085,9.0,34.0,0.99736,3.24,0.77,12.1,7,0
6.6,0.66,0.0,3.0,0.115,21.0,31.0,0.99629,3.45,0.63,10.3,5,0
7.1,0.685,0.35,2.0,0.088,9.0,92.0,0.9963,3.28,0.62,9.4,5,0
6.8,0.56,0.22,1.8,0.074,15.0,24.0,0.99438,3.4,0.82,11.2,6,0
6.8,0.49,0.22,2.3,0.071,13.0,24.0,0.99438,3.41,0.83,11.3,6,0
9.1,0.21,0.37,1.6,0.067,6.0,10.0,0.99552,3.23,0.58,11.1,7,0
8.8,0.61,0.19,4.0,0.094,30.0,69.0,0.99787,3.22,0.5,10.0,6,0
8.8,0.61,0.19,4.0,0.094,30.0,69.0,0.99787,3.22,0.5,10.0,6,0
8.3,1.02,0.02,3.4,0.084,6.0,11.0,0.99892,3.48,0.49,11.0,3,0
7.3,0.305,0.39,1.2,0.059,7.0,11.0,0.99331,3.29,0.52,11.5,6,0
7.6,0.4,0.29,1.9,0.078,29.0,66.0,0.9971,3.45,0.59,9.5,6,0
8.9,0.12,0.45,1.8,0.075,10.0,21.0,0.99552,3.41,0.76,11.9,7,0
8.9,0.12,0.45,1.8,0.075,10.0,21.0,0.99552,3.41,0.76,11.9,7,0
6.4,0.57,0.12,2.3,0.12,25.0,36.0,0.99519,3.47,0.71,11.3,7,0
6.7,0.56,0.09,2.9,0.079,7.0,22.0,0.99669,3.46,0.61,10.2,5,0
7.2,0.41,0.3,2.1,0.083,35.0,72.0,0.997,3.44,0.52,9.4,5,0
9.1,0.5,0.3,1.9,0.065,8.0,17.0,0.99774,3.32,0.71,10.5,6,0
7.7,0.39,0.12,1.7,0.097,19.0,27.0,0.99596,3.16,0.49,9.4,5,0
5.6,0.66,0.0,2.2,0.087,3.0,11.0,0.99378,3.71,0.63,12.8,7,0
8.9,0.84,0.34,1.4,0.05,4.0,10.0,0.99554,3.12,0.48,9.1,6,0
7.5,0.71,0.0,1.6,0.092,22.0,31.0,0.99635,3.38,0.58,10.0,6,0
7.1,0.59,0.0,2.1,0.091,9.0,14.0,0.99488,3.42,0.55,11.5,7,0
7.4,0.965,0.0,2.2,0.088,16.0,32.0,0.99756,3.58,0.67,10.2,5,0
7.6,0.78,0.0,1.7,0.076,33.0,45.0,0.99612,3.31,0.62,10.7,6,0
9.3,0.49,0.36,1.7,0.081,3.0,14.0,0.99702,3.27,0.78,10.9,6,0
9.3,0.5,0.36,1.8,0.084,6.0,17.0,0.99704,3.27,0.77,10.8,6,0
9.9,0.53,0.57,2.4,0.093,30.0,52.0,0.9971,3.19,0.76,11.6,7,0
8.0,0.38,0.44,1.9,0.098,6.0,15.0,0.9956,3.3,0.64,11.4,6,0
7.2,0.35,0.26,1.8,0.083,33.0,75.0,0.9968,3.4,0.58,9.5,6,0
10.3,0.27,0.56,1.4,0.047,3.0,8.0,0.99471,3.16,0.51,11.8,6,0
6.8,0.48,0.08,1.8,0.074,40.0,64.0,0.99529,3.12,0.49,9.6,5,0
6.1,0.48,0.09,1.7,0.078,18.0,30.0,0.99402,3.45,0.54,11.2,6,0
8.1,0.78,0.1,3.3,0.09,4.0,13.0,0.99855,3.36,0.49,9.5,5,0
5.0,0.4,0.5,4.3,0.046,29.0,80.0,0.9902,3.49,0.66,13.6,6,0
8.2,0.51,0.24,2.0,0.079,16.0,86.0,0.99764,3.34,0.64,9.5,6,0
8.2,0.33,0.32,2.8,0.067,4.0,12.0,0.99473,3.3,0.76,12.8,7,0
7.6,0.36,0.31,1.7,0.079,26.0,65.0,0.99716,3.46,0.62,9.5,6,0
6.5,0.88,0.03,5.6,0.079,23.0,47.0,0.99572,3.58,0.5,11.2,4,1
5.6,0.915,0.0,2.1,0.041,17.0,78.0,0.99346,3.68,0.73,11.4,5,0
6.7,0.64,0.23,2.1,0.08,11.0,119.0,0.99538,3.36,0.7,10.9,5,0
6.2,0.43,0.22,1.8,0.078,21.0,56.0,0.99633,3.52,0.6,9.5,6,0
6.8,0.65,0.02,2.1,0.078,8.0,15.0,0.99498,3.35,0.62,10.4,6,0
9.6,0.38,0.42,1.9,0.071,5.0,13.0,0.99659,3.15,0.75,10.5,6,0
9.2,0.46,0.23,2.6,0.091,18.0,77.0,0.99922,3.15,0.51,9.4,5,0
9.0,0.58,0.25,2.0,0.104,8.0,21.0,0.99769,3.27,0.72,9.6,5,0
7.5,0.58,0.14,2.2,0.077,27.0,60.0,0.9963,3.28,0.59,9.8,5,0
7.1,0.72,0.0,1.8,0.123,6.0,14.0,0.99627,3.45,0.58,9.8,5,0
8.2,0.78,0.0,2.2,0.089,13.0,26.0,0.9978,3.37,0.46,9.6,4,1
8.0,0.715,0.22,2.3,0.075,13.0,81.0,0.99688,3.24,0.54,9.5,6,0
8.2,0.635,0.1,2.1,0.073,25.0,60.0,0.99638,3.29,0.75,10.9,6,0
6.6,0.63,0.0,4.3,0.093,51.0,77.5,0.99558,3.2,0.45,9.5,5,0
9.1,0.76,0.68,1.7,0.414,18.0,64.0,0.99652,2.9,1.33,9.1,6,0
6.7,0.46,0.24,1.7,0.077,18.0,34.0,0.9948,3.39,0.6,10.6,6,0
7.4,0.6,0.26,2.1,0.083,17.0,91.0,0.99616,3.29,0.56,9.8,6,0
7.4,0.6,0.26,2.1,0.083,17.0,91.0,0.99616,3.29,0.56,9.8,6,0
6.0,0.5,0.0,1.4,0.057,15.0,26.0,0.99448,3.36,0.45,9.5,5,0
7.2,0.62,0.01,2.3,0.065,8.0,46.0,0.99332,3.32,0.51,11.8,6,0
8.3,0.85,0.14,2.5,0.093,13.0,54.0,0.99724,3.36,0.54,10.1,5,0
7.7,0.75,0.27,3.8,0.11,34.0,89.0,0.99664,3.24,0.45,9.3,5,0
8.0,0.6,0.22,2.1,0.08,25.0,105.0,0.99613,3.3,0.49,9.9,5,0
8.6,0.685,0.1,1.6,0.092,3.0,12.0,0.99745,3.31,0.65,9.55,6,0
8.7,0.675,0.1,1.6,0.09,4.0,11.0,0.99745,3.31,0.65,9.55,5,0
7.4,0.785,0.19,5.2,0.094,19.0,98.0,0.99713,3.16,0.52,9.56666666666667,6,0
6.8,0.59,0.1,1.7,0.063,34.0,53.0,0.9958,3.41,0.67,9.7,5,0
5.3,0.47,0.11,2.2,0.048,16.0,89.0,0.99182,3.54,0.88,13.5666666666667,7,0
5.3,0.47,0.11,2.2,0.048,16.0,89.0,0.99182,3.54,0.88,13.6,7,0
6.4,0.31,0.09,1.4,0.066,15.0,28.0,0.99459,3.42,0.7,10.0,7,0
7.0,0.43,0.02,1.9,0.08,15.0,28.0,0.99492,3.35,0.81,10.6,6,0
6.6,0.44,0.09,2.2,0.063,9.0,18.0,0.99444,3.42,0.69,11.3,6,0
6.1,0.53,0.08,1.9,0.077,24.0,45.0,0.99528,3.6,0.68,10.3,6,0
11.1,0.44,0.42,2.2,0.064,14.0,19.0,0.99758,3.25,0.57,10.4,6,0
7.4,0.36,0.3,1.8,0.074,17.0,24.0,0.99419,3.24,0.7,11.4,8,1
7.1,0.67,0.0,2.3,0.083,18.0,27.0,0.99768,3.44,0.54,9.4,5,0
6.2,0.51,0.14,1.9,0.056,15.0,34.0,0.99396,3.48,0.57,11.5,6,0
6.1,0.715,0.1,2.6,0.053,13.0,27.0,0.99362,3.57,0.5,11.9,5,0
7.5,0.31,0.41,2.4,0.065,34.0,60.0,0.99492,3.34,0.85,11.4,6,0
5.4,0.74,0.09,1.7,0.089,16.0,26.0,0.99402,3.67,0.56,11.6,6,0
