7.8,0.58,0.02,2.0,0.073,9.0,18.0,0.9968,3.36,0.57,9.5,7,0
8.9,0.62,0.19,3.9,0.17,51.0,148.0,0.9986,3.17,0.93,9.2,5,0
7.9,0.43,0.21,1.6,0.106,10.0,37.0,0.9966,3.17,0.91,9.5,5,0
7.1,0.71,0.0,1.9,0.08,14.0,35.0,0.9972,3.47,0.55,9.4,5,0
8.8,0.61,0.3,2.8,0.088,17.0,46.0,0.9976,3.26,0.51,9.3,4,1
8.6,0.38,0.36,3.0,0.081,30.0,119.0,0.997,3.2,0.56,9.4,5,0
7.7,0.67,0.23,2.1,0.088,17.0,96.0,0.9962,3.32,0.48,9.5,5,0
7.7,0.69,0.22,1.9,0.084,18.0,94.0,0.9961,3.31,0.48,9.5,5,0
7.4,0.5,0.47,2.0,0.086,21.0,73.0,0.997,3.36,0.57,9.1,5,0
7.7,0.49,0.26,1.9,0.062,9.0,31.0,0.9966,3.39,0.64,9.6,5,0
9.3,0.39,0.44,2.1,0.107,34.0,125.0,0.9978,3.14,1.22,9.5,5,0
6.8,0.775,0.0,3.0,0.102,8.0,23.0,0.9965,3.45,0.56,10.7,5,0
6.2,0.63,0.31,1.7,0.088,15.0,64.0,0.9969,3.46,0.79,9.3,5,0
9.4,0.4,0.31,2.2,0.09,13.0,62.0,0.9966,3.07,0.63,10.5,6,0
8.3,0.54,0.28,1.9,0.077,11.0,40.0,0.9978,3.39,0.61,10.0,6,0
8.0,0.71,0.0,2.6,0.08,11.0,34.0,0.9976,3.44,0.53,9.5,5,0
7.9,1.04,0.05,2.2,0.084,13.0,29.0,0.9959,3.22,0.55,9.9,6,0
7.2,0.415,0.36,2.0,0.081,13.0,45.0,0.9972,3.48,0.64,9.2,5,0
7.8,0.56,0.19,2.1,0.081,15.0,105.0,0.9962,3.33,0.54,9.5,5,0
6.3,0.39,0.08,1.7,0.066,3.0,20.0,0.9954,3.34,0.58,9.4,5,0
8.1,0.67,0.55,1.8,0.117,32.0,141.0,0.9968,3.17,0.62,9.4,5,0
7.3,0.38,0.21,2.0,0.08,7.0,35.0,0.9961,3.33,0.47,9.5,5,0
8.8,0.61,0.14,2.4,0.067,10.0,42.0,0.9969,3.19,0.59,9.5,5,0
7.8,0.34,0.37,2.0,0.082,24.0,58.0,0.9964,3.34,0.59,9.4,6,0
7.7,0.43,0.25,2.6,0.073,29.0,63.0,0.99615,3.37,0.58,10.5,6,0
8.2,1.0,0.09,2.3,0.065,7.0,37.0,0.99685,3.32,0.55,9.0,6,0
8.4,0.715,0.2,2.4,0.076,10.0,38.0,0.99735,3.31,0.64,9.4,5,0
11.5,0.18,0.51,4.0,0.104,4.0,23.0,0.9996,3.28,0.97,10.1,6,0
10.3,0.32,0.45,6.4,0.073,5.0,13.0,0.9976,3.23,0.82,12.6,8,1
7.7,0.27,0.68,3.5,0.358,5.0,10.0,0.9972,3.25,1.08,9.9,7,0
7.6,0.52,0.12,3.0,0.067,12.0,53.0,0.9971,3.36,0.57,9.1,5,0
9.9,0.59,0.07,3.4,0.102,32.0,71.0,1.00015,3.31,0.71,9.8,5,0
10.3,0.53,0.48,2.5,0.063,6.0,25.0,0.9998,3.12,0.59,9.3,6,0
8.6,0.47,0.3,3.0,0.076,30.0,135.0,0.9976,3.3,0.53,9.4,5,0
9.6,0.56,0.23,3.4,0.102,37.0,92.0,0.9996,3.3,0.65,10.1,5,0
9.6,0.77,0.12,2.9,0.082,30.0,74.0,0.99865,3.3,0.64,10.4,6,0
10.0,0.49,0.2,11.0,0.071,13.0,50.0,1.0015,3.16,0.69,9.2,6,0
10.2,0.36,0.64,2.9,0.122,10.0,41.0,0.998,3.23,0.66,12.5,6,0
7.9,0.65,0.01,2.5,0.078,17.0,38.0,0.9963,3.34,0.74,11.7,7,0
11.9,0.695,0.53,3.4,0.128,7.0,21.0,0.9992,3.17,0.84,12.2,7,0
12.5,0.28,0.54,2.3,0.082,12.0,29.0,0.9997,3.11,1.36,9.8,7,0
9.1,0.28,0.48,1.8,0.067,26.0,46.0,0.9967,3.32,1.04,10.6,6,0
8.4,0.665,0.61,2.0,0.112,13.0,95.0,0.997,3.16,0.54,9.1,5,0
12.0,0.37,0.76,4.2,0.066,7.0,38.0,1.0004,3.22,0.6,13.0,7,0
11.5,0.59,0.59,2.6,0.087,13.0,49.0,0.9988,3.18,0.65,11.0,6,0
8.7,0.765,0.22,2.3,0.064,9.0,42.0,0.9963,3.1,0.55,9.4,5,0
6.6,0.735,0.02,7.9,0.122,68.0,124.0,0.9994,3.47,0.53,9.9,5,0
7.7,0.26,0.3,1.7,0.059,20.0,38.0,0.9949,3.29,0.47,10.8,6,0
8.7,0.31,0.46,1.4,0.059,11.0,25.0,0.9966,3.36,0.76,10.1,6,0
10.4,0.34,0.58,3.7,0.174,6.0,16.0,0.997,3.19,0.7,11.3,6,0
9.9,0.4,0.53,6.7,0.097,6.0,19.0,0.9986,3.27,0.82,11.7,7,0
9.5,0.56,0.33,2.4,0.089,35.0,67.0,0.9972,3.28,0.73,11.8,7,0
6.6,0.84,0.03,2.3,0.059,32.0,48.0,0.9952,3.52,0.56,12.3,7,0
8.0,0.67,0.3,2.0,0.06,38.0,62.0,0.9958,3.26,0.56,10.2,6,0
11.9,0.39,0.69,2.8,0.095,17.0,35.0,0.9994,3.1,0.61,10.8,6,0
9.6,0.68,0.24,2.2,0.087,5.0,28.0,0.9988,3.14,0.6,10.2,5,0
10.6,0.36,0.59,2.2,0.152,6.0,18.0,0.9986,3.04,1.05,9.4,5,0
9.3,0.775,0.27,2.8,0.078,24.0,56.0,0.9984,3.31,0.67,10.6,6,0
8.7,0.69,0.31,3.0,0.086,23.0,81.0,1.0002,3.48,0.74,11.6,6,0
6.5,0.39,0.23,8.3,0.051,28.0,91.0,0.9952,3.44,0.55,12.1,6,0
7.8,0.52,0.25,1.9,0.081,14.0,38.0,0.9984,3.43,0.65,9.0,6,0
10.0,0.59,0.31,2.2,0.09,26.0,62.0,0.9994,3.18,0.63,10.2,6,0
10.5,0.51,0.64,2.4,0.107,6.0,15.0,0.9973,3.09,0.66,11.8,7,0
9.5,0.46,0.49,6.3,0.064,5.0,17.0,0.9988,3.21,0.73,11.0,6,0
11.2,0.66,0.24,2.5,0.085,16.0,53.0,0.9993,3.06,0.72,11.0,6,0
5.0,1.04,0.24,1.6,0.05,32.0,96.0,0.9934,3.74,0.62,11.5,5,0
10.9,0.53,0.49,4.6,0.118,10.0,17.0,1.0002,3.07,0.56,11.7,6,0
8.9,0.595,0.41,7.9,0.086,30.0,109.0,0.9998,3.27,0.57,9.3,5,0
7.5,0.64,0.0,2.4,0.077,18.0,29.0,0.9965,3.32,0.6,10.0,6,0
11.5,0.31,0.51,2.2,0.079,14.0,28.0,0.9982,3.03,0.93,9.8,6,0
8.3,0.54,0.24,3.4,0.076,16.0,112.0,0.9976,3.27,0.61,9.4,5,0
6.7,0.42,0.27,8.6,0.068,24.0,148.0,0.9948,3.16,0.57,11.3,6,0
7.1,0.84,0.02,4.4,0.096,5.0,13.0,0.997,3.41,0.57,11.0,4,1
10.0,0.73,0.43,2.3,0.059,15.0,31.0,0.9966,3.15,0.57,11.0,5,0
8.0,0.45,0.23,2.2,0.094,16.0,29.0,0.9962,3.21,0.49,10.2,6,0
8.3,0.76,0.29,4.2,0.075,12.0,16.0,0.9965,3.45,0.68,11.5,6,0
8.3,0.65,0.1,2.9,0.089,17.0,40.0,0.99803,3.29,0.55,9.5,5,0
7.2,1.0,0.0,3.0,0.102,7.0,16.0,0.99586,3.43,0.46,10.0,5,0
6.5,0.46,0.14,2.4,0.114,9.0,37.0,0.99732,3.66,0.65,9.8,5,0
8.4,0.25,0.39,2.0,0.041,4.0,10.0,0.99386,3.27,0.71,12.5,7,0
8.2,0.28,0.4,2.4,0.052,4.0,10.0,0.99356,3.33,0.7,12.8,7,0
7.4,0.53,0.12,1.9,0.165,4.0,12.0,0.99702,3.26,0.86,9.2,5,0
6.9,0.39,0.24,2.1,0.102,4.0,7.0,0.99462,3.44,0.58,11.4,4,1
12.6,0.41,0.54,2.8,0.103,19.0,41.0,0.99939,3.21,0.76,11.3,6,0
9.1,0.66,0.15,3.2,0.097,9.0,59.0,0.99976,3.28,0.54,9.6,5,0
6.7,0.28,0.28,2.4,0.012,36.0,100.0,0.99064,3.26,0.39,11.7,7,0
9.3,0.36,0.39,1.5,0.08,41.0,55.0,0.99652,3.47,0.73,10.9,6,0
7.1,0.47,0.0,2.2,0.067,7.0,14.0,0.99517,3.4,0.58,10.9,4,1
7.7,0.715,0.01,2.1,0.064,31.0,43.0,0.99371,3.41,0.57,11.8,6,0
7.2,0.6,0.04,2.5,0.076,18.0,88.0,0.99745,3.53,0.55,9.5,5,0
8.4,0.31,0.29,3.1,0.194,14.0,26.0,0.99536,3.22,0.78,12.0,6,0
10.1,0.45,0.23,1.9,0.082,10.0,18.0,0.99774,3.22,0.65,9.3,6,0
7.2,0.63,0.03,2.2,0.08,17.0,88.0,0.99745,3.53,0.58,9.8,6,0
6.6,0.61,0.01,1.9,0.08,8.0,25.0,0.99746,3.69,0.73,10.5,5,0
9.9,0.27,0.49,5.0,0.082,9.0,17.0,0.99484,3.19,0.52,12.5,7,0
9.8,0.5,0.34,2.3,0.094,10.0,45.0,0.99864,3.24,0.6,9.7,7,0
10.2,0.44,0.42,2.0,0.071,7.0,20.0,0.99566,3.14,0.79,11.1,7,0
10.2,0.44,0.58,4.1,0.092,11.0,24.0,0.99745,3.29,0.99,12.0,7,0
9.5,0.37,0.52,2.0,0.088,12.0,51.0,0.99613,3.29,0.58,11.1,6,0
9.0,0.38,0.41,2.4,0.103,6.0,10.0,0.99604,3.13,0.58,11.9,7,0
7.2,0.41,0.3,2.1,0.083,35.0,72.0,0.997,3.44,0.52,9.4,5,0
8.6,0.83,0.0,2.8,0.095,17.0,43.0,0.99822,3.33,0.6,10.4,6,0
7.3,0.55,0.01,1.8,0.093,9.0,15.0,0.99514,3.35,0.58,11.0,7,0
9.5,0.39,0.41,8.9,0.069,18.0,39.0,0.99859,3.29,0.81,10.9,7,0
5.6,0.605,0.05,2.4,0.073,19.0,25.0,0.99258,3.56,0.55,12.9,5,0
8.2,0.74,0.09,2.0,0.067,5.0,10.0,0.99418,3.28,0.57,11.8,6,0
9.9,0.32,0.56,2.0,0.073,3.0,8.0,0.99534,3.15,0.73,11.4,6,0
5.6,0.66,0.0,2.5,0.066,7.0,15.0,0.99256,3.52,0.58,12.9,5,0
8.0,0.25,0.43,1.7,0.067,22.0,50.0,0.9946,3.38,0.6,11.9,6,0
10.0,0.41,0.45,6.2,0.071,6.0,14.0,0.99702,3.21,0.49,11.8,7,0
6.7,0.41,0.43,2.8,0.076,22.0,54.0,0.99572,3.42,1.16,10.6,6,0
9.0,0.785,0.24,1.7,0.078,10.0,21.0,0.99692,3.29,0.67,10.0,5,0
7.1,0.59,0.0,2.2,0.078,26.0,44.0,0.99522,3.42,0.68,10.8,6,0
9.1,0.4,0.57,4.6,0.08,6.0,20.0,0.99652,3.28,0.57,12.5,6,0
7.7,0.57,0.21,1.5,0.069,4.0,9.0,0.99458,3.16,0.54,9.8,6,0
8.6,0.42,0.39,1.8,0.068,6.0,12.0,0.99516,3.35,0.69,11.7,8,1
7.2,0.36,0.46,2.1,0.074,24.0,44.0,0.99534,3.4,0.85,11.0,7,0
7.7,0.18,0.34,2.7,0.066,15.0,58.0,0.9947,3.37,0.78,11.8,6,0
10.2,0.23,0.37,2.2,0.057,14.0,36.0,0.99614,3.23,0.49,9.3,4,1
9.8,0.45,0.38,2.5,0.081,34.0,66.0,0.99726,3.15,0.58,9.8,5,0
6.9,0.41,0.31,2.0,0.079,21.0,51.0,0.99668,3.47,0.55,9.5,6,0
5.0,0.38,0.01,1.6,0.048,26.0,60.0,0.99084,3.7,0.75,14.0,6,0
7.3,0.44,0.2,1.6,0.049,24.0,64.0,0.9935,3.38,0.57,11.7,6,0
11.3,0.37,0.5,1.8,0.09,20.0,47.0,0.99734,3.15,0.57,10.5,5,0
5.2,0.645,0.0,2.15,0.08,15.0,28.0,0.99444,3.78,0.61,12.5,6,0
7.5,0.61,0.26,1.9,0.073,24.0,88.0,0.99612,3.3,0.53,9.8,5,0
5.4,0.74,0.0,1.2,0.041,16.0,46.0,0.99258,4.01,0.59,12.5,6,0
9.1,0.36,0.39,1.8,0.06,21.0,55.0,0.99495,3.18,0.82,11.0,7,0
6.7,0.46,0.24,1.7,0.077,18.0,34.0,0.9948,3.39,0.6,10.6,6,0
6.7,0.46,0.24,1.7,0.077,18.0,34.0,0.9948,3.39,0.6,10.6,6,0
6.0,0.5,0.0,1.4,0.057,15.0,26.0,0.99448,3.36,0.45,9.5,5,0
7.5,0.51,0.02,1.7,0.084,13.0,31.0,0.99538,3.36,0.54,10.5,6,0
11.5,0.42,0.48,2.6,0.077,8.0,20.0,0.99852,3.09,0.53,11.0,5,0
6.9,0.57,0.0,2.8,0.081,21.0,41.0,0.99518,3.41,0.52,10.8,5,0
7.5,0.58,0.56,3.1,0.153,5.0,14.0,0.99476,3.21,1.03,11.6,6,0
8.0,0.64,0.22,2.4,0.094,5.0,33.0,0.99612,3.37,0.58,11.0,5,0
7.9,0.69,0.21,2.1,0.08,33.0,141.0,0.9962,3.25,0.51,9.9,5,0
7.9,0.69,0.21,2.1,0.08,33.0,141.0,0.9962,3.25,0.51,9.9,5,0
8.2,0.24,0.34,5.1,0.062,8.0,22.0,0.9974,3.22,0.94,10.9,6,0
6.0,0.51,0.0,2.1,0.064,40.0,54.0,0.995,3.54,0.93,10.7,6,0
6.6,0.96,0.0,1.8,0.082,5.0,16.0,0.9936,3.5,0.44,11.9,6,0
10.0,0.32,0.59,2.2,0.077,3.0,15.0,0.9994,3.2,0.78,9.6,5,0
7.8,0.53,0.01,1.6,0.077,3.0,19.0,0.995,3.16,0.46,9.8,5,0
7.7,0.64,0.21,2.2,0.077,32.0,133.0,0.9956,3.27,0.45,9.9,5,0
7.5,0.4,0.18,1.6,0.079,24.0,58.0,0.9965,3.34,0.58,9.4,5,0
7.0,0.54,0.0,2.1,0.079,39.0,55.0,0.9956,3.39,0.84,11.4,6,0
5.9,0.44,0.0,1.6,0.042,3.0,11.0,0.9944,3.48,0.85,11.7,6,0
7.3,0.67,0.02,2.2,0.072,31.0,92.0,0.99566,3.32,0.68,11.1,6,0
7.6,0.49,0.33,1.9,0.074,27.0,85.0,0.99706,3.41,0.58,9.0,5,0
5.6,0.62,0.03,1.5,0.08,6.0,13.0,0.99498,3.66,0.62,10.1,4,1
6.2,0.65,0.06,1.6,0.05,6.0,18.0,0.99348,3.57,0.54,11.95,5,0
6.4,0.36,0.21,2.2,0.047,26.0,48.0,0.99661,3.47,0.77,9.7,6,0
5.4,0.58,0.08,1.9,0.059,20.0,31.0,0.99484,3.5,0.64,10.2,6,0
6.2,0.52,0.08,4.4,0.071,11.0,32.0,0.99646,3.56,0.63,11.6,6,0
6.3,0.6,0.1,1.6,0.048,12.0,26.0,0.99306,3.55,0.51,12.1,5,0
7.0,0.56,0.17,1.7,0.065,15.0,24.0,0.99514,3.44,0.68,10.55,7,0
6.4,0.36,0.53,2.2,0.23,19.0,35.0,0.9934,3.37,0.93,12.4,6,0
6.2,0.56,0.09,1.7,0.053,24.0,32.0,0.99402,3.54,0.6,11.3,5,0
6.6,0.725,0.2,7.8,0.073,29.0,79.0,0.9977,3.29,0.54,9.2,5,0
5.9,0.55,0.1,2.2,0.062,39.0,51.0,0.99512,3.52,0.76,11.2,6,0
