0.029,0.045,0.028,0.017,0.038,0.099,0.12,0.183,0.21,0.304,0.299,0.425,0.634,0.82,1.0,0.999,0.951,0.902,0.723,0.512,0.207,0.398,0.589,0.287,0.204,0.578,0.539,0.375,0.341,0.507,0.558,0.478,0.33,0.22,0.141,0.286,0.381,0.416,0.405,0.33,0.271,0.265,0.072,0.124,0.119,0.109,0.062,0.049,0.026,0.008,0.01,0.004,0.001,0.004,0.001,0.009,0.006,0.003,0.005,0.006, R
0.008,0.009,0.006,0.025,0.034,0.055,0.053,0.096,0.101,0.124,0.11,0.122,0.187,0.338,0.323,0.272,0.394,0.643,0.727,0.867,0.967,0.985,0.948,0.804,0.683,0.514,0.309,0.083,0.402,0.234,0.19,0.124,0.172,0.235,0.249,0.365,0.338,0.159,0.099,0.109,0.104,0.084,0.139,0.082,0.068,0.066,0.12,0.069,0.015,0.027,0.017,0.018,0.013,0.009,0.01,0.002,0.006,0.006,0.006,0.003, R
0.03,0.062,0.065,0.092,0.162,0.229,0.218,0.203,0.146,0.085,0.248,0.364,0.278,0.283,0.324,0.434,0.564,0.456,0.435,0.643,0.393,0.199,0.354,0.916,0.937,0.462,0.277,0.661,0.803,0.42,0.519,0.696,0.579,0.889,0.786,0.713,0.762,0.44,0.301,0.316,0.281,0.29,0.053,0.187,0.155,0.163,0.125,0.075,0.045,0.006,0.015,0.003,0.015,0.007,0.021,0.008,0.015,0.005,0.02,0.007, R
0.018,0.03,0.029,0.039,0.063,0.053,0.069,0.063,0.062,0.061,0.168,0.348,0.456,0.519,0.631,0.72,0.515,0.382,0.264,0.334,0.486,0.663,0.739,0.921,1.0,0.775,0.559,0.617,0.864,0.659,0.477,0.498,0.333,0.308,0.288,0.223,0.079,0.06,0.105,0.061,0.153,0.098,0.164,0.19,0.111,0.192,0.147,0.039,0.036,0.027,0.017,0.01,0.012,0.004,0.008,0.012,0.01,0.006,0.003,0.002, R
0.033,0.022,0.027,0.048,0.068,0.098,0.084,0.117,0.076,0.092,0.148,0.052,0.112,0.097,0.117,0.168,0.164,0.12,0.049,0.154,0.348,0.615,0.915,0.936,0.868,0.877,0.855,0.883,1.0,0.83,0.66,0.55,0.572,0.686,0.682,0.514,0.275,0.136,0.155,0.265,0.199,0.188,0.275,0.165,0.058,0.07,0.06,0.046,0.002,0.007,0.004,0.002,0.003,0.006,0.005,0.006,0.014,0.013,0.005,0.004, R
0.007,0.023,0.051,0.044,0.025,0.064,0.042,0.113,0.191,0.248,0.161,0.092,0.24,0.322,0.43,0.265,0.067,0.144,0.237,0.26,0.249,0.39,0.638,0.804,0.703,0.687,0.7,0.856,1.0,0.962,0.9,0.758,0.69,0.569,0.44,0.455,0.296,0.159,0.168,0.084,0.117,0.175,0.273,0.17,0.019,0.021,0.035,0.042,0.009,0.02,0.02,0.017,0.016,0.006,0.004,0.007,0.004,0.005,0.019,0.01, R
0.009,0.005,0.008,0.023,0.059,0.068,0.099,0.072,0.058,0.082,0.132,0.186,0.279,0.258,0.224,0.257,0.293,0.299,0.392,0.469,0.566,0.646,0.677,0.758,0.886,0.942,1.0,0.856,0.679,0.559,0.415,0.295,0.202,0.069,0.117,0.216,0.222,0.278,0.231,0.144,0.151,0.174,0.176,0.142,0.091,0.014,0.047,0.048,0.016,0.004,0.002,0.005,0.004,0.008,0.011,0.005,0.003,0.006,0.006,0.003, R
0.022,0.012,0.017,0.015,0.061,0.103,0.114,0.088,0.116,0.087,0.156,0.078,0.1,0.092,0.066,0.113,0.174,0.257,0.329,0.391,0.544,0.612,0.702,0.761,0.797,0.91,0.881,0.795,0.799,0.718,0.641,0.631,0.593,0.617,0.65,0.676,0.625,0.512,0.389,0.327,0.251,0.153,0.132,0.166,0.122,0.098,0.045,0.027,0.018,0.009,0.002,0.005,0.005,0.01,0.013,0.012,0.005,0.002,0.001,0.002, R
0.02,0.01,0.032,0.024,0.081,0.153,0.115,0.061,0.132,0.137,0.084,0.027,0.125,0.305,0.558,0.797,0.834,0.806,0.862,0.877,0.941,0.94,0.941,1.0,0.972,0.931,0.935,0.732,0.442,0.324,0.416,0.461,0.403,0.3,0.246,0.135,0.254,0.226,0.16,0.148,0.084,0.057,0.086,0.126,0.115,0.057,0.043,0.042,0.024,0.001,0.019,0.013,0.008,0.007,0.004,0.006,0.005,0.005,0.007,0.005, R
0.023,0.037,0.004,0.038,0.046,0.145,0.221,0.119,0.075,0.163,0.271,0.336,0.409,0.44,0.548,0.721,0.814,0.918,1.0,0.942,0.912,0.935,0.748,0.515,0.411,0.344,0.698,0.871,0.901,0.801,0.438,0.132,0.171,0.248,0.304,0.231,0.134,0.206,0.247,0.279,0.161,0.006,0.035,0.115,0.133,0.028,0.076,0.063,0.031,0.024,0.012,0.006,0.002,0.012,0.015,0.006,0.003,0.003,0.01,0.016, R
0.033,0.042,0.047,0.082,0.084,0.076,0.037,0.096,0.055,0.019,0.09,0.173,0.194,0.28,0.331,0.502,0.636,0.71,0.833,0.873,0.807,0.751,0.753,0.73,0.618,0.495,0.453,0.41,0.454,0.412,0.314,0.319,0.369,0.378,0.447,0.478,0.472,0.466,0.389,0.426,0.406,0.371,0.386,0.28,0.128,0.112,0.13,0.079,0.044,0.022,0.013,0.008,0.017,0.018,0.004,0.013,0.007,0.004,0.013,0.009, M
0.009,0.033,0.031,0.038,0.13,0.18,0.191,0.169,0.187,0.172,0.223,0.311,0.414,0.516,0.537,0.511,0.644,0.733,0.816,0.886,0.989,1.0,0.875,0.863,0.907,0.867,0.775,0.66,0.562,0.402,0.233,0.116,0.11,0.043,0.062,0.196,0.212,0.324,0.41,0.294,0.191,0.17,0.101,0.151,0.143,0.11,0.117,0.097,0.07,0.028,0.022,0.015,0.011,0.024,0.016,0.006,0.008,0.006,0.009,0.007, M
0.053,0.056,0.122,0.121,0.025,0.102,0.054,0.044,0.229,0.163,0.254,0.281,0.301,0.336,0.302,0.228,0.291,0.132,0.115,0.34,0.556,0.638,0.655,0.738,0.653,0.542,0.688,0.732,0.773,0.823,0.879,0.911,0.67,0.609,0.75,0.478,0.167,0.375,0.378,0.211,0.589,0.563,0.258,0.524,0.615,0.512,0.338,0.15,0.055,0.027,0.038,0.034,0.015,0.034,0.038,0.017,0.013,0.01,0.036,0.021, M
0.016,0.02,0.02,0.039,0.075,0.144,0.149,0.148,0.244,0.282,0.369,0.375,0.393,0.331,0.108,0.114,0.345,0.544,0.647,0.728,0.789,0.826,0.87,0.784,0.714,0.57,0.291,0.464,0.641,0.74,0.807,0.842,1.0,0.954,0.676,0.39,0.125,0.363,0.636,0.812,0.766,0.542,0.261,0.172,0.281,0.276,0.198,0.15,0.122,0.049,0.003,0.008,0.003,0.003,0.008,0.002,0.008,0.011,0.008,0.003, M
0.041,0.028,0.06,0.052,0.049,0.038,0.061,0.112,0.124,0.23,0.137,0.134,0.214,0.153,0.078,0.12,0.09,0.069,0.207,0.298,0.284,0.335,0.362,0.32,0.345,0.356,0.389,0.662,0.925,1.0,0.853,0.63,0.525,0.401,0.29,0.201,0.336,0.48,0.615,0.625,0.497,0.349,0.266,0.314,0.428,0.426,0.351,0.246,0.126,0.033,0.018,0.022,0.004,0.002,0.006,0.013,0.011,0.005,0.008,0.004, M
0.033,0.022,0.039,0.063,0.116,0.148,0.205,0.16,0.253,0.267,0.306,0.316,0.231,0.207,0.18,0.281,0.442,0.595,0.66,0.584,0.454,0.479,0.565,0.528,0.712,1.0,0.956,0.609,0.511,0.4,0.048,0.185,0.219,0.144,0.176,0.143,0.164,0.309,0.365,0.444,0.386,0.281,0.124,0.095,0.12,0.082,0.062,0.014,0.011,0.012,0.01,0.01,0.015,0.006,0.002,0.005,0.002,0.004,0.005,0.007, M
0.037,0.028,0.01,0.057,0.076,0.068,0.097,0.147,0.216,0.254,0.294,0.294,0.266,0.319,0.279,0.253,0.198,0.193,0.283,0.324,0.35,0.332,0.422,0.477,0.481,0.632,0.833,0.946,1.0,0.842,0.552,0.48,0.52,0.397,0.194,0.152,0.201,0.174,0.103,0.224,0.372,0.445,0.394,0.203,0.201,0.219,0.184,0.148,0.097,0.022,0.015,0.01,0.002,0.002,0.006,0.009,0.001,0.009,0.011,0.005, M
0.009,0.027,0.025,0.024,0.022,0.084,0.149,0.122,0.157,0.212,0.3,0.309,0.274,0.255,0.187,0.145,0.146,0.243,0.326,0.368,0.336,0.31,0.391,0.528,0.641,0.771,0.875,1.0,0.981,0.697,0.497,0.502,0.536,0.384,0.185,0.115,0.157,0.131,0.158,0.263,0.31,0.451,0.378,0.127,0.146,0.109,0.148,0.138,0.072,0.018,0.02,0.01,0.01,0.009,0.002,0.004,0.002,0.007,0.006,0.002, M
0.039,0.011,0.027,0.026,0.041,0.049,0.105,0.169,0.21,0.247,0.268,0.305,0.286,0.229,0.116,0.213,0.206,0.222,0.324,0.433,0.507,0.594,0.708,0.764,0.888,0.971,0.988,0.981,0.946,0.854,0.646,0.34,0.383,0.32,0.133,0.044,0.123,0.203,0.165,0.104,0.107,0.211,0.242,0.163,0.077,0.072,0.091,0.081,0.05,0.01,0.009,0.008,0.008,0.003,0.008,0.004,0.007,0.004,0.002,0.001, M
0.013,0.039,0.033,0.008,0.072,0.134,0.163,0.19,0.261,0.319,0.347,0.374,0.306,0.193,0.138,0.212,0.276,0.458,0.649,0.715,0.801,0.792,0.879,1.0,0.986,0.947,0.947,0.932,0.833,0.621,0.377,0.282,0.204,0.219,0.222,0.133,0.052,0.062,0.142,0.146,0.085,0.106,0.164,0.192,0.208,0.234,0.196,0.13,0.063,0.018,0.014,0.015,0.008,0.003,0.004,0.007,0.004,0.001,0.002,0.008, M
0.052,0.044,0.018,0.029,0.035,0.117,0.126,0.118,0.126,0.253,0.272,0.237,0.188,0.098,0.068,0.15,0.172,0.234,0.196,0.14,0.316,0.589,0.763,0.847,0.942,0.999,0.97,1.0,0.863,0.698,0.772,0.73,0.52,0.179,0.11,0.145,0.107,0.144,0.193,0.032,0.149,0.033,0.054,0.131,0.091,0.076,0.106,0.1,0.054,0.024,0.016,0.016,0.003,0.005,0.006,0.009,0.014,0.014,0.008,0.003, M
