7.2,0.23,0.32,8.5,0.058,47.0,186.0,0.9956,3.19,0.4,9.9,6,0
7.6,0.67,0.14,1.5,0.074,25.0,168.0,0.9937,3.05,0.51,9.3,5,0
6.6,0.27,0.41,1.3,0.052,16.0,142.0,0.9951,3.42,0.47,10.0,6,0
7.0,0.28,0.39,8.7,0.051,32.0,141.0,0.9961,3.38,0.53,10.5,6,0
8.3,0.14,0.34,1.1,0.042,7.0,47.0,0.9934,3.47,0.4,10.2,6,0
6.2,0.12,0.34,1.5,0.045,43.0,117.0,0.9939,3.42,0.51,9.0,6,0
6.2,0.16,0.33,1.1,0.057,21.0,82.0,0.991,3.32,0.46,10.9,7,0
6.9,0.25,0.35,1.3,0.039,29.0,191.0,0.9908,3.13,0.52,11.0,6,0
6.0,0.19,0.26,12.4,0.048,50.0,147.0,0.9972,3.3,0.36,8.9,6,0
6.0,0.27,0.28,4.8,0.063,31.0,201.0,0.9964,3.69,0.71,10.0,5,0
7.1,0.2,0.34,16.0,0.05,51.0,166.0,0.9985,3.21,0.6,9.2,6,0
6.0,0.34,0.66,15.9,0.046,26.0,164.0,0.9979,3.14,0.5,8.8,6,0
7.4,0.16,0.31,6.85,0.059,31.0,131.0,0.9952,3.29,0.34,9.7,5,0
6.3,0.31,0.34,2.2,0.045,20.0,77.0,0.9927,3.3,0.43,10.2,5,0
7.9,0.22,0.38,8.0,0.043,46.0,152.0,0.9934,3.12,0.32,11.5,7,0
6.1,0.32,0.24,1.5,0.036,38.0,124.0,0.9898,3.29,0.42,12.4,7,0
7.1,0.3,0.46,1.5,0.066,29.0,133.0,0.9906,3.12,0.54,12.7,6,0
6.8,0.28,0.4,22.0,0.048,48.0,167.0,1.001,2.93,0.5,8.7,5,0
6.8,0.26,0.24,7.8,0.052,54.0,214.0,0.9961,3.13,0.47,8.9,5,0
7.0,0.16,0.32,8.3,0.045,38.0,126.0,0.9958,3.21,0.34,9.2,5,0
10.2,0.44,0.88,6.2,0.049,20.0,124.0,0.9968,2.99,0.51,9.9,4,0
6.8,0.52,0.32,13.2,0.044,54.0,221.0,0.9972,3.27,0.5,9.6,6,0
7.1,0.21,0.37,2.4,0.026,23.0,100.0,0.9903,3.15,0.38,11.4,7,0
5.8,0.24,0.44,3.5,0.029,5.0,109.0,0.9913,3.53,0.43,11.7,3,1
5.8,0.24,0.39,1.5,0.054,37.0,158.0,0.9932,3.21,0.52,9.3,6,0
6.3,0.35,0.3,5.7,0.035,8.0,97.0,0.9927,3.27,0.41,11.0,7,0
7.7,0.26,0.4,1.1,0.042,9.0,60.0,0.9915,2.89,0.5,10.6,5,0
8.3,0.39,0.7,10.6,0.045,33.0,169.0,0.9976,3.09,0.57,9.4,5,0
7.5,0.17,0.44,11.3,0.046,65.0,146.0,0.997,3.17,0.45,10.0,6,0
6.0,0.29,0.21,1.3,0.055,42.0,168.0,0.9914,3.32,0.43,11.1,6,0
6.8,0.25,0.34,4.7,0.031,34.0,134.0,0.9927,3.21,0.38,10.6,6,0
8.3,0.41,0.51,2.0,0.046,11.0,207.0,0.993,3.02,0.55,11.4,5,0
5.6,0.26,0.26,5.7,0.031,12.0,80.0,0.9923,3.25,0.38,10.8,5,0
6.3,0.12,0.36,2.1,0.044,47.0,146.0,0.9914,3.27,0.74,11.4,7,0
6.9,0.33,0.21,1.0,0.053,39.0,148.0,0.9927,3.12,0.45,9.4,6,0
7.7,0.29,0.48,2.3,0.049,36.0,178.0,0.9931,3.17,0.64,10.6,6,0
7.2,0.27,0.27,2.4,0.048,30.0,149.0,0.9936,3.1,0.51,9.2,6,0
5.1,0.33,0.22,1.6,0.027,18.0,89.0,0.9893,3.51,0.38,12.5,7,0
7.5,0.35,0.28,9.6,0.051,26.0,157.0,0.9969,3.12,0.53,9.2,6,0
5.8,0.28,0.34,4.0,0.031,40.0,99.0,0.9896,3.39,0.39,12.8,7,0
6.3,0.14,0.39,1.2,0.044,26.0,116.0,0.992,3.26,0.53,10.3,6,0
7.2,0.25,0.39,18.95,0.038,42.0,155.0,0.9999,2.97,0.47,9.0,6,0
7.3,0.28,0.36,12.7,0.04,38.0,140.0,0.998,3.3,0.79,9.6,6,0
7.2,0.25,0.39,18.95,0.038,42.0,155.0,0.9999,2.97,0.47,9.0,6,0
7.3,0.28,0.36,12.7,0.04,38.0,140.0,0.998,3.3,0.79,9.6,6,0
7.0,0.23,0.36,7.1,0.028,31.0,104.0,0.9922,3.35,0.47,12.1,8,1
6.4,0.28,0.29,1.6,0.052,34.0,127.0,0.9929,3.48,0.56,10.5,7,0
7.2,0.6,0.2,9.9,0.07,21.0,174.0,0.9971,3.03,0.54,9.1,5,0
7.0,0.25,0.29,15.2,0.047,40.0,171.0,0.9982,3.22,0.45,9.3,5,0
5.9,0.25,0.19,12.4,0.047,50.0,162.0,0.9973,3.35,0.38,9.5,5,0
7.0,0.14,0.32,9.0,0.039,54.0,141.0,0.9956,3.22,0.43,9.4,6,0
8.6,0.37,0.7,12.15,0.039,21.0,158.0,0.9983,3.0,0.73,9.3,6,0
7.0,0.17,0.31,4.8,0.034,34.0,132.0,0.9944,3.36,0.48,9.6,7,0
6.3,0.22,0.33,1.7,0.041,67.0,164.0,0.9928,3.32,0.56,10.4,6,0
5.8,0.25,0.24,13.3,0.044,41.0,137.0,0.9972,3.34,0.42,9.5,5,0
7.1,0.23,0.39,1.6,0.032,12.0,65.0,0.9898,3.25,0.4,12.7,7,0
6.5,0.3,0.29,2.25,0.037,8.0,210.0,0.9937,3.19,0.62,9.9,5,0
5.9,0.13,0.28,1.9,0.05,20.0,78.0,0.9918,3.43,0.64,10.8,6,0
7.2,0.34,0.34,12.6,0.048,7.0,41.0,0.9942,3.19,0.4,11.7,5,0
7.9,0.19,0.26,2.1,0.039,8.0,143.0,0.9942,3.05,0.74,9.8,5,0
6.9,0.25,0.4,1.3,0.038,22.0,101.0,0.9901,3.03,0.39,11.4,6,0
5.6,0.19,0.47,4.5,0.03,19.0,112.0,0.9922,3.56,0.45,11.2,6,0
7.9,0.345,0.51,15.3,0.047,54.0,171.0,0.9987,3.09,0.51,9.1,5,0
6.7,0.21,0.42,9.1,0.049,31.0,150.0,0.9953,3.12,0.74,9.9,7,0
7.2,0.35,0.34,12.4,0.051,6.0,37.0,0.9944,3.13,0.39,11.5,6,0
7.3,0.3,0.22,6.4,0.056,44.0,168.0,0.9947,3.13,0.35,10.1,6,0
6.3,0.27,0.38,0.9,0.051,7.0,140.0,0.9926,3.45,0.5,10.5,7,0
6.1,0.28,0.25,17.75,0.044,48.0,161.0,0.9993,3.34,0.48,9.5,5,0
7.5,0.21,0.68,10.9,0.045,38.0,133.0,0.9978,3.0,0.36,8.7,5,0
6.5,0.46,0.41,16.8,0.084,59.0,222.0,0.9993,3.18,0.58,9.0,5,0
7.0,0.32,0.24,6.2,0.048,31.0,228.0,0.9957,3.23,0.62,9.4,6,0
7.1,0.26,0.34,14.4,0.067,35.0,189.0,0.9986,3.07,0.53,9.1,7,0
7.8,0.28,0.22,1.4,0.056,24.0,130.0,0.9944,3.28,0.48,9.5,5,0
6.8,0.22,0.37,1.7,0.036,38.0,195.0,0.9908,3.35,0.72,12.5,6,0
6.9,0.2,0.34,1.9,0.043,25.0,136.0,0.9935,3.31,0.6,10.1,4,0
7.0,0.21,0.34,8.5,0.033,31.0,253.0,0.9953,3.22,0.56,10.5,6,0
6.6,0.16,0.57,1.1,0.13,58.0,140.0,0.9927,3.12,0.39,9.3,7,0
6.1,0.27,0.3,16.7,0.039,49.0,172.0,0.99985,3.4,0.45,9.4,5,0
8.3,0.14,0.45,1.5,0.039,18.0,98.0,0.99215,3.02,0.56,11.0,6,0
6.9,0.22,0.37,15.0,0.053,59.0,178.0,0.9992,3.37,0.82,9.5,7,0
7.0,0.21,0.37,7.2,0.042,36.0,167.0,0.9958,3.26,0.56,9.8,6,0
7.3,0.21,0.29,1.6,0.034,29.0,118.0,0.9917,3.3,0.5,11.0,8,1
8.2,0.4,0.48,13.7,0.042,59.0,169.0,0.9986,3.1,0.52,9.4,5,0
6.2,0.28,0.33,1.7,0.029,24.0,111.0,0.99,3.24,0.5,12.1,6,0
4.8,0.33,0.0,6.5,0.028,34.0,163.0,0.9937,3.35,0.61,9.9,5,0
6.1,0.27,0.33,2.2,0.021,26.0,117.0,0.9886,3.12,0.3,12.5,6,0
6.2,0.16,0.54,1.4,0.126,37.0,110.0,0.9932,3.23,0.37,8.9,6,0
5.9,0.29,0.33,7.4,0.037,58.0,205.0,0.99495,3.26,0.41,9.6,5,0
8.2,0.345,1.0,18.2,0.047,55.0,205.0,0.99965,2.96,0.43,9.6,5,0
8.5,0.16,0.35,1.6,0.039,24.0,147.0,0.9935,2.96,0.36,10.0,5,0
7.6,0.22,0.34,9.7,0.035,26.0,143.0,0.9965,3.08,0.49,9.8,6,0
6.5,0.17,0.33,1.4,0.028,14.0,99.0,0.9928,3.23,0.55,10.1,6,0
6.6,0.2,0.32,1.1,0.039,25.0,78.0,0.9926,3.39,0.54,10.2,7,0
5.5,0.42,0.09,1.6,0.019,18.0,68.0,0.9906,3.33,0.51,11.4,7,0
6.6,0.13,0.3,4.9,0.058,47.0,131.0,0.9946,3.51,0.45,10.3,6,0
6.5,0.14,0.33,7.6,0.05,53.0,189.0,0.9966,3.25,0.49,8.6,5,0
7.7,0.28,0.39,8.9,0.036,8.0,117.0,0.9935,3.06,0.38,12.0,7,0
8.6,0.16,0.38,3.4,0.04,41.0,143.0,0.9932,2.95,0.39,10.2,6,0
6.4,0.28,0.43,7.1,0.045,60.0,221.0,0.9952,3.09,0.45,9.4,6,0
6.2,0.25,0.47,11.6,0.048,62.0,210.0,0.9968,3.19,0.5,9.5,5,0
8.6,0.2,0.42,1.5,0.041,35.0,125.0,0.9925,3.11,0.49,11.4,7,0
6.8,0.19,0.32,7.05,0.019,54.0,188.0,0.9935,3.25,0.37,11.1,8,1
7.1,0.2,0.41,2.1,0.054,24.0,166.0,0.9948,3.48,0.62,10.5,6,0
6.2,0.34,0.29,7.6,0.047,45.0,232.0,0.9955,3.35,0.62,10.0,6,0
7.9,0.64,0.46,10.6,0.244,33.0,227.0,0.9983,2.87,0.74,9.1,3,1
8.2,0.68,0.3,2.1,0.047,17.0,138.0,0.995,3.22,0.71,10.8,4,0
7.5,0.33,0.48,19.45,0.048,55.0,243.0,1.001,2.95,0.4,8.8,5,0
8.3,0.4,0.38,1.1,0.038,15.0,75.0,0.9934,3.03,0.43,9.2,5,0
7.5,0.19,0.34,2.6,0.037,33.0,125.0,0.9923,3.1,0.49,11.1,7,0
6.3,0.34,0.29,6.2,0.046,29.0,227.0,0.9952,3.29,0.53,10.1,6,0
6.8,0.15,0.33,4.7,0.059,31.0,118.0,0.9956,3.43,0.39,9.0,7,0
7.3,0.31,0.69,10.2,0.041,58.0,160.0,0.9977,3.06,0.45,8.6,5,0
6.1,0.29,0.27,1.7,0.024,13.0,76.0,0.9893,3.21,0.51,12.6,7,0
6.3,0.55,0.45,13.0,0.047,33.0,182.0,0.9974,3.2,0.46,9.2,6,0
6.5,0.115,0.29,1.95,0.038,73.0,166.0,0.989,3.12,0.25,12.9,7,0
6.9,0.2,0.28,1.2,0.048,36.0,159.0,0.9936,3.19,0.43,9.1,6,0
6.7,0.25,0.34,12.85,0.048,30.0,161.0,0.9986,3.44,0.47,9.5,6,0
8.5,0.16,0.33,1.0,0.076,17.0,57.0,0.9921,3.14,0.46,10.6,6,0
7.2,0.25,0.32,1.5,0.047,27.0,132.0,0.9933,3.26,0.44,10.5,5,0
7.8,0.3,0.29,16.85,0.054,23.0,135.0,0.9998,3.16,0.38,9.0,6,0
7.2,0.26,0.26,12.7,0.036,49.0,214.0,0.9986,3.41,0.5,10.0,6,0
7.2,0.2,0.25,4.5,0.044,31.0,109.0,0.9949,3.23,0.36,9.4,5,0
7.9,0.22,0.45,14.2,0.038,53.0,141.0,0.9992,3.03,0.46,9.2,6,0
9.7,0.24,0.45,1.2,0.033,11.0,59.0,0.9926,2.74,0.47,10.8,6,0
9.4,0.26,0.53,1.2,0.047,25.0,109.0,0.9921,3.23,0.28,12.5,6,0
7.9,0.44,0.37,5.85,0.033,27.0,93.0,0.992,3.16,0.54,12.6,7,0
6.8,0.32,0.37,3.4,0.023,19.0,87.0,0.9902,3.14,0.53,12.7,6,0
8.0,0.22,0.42,14.6,0.044,45.0,163.0,1.0003,3.21,0.69,8.6,7,0
7.4,0.31,0.74,10.7,0.039,51.0,147.0,0.9977,3.02,0.43,8.7,5,0
7.9,0.14,0.45,1.8,0.05,17.0,114.0,0.9948,3.33,0.49,10.7,7,0
7.9,0.255,0.26,2.0,0.026,40.0,190.0,0.9932,3.04,0.39,11.2,6,0
6.8,0.15,0.32,8.8,0.058,24.0,110.0,0.9972,3.4,0.4,8.8,6,0
7.2,0.16,0.32,0.8,0.04,50.0,121.0,0.9922,3.27,0.33,10.0,6,0
7.3,0.39,0.37,1.1,0.043,36.0,113.0,0.991,3.39,0.48,12.7,8,1
7.6,0.19,0.41,1.1,0.04,38.0,143.0,0.9907,2.92,0.42,11.4,5,0
7.6,0.28,0.39,1.9,0.052,23.0,116.0,0.9941,3.25,0.4,10.4,6,0
6.2,0.33,0.29,1.3,0.042,26.0,138.0,0.9956,3.77,0.64,9.5,5,0
9.2,0.28,0.49,11.8,0.042,29.0,137.0,0.998,3.1,0.34,10.1,4,0
8.1,0.29,0.49,7.1,0.042,22.0,124.0,0.9944,3.14,0.41,10.8,6,0
7.2,0.22,0.49,1.0,0.045,34.0,140.0,0.99,3.05,0.34,12.7,6,0
6.1,0.22,0.49,1.5,0.051,18.0,87.0,0.9928,3.3,0.46,9.6,5,0
6.9,0.23,0.24,14.2,0.053,19.0,94.0,0.9982,3.17,0.5,9.6,5,0
8.2,0.18,0.49,1.1,0.033,28.0,81.0,0.9923,3.0,0.68,10.4,7,0
6.3,0.27,0.49,1.2,0.063,35.0,92.0,0.9911,3.38,0.42,12.2,6,0
7.9,0.11,0.49,4.5,0.048,27.0,133.0,0.9946,3.24,0.42,10.6,6,0
7.8,0.43,0.49,13.0,0.033,37.0,158.0,0.9955,3.14,0.35,11.3,6,0
6.9,0.25,0.24,3.6,0.057,13.0,85.0,0.9942,2.99,0.48,9.5,4,0
8.8,0.23,0.74,3.2,0.042,15.0,126.0,0.9934,3.02,0.51,11.2,6,0
6.7,0.29,0.49,4.7,0.034,35.0,156.0,0.9945,3.13,0.45,9.9,6,0
8.5,0.19,0.49,3.5,0.044,29.0,117.0,0.9938,3.14,0.51,10.1,6,0
6.2,0.27,0.49,1.4,0.05,20.0,74.0,0.9931,3.32,0.44,9.8,6,0
6.2,0.22,0.49,6.0,0.029,31.0,128.0,0.9928,3.41,0.36,11.3,8,1
9.0,0.17,0.49,1.0,0.039,46.0,131.0,0.993,3.09,0.51,10.5,7,0
8.9,0.32,0.49,1.6,0.05,17.0,131.0,0.9956,3.13,0.34,9.4,5,0
7.6,0.47,0.49,13.0,0.239,42.0,220.0,0.9988,2.96,0.51,9.2,5,0
6.4,0.22,0.49,7.5,0.054,42.0,151.0,0.9948,3.27,0.52,10.1,6,0
6.9,0.26,0.49,1.6,0.058,39.0,166.0,0.9965,3.65,0.52,9.4,4,0
7.6,0.31,0.49,3.95,0.044,27.0,131.0,0.9912,3.08,0.67,12.8,7,0
7.8,0.28,0.49,1.3,0.046,27.0,142.0,0.9936,3.09,0.59,10.2,5,0
5.8,0.15,0.49,1.1,0.048,21.0,98.0,0.9929,3.19,0.48,9.2,5,0
8.1,0.28,0.46,15.4,0.059,32.0,177.0,1.0004,3.27,0.58,9.0,4,0
6.4,0.35,0.2,5.7,0.034,18.0,117.0,0.9944,3.33,0.43,10.1,5,0
7.7,0.12,0.32,1.4,0.06,47.0,150.0,0.9952,3.37,0.42,9.2,6,0
6.9,0.18,0.3,2.0,0.038,39.0,190.0,0.9914,3.32,0.37,12.2,6,0
8.1,0.31,0.24,1.6,0.032,10.0,67.0,0.9924,3.08,0.47,10.5,5,0
7.0,0.2,0.3,6.1,0.037,31.0,120.0,0.9939,3.24,0.51,10.8,5,0
7.0,0.13,0.3,5.0,0.056,31.0,122.0,0.9945,3.47,0.42,10.5,6,0
8.5,0.21,0.26,9.25,0.034,73.0,142.0,0.9945,3.05,0.37,11.4,6,0
9.4,0.16,0.3,1.4,0.042,26.0,176.0,0.9954,3.15,0.46,9.1,5,0
6.9,0.25,0.27,9.05,0.039,37.0,128.0,0.9936,3.27,0.34,11.3,8,1
6.4,0.26,0.21,7.1,0.04,35.0,162.0,0.9956,3.39,0.58,9.9,6,0
7.6,0.3,0.22,10.2,0.049,57.0,191.0,0.9966,3.08,0.4,9.3,6,0
7.5,0.33,0.39,12.4,0.065,29.0,119.0,0.9974,3.16,0.39,9.4,5,0
8.8,0.2,0.43,15.0,0.053,60.0,184.0,1.0008,3.28,0.79,8.8,6,0
7.5,0.33,0.39,12.4,0.065,29.0,119.0,0.9974,3.16,0.39,9.4,5,0
8.8,0.2,0.43,15.0,0.053,60.0,184.0,1.0008,3.28,0.79,8.8,6,0
8.2,0.42,0.29,4.1,0.03,31.0,100.0,0.9911,3.0,0.32,12.8,7,0
7.4,0.49,0.24,15.1,0.03,34.0,153.0,0.9953,3.13,0.51,12.0,7,0
6.5,0.34,0.36,11.0,0.052,53.0,247.0,0.9984,3.44,0.55,9.3,6,0
10.0,0.91,0.42,1.6,0.056,34.0,181.0,0.9968,3.11,0.46,10.0,4,0
6.0,0.28,0.35,1.9,0.037,16.0,120.0,0.9933,3.16,0.69,10.6,5,0
7.2,0.36,0.36,5.7,0.038,26.0,98.0,0.9914,2.93,0.59,12.5,7,0
7.9,0.3,0.27,8.5,0.036,20.0,112.0,0.9939,2.96,0.46,11.7,6,0
6.3,0.2,0.58,1.4,0.204,15.0,97.0,0.9931,3.16,0.43,10.0,6,0
8.8,0.34,0.33,9.7,0.036,46.0,172.0,0.9966,3.08,0.4,10.2,5,0
6.8,0.31,0.32,7.6,0.052,35.0,143.0,0.9959,3.14,0.38,9.0,5,0
8.3,0.36,0.57,15.0,0.052,35.0,256.0,1.0001,2.93,0.64,8.6,5,0
8.0,0.25,0.13,17.2,0.036,49.0,219.0,0.9996,2.96,0.46,9.7,5,0
9.9,1.005,0.46,1.4,0.046,34.0,185.0,0.9966,3.02,0.49,10.2,4,0
7.4,0.32,0.55,16.6,0.056,53.0,238.0,1.0017,2.96,0.58,8.7,6,0
6.8,0.27,0.28,13.3,0.076,50.0,163.0,0.9979,3.03,0.38,8.6,6,0
7.6,0.2,0.26,4.5,0.086,37.0,133.0,0.9963,3.15,0.42,9.2,5,0
7.6,0.2,0.3,14.2,0.056,53.0,212.5,0.999,3.14,0.46,8.9,8,1
7.6,0.2,0.3,14.2,0.056,53.0,212.5,0.999,3.14,0.46,8.9,8,1
6.4,0.43,0.27,1.1,0.054,5.0,110.0,0.9939,3.24,0.52,9.1,4,0
8.4,0.2,0.38,11.8,0.055,51.0,170.0,1.0004,3.34,0.82,8.9,6,0
7.0,0.28,0.33,14.6,0.043,47.0,168.0,0.9994,3.34,0.67,8.8,6,0
8.4,0.2,0.38,11.8,0.055,51.0,170.0,1.0004,3.34,0.82,8.9,6,0
6.3,0.41,0.33,4.7,0.023,28.0,110.0,0.991,3.3,0.38,12.5,7,0
7.7,0.26,0.34,6.4,0.05,36.0,163.0,0.9937,3.19,0.7,11.5,6,0
6.3,0.21,0.28,1.5,0.051,46.0,142.0,0.9928,3.23,0.42,10.1,6,0
7.5,0.3,0.71,1.3,0.16,44.0,149.0,0.9948,3.08,0.42,8.9,5,0
7.2,0.23,0.33,12.7,0.049,50.0,183.0,0.9987,3.41,0.4,9.8,5,0
6.8,0.34,0.44,6.6,0.052,28.0,156.0,0.9955,3.14,0.41,9.6,5,0
6.3,0.28,0.24,8.45,0.031,32.0,172.0,0.9958,3.39,0.57,9.7,7,0
7.3,0.34,0.3,1.3,0.057,25.0,173.0,0.9948,3.26,0.51,9.1,6,0
7.0,0.22,0.39,2.1,0.055,39.0,198.0,0.9951,3.52,0.54,10.2,6,0
8.2,0.17,0.32,1.5,0.05,17.0,101.0,0.994,3.14,0.58,9.5,5,0
6.8,0.32,0.34,6.0,0.05,5.0,129.0,0.9953,3.19,0.4,9.1,5,0
7.7,0.39,0.28,4.9,0.035,36.0,109.0,0.9918,3.19,0.58,12.2,7,0
8.2,0.21,0.32,10.65,0.053,53.0,145.0,0.9972,3.17,0.48,10.2,6,0
6.8,0.24,0.34,5.1,0.038,31.0,99.0,0.9921,3.24,0.46,11.8,6,0
7.7,0.28,0.35,15.3,0.056,31.0,117.0,0.9998,3.27,0.5,9.6,5,0
7.8,0.29,0.33,8.75,0.035,33.0,181.0,0.9962,3.11,0.46,10.7,5,0
7.9,0.28,0.32,3.6,0.038,9.0,76.0,0.992,3.05,0.31,11.7,4,0
8.5,0.25,0.27,4.7,0.031,31.0,92.0,0.9922,3.01,0.33,12.0,6,0
7.0,0.35,0.31,1.8,0.069,15.0,162.0,0.9944,3.18,0.47,9.4,5,0
7.4,0.19,0.3,12.8,0.053,48.5,212.0,0.9986,3.14,0.49,9.1,7,0
6.0,0.34,0.24,5.4,0.06,23.0,126.0,0.9951,3.25,0.44,9.0,7,0
6.4,0.33,0.24,9.8,0.041,29.0,109.0,0.9956,3.29,0.47,10.1,6,0
7.5,0.18,0.31,11.7,0.051,24.0,94.0,0.997,3.19,0.44,9.5,7,0
7.1,0.26,0.19,8.2,0.051,53.0,187.0,0.996,3.16,0.52,9.7,5,0
6.6,0.25,0.42,11.3,0.049,77.0,231.0,0.9966,3.24,0.52,9.5,6,0
7.8,0.3,0.37,1.3,0.051,16.0,96.0,0.9941,3.32,0.62,10.0,5,0
8.0,0.45,0.28,10.8,0.051,25.0,157.0,0.9957,3.06,0.47,11.4,7,0
7.7,0.27,0.61,12.0,0.046,64.0,179.0,0.9982,3.07,0.46,8.9,5,0
6.9,0.25,0.35,9.2,0.034,42.0,150.0,0.9947,3.21,0.36,11.5,6,0
7.0,0.36,0.14,11.6,0.043,35.0,228.0,0.9977,3.13,0.51,8.9,5,0
7.6,0.48,0.28,10.4,0.049,57.0,205.0,0.99748,3.24,0.45,9.3,5,0
9.4,0.28,0.3,1.6,0.045,36.0,139.0,0.99534,3.11,0.49,9.3,5,0
7.7,0.42,0.38,8.1,0.061,49.0,144.0,0.9966,3.4,0.58,11.0,6,0
4.6,0.445,0.0,1.4,0.053,11.0,178.0,0.99426,3.79,0.55,10.2,5,0
7.0,0.35,0.17,1.1,0.049,7.0,119.0,0.99297,3.13,0.36,9.7,6,0
7.5,0.23,0.35,17.8,0.058,128.0,212.0,1.00241,3.44,0.43,8.9,5,0
7.2,0.34,0.3,8.4,0.051,40.0,167.0,0.99756,3.48,0.62,9.7,5,0
7.0,0.23,0.26,7.2,0.041,21.0,90.0,0.99509,3.22,0.55,9.5,6,0
7.7,0.29,0.29,4.8,0.06,27.0,156.0,0.99572,3.49,0.59,10.3,6,0
7.9,0.31,0.22,13.3,0.048,46.0,212.0,0.99942,3.47,0.59,10.0,5,0
6.2,0.45,0.73,7.2,0.099,47.0,202.0,0.99582,3.21,0.43,9.2,5,0
7.0,0.28,0.26,1.7,0.042,34.0,130.0,0.9925,3.43,0.5,10.7,8,1
6.4,0.17,0.34,1.5,0.091,42.0,135.0,0.9938,3.25,0.49,9.6,7,0
6.5,0.19,0.27,4.9,0.037,13.0,101.0,0.9916,3.17,0.41,11.8,6,0
8.1,0.34,0.28,7.5,0.04,70.0,230.0,0.99558,3.14,0.55,9.8,6,0
6.3,0.29,0.14,7.05,0.045,50.0,177.0,0.99564,3.23,0.42,9.0,5,0
7.2,0.2,0.28,1.6,0.028,13.0,168.0,0.99203,3.17,1.06,11.5,6,0
7.6,0.285,0.32,14.6,0.063,32.0,201.0,0.998,3.0,0.45,9.2,5,0
6.7,0.27,0.26,2.3,0.043,61.0,181.0,0.99394,3.45,0.63,10.6,6,0
8.1,0.33,0.36,7.4,0.037,36.0,156.0,0.99592,3.19,0.54,10.6,6,0
7.0,0.26,0.26,10.8,0.039,37.0,184.0,0.99787,3.47,0.58,10.3,7,0
7.9,0.27,0.27,1.7,0.034,25.0,122.0,0.99088,2.97,0.51,11.9,6,0
6.8,0.21,0.36,18.1,0.046,32.0,133.0,1.0,3.27,0.48,8.8,5,0
6.9,0.26,0.31,7.0,0.039,37.0,175.0,0.99376,3.32,0.49,11.4,6,0
9.0,0.26,0.34,6.7,0.029,21.0,162.0,0.99497,3.08,0.5,10.6,6,0
5.9,0.28,0.14,8.6,0.032,30.0,142.0,0.99542,3.28,0.44,9.5,6,0
6.3,0.26,0.42,7.1,0.045,62.0,209.0,0.99544,3.2,0.53,9.5,6,0
5.7,0.255,0.65,1.2,0.079,17.0,137.0,0.99307,3.2,0.42,9.4,5,0
6.8,0.18,0.3,12.8,0.062,19.0,171.0,0.99808,3.0,0.52,9.0,7,0
6.8,0.18,0.3,12.8,0.062,19.0,171.0,0.99808,3.0,0.52,9.0,7,0
7.1,0.2,0.3,0.9,0.019,4.0,28.0,0.98931,3.2,0.36,12.0,6,0
6.6,0.26,0.21,2.9,0.026,48.0,126.0,0.99089,3.22,0.38,11.3,7,0
9.2,0.14,0.37,1.1,0.034,36.0,84.0,0.99136,3.05,0.55,11.6,6,0
7.15,0.17,0.24,9.6,0.119,56.0,178.0,0.99578,3.15,0.44,10.2,6,0
6.7,0.12,0.3,5.2,0.048,38.0,113.0,0.99352,3.33,0.44,10.1,7,0
5.8,0.15,0.28,0.8,0.037,43.0,127.0,0.99198,3.24,0.51,9.3,5,0
6.45,0.14,0.42,1.2,0.05,51.0,129.0,0.99116,3.27,0.69,11.1,7,0
7.1,0.15,0.34,1.0,0.033,27.0,73.0,0.98974,3.24,0.41,12.2,6,0
6.7,0.26,0.39,6.4,0.171,64.0,200.0,0.99562,3.19,0.38,9.4,6,0
6.8,0.23,0.42,7.4,0.044,56.0,189.0,0.9958,3.22,0.48,9.3,6,0
5.6,0.2,0.22,1.3,0.049,25.0,155.0,0.99296,3.74,0.43,10.0,5,0
7.6,0.4,0.27,5.2,0.03,32.0,101.0,0.99172,3.22,0.62,12.3,7,0
6.5,0.29,0.31,1.7,0.035,24.0,79.0,0.99053,3.27,0.69,11.4,7,0
7.1,0.43,0.3,6.6,0.025,15.0,138.0,0.99126,3.18,0.46,12.6,6,0
5.8,0.13,0.26,5.1,0.039,19.0,103.0,0.99478,3.36,0.47,9.3,6,0
7.3,0.32,0.35,1.4,0.05,8.0,163.0,0.99244,3.24,0.42,10.7,5,0
7.7,0.3,0.34,1.2,0.048,4.0,119.0,0.99084,3.18,0.34,12.1,6,0
7.6,0.39,0.32,3.6,0.035,22.0,93.0,0.99144,3.08,0.6,12.5,7,0
5.5,0.15,0.32,14.0,0.031,16.0,99.0,0.99437,3.26,0.38,11.5,8,1
6.7,0.19,0.39,1.0,0.032,14.0,71.0,0.98912,3.31,0.38,13.0,7,0
7.2,0.44,0.28,3.4,0.048,22.0,112.0,0.99188,3.21,0.37,11.3,7,0
7.9,0.2,0.39,1.0,0.041,37.0,154.0,0.99093,3.08,0.43,11.9,5,0
6.2,0.23,0.23,1.2,0.018,18.0,128.0,0.99178,3.05,0.28,10.6,5,0
6.4,0.22,0.31,13.9,0.04,57.0,135.0,0.99672,3.21,0.38,10.7,5,0
7.0,0.24,0.3,6.7,0.039,37.0,125.0,0.99436,3.2,0.39,9.9,5,0
6.4,0.44,0.26,2.0,0.054,20.0,180.0,0.9952,3.58,0.57,10.0,5,0
6.2,0.21,0.26,13.1,0.05,59.0,150.0,0.99772,3.31,0.46,9.0,5,0
6.5,0.22,0.32,2.2,0.028,36.0,92.0,0.99076,3.27,0.59,11.9,7,0
6.4,0.16,0.32,8.75,0.038,38.0,118.0,0.99449,3.19,0.41,10.7,5,0
6.7,0.39,0.31,2.7,0.054,27.0,202.0,0.9948,3.46,0.57,10.5,6,0
7.1,0.29,0.34,7.8,0.036,49.0,128.0,0.99397,3.21,0.4,10.7,6,0
4.9,0.33,0.31,1.2,0.016,39.0,150.0,0.98713,3.33,0.59,14.0,8,1
6.4,0.12,0.3,1.1,0.031,37.0,94.0,0.98986,3.01,0.56,11.7,6,0
5.8,0.19,0.24,1.3,0.044,38.0,128.0,0.99362,3.77,0.6,10.6,5,0
6.7,0.2,0.3,1.4,0.025,17.0,76.0,0.99104,3.11,0.44,11.0,6,0
7.5,0.19,0.4,7.1,0.056,50.0,110.0,0.9954,3.06,0.52,9.9,6,0
6.6,0.23,0.2,11.4,0.044,45.0,131.0,0.99604,2.96,0.51,9.7,6,0
6.6,0.23,0.2,11.4,0.044,45.0,131.0,0.99604,2.96,0.51,9.7,6,0
6.7,0.18,0.28,10.2,0.039,29.0,115.0,0.99469,3.11,0.45,10.9,7,0
6.8,0.18,0.28,9.8,0.039,29.0,113.0,0.99406,3.11,0.45,10.9,7,0
7.2,0.19,0.31,6.3,0.034,17.0,103.0,0.99305,3.15,0.52,11.4,7,0
5.0,0.27,0.32,4.5,0.032,58.0,178.0,0.98956,3.45,0.31,12.6,7,0
7.0,0.13,0.37,12.85,0.042,36.0,105.0,0.99581,3.05,0.55,10.7,6,0
7.7,0.18,0.53,1.2,0.041,42.0,167.0,0.9908,3.11,0.44,11.9,5,0
5.8,0.15,0.31,5.9,0.036,7.0,73.0,0.99152,3.2,0.43,11.9,6,0
6.8,0.28,0.43,7.6,0.03,30.0,110.0,0.99164,3.08,0.59,12.5,8,1
6.2,0.25,0.38,7.9,0.045,54.0,208.0,0.99572,3.17,0.46,9.1,5,0
9.7,0.24,0.49,4.9,0.032,3.0,18.0,0.99368,2.85,0.54,10.0,6,0
7.7,0.25,0.49,2.5,0.047,31.0,169.0,0.99252,3.07,0.57,10.6,6,0
7.6,0.35,0.46,14.7,0.047,33.0,151.0,0.99709,3.03,0.53,10.3,5,0
5.9,0.28,0.39,1.4,0.031,47.0,147.0,0.98836,3.08,0.64,12.9,7,0
5.9,0.19,0.37,0.8,0.027,3.0,21.0,0.9897,3.09,0.31,10.8,5,0
6.1,0.21,0.38,1.5,0.039,37.0,122.0,0.98972,3.2,0.43,12.0,6,0
5.5,0.19,0.27,0.9,0.04,52.0,103.0,0.99026,3.5,0.39,11.2,5,0
7.2,0.32,0.4,8.7,0.038,45.0,154.0,0.99568,3.2,0.47,10.4,6,0
6.2,0.23,0.36,17.2,0.039,37.0,130.0,0.99946,3.23,0.43,8.8,6,0
6.1,0.17,0.42,15.1,0.033,28.0,124.0,0.99684,2.87,0.47,9.5,5,0
7.8,0.3,0.36,4.6,0.024,20.0,198.0,0.99222,3.06,0.66,11.9,6,0
5.2,0.34,0.37,6.2,0.031,42.0,133.0,0.99076,3.25,0.41,12.5,6,0
5.6,0.28,0.4,6.1,0.034,36.0,118.0,0.99144,3.21,0.43,12.1,7,0
7.3,0.2,0.39,2.3,0.048,24.0,87.0,0.99044,2.94,0.35,12.0,6,0
7.6,0.15,0.35,4.3,0.051,23.0,98.0,0.99422,3.1,0.44,9.5,6,0
6.2,0.1,0.41,1.0,0.04,17.0,76.0,0.98988,3.14,0.56,11.4,7,0
5.7,0.16,0.32,1.2,0.036,7.0,89.0,0.99111,3.26,0.48,11.0,5,0
6.8,0.21,0.4,6.3,0.032,40.0,121.0,0.99214,3.18,0.53,12.0,7,0
6.8,0.28,0.34,7.5,0.035,34.0,177.0,0.99692,3.33,0.43,9.1,5,0
6.6,0.24,0.38,12.75,0.034,8.0,74.0,0.99386,3.1,0.57,12.9,6,0
6.7,0.31,0.32,14.5,0.038,6.0,79.0,0.99412,3.14,0.34,12.5,5,0
6.1,0.22,0.31,1.4,0.039,40.0,129.0,0.99193,3.45,0.59,10.9,5,0
6.4,0.15,0.29,1.8,0.044,21.0,115.0,0.99166,3.1,0.38,10.2,5,0
6.7,0.46,0.27,5.2,0.039,35.0,96.0,0.99129,3.16,0.44,12.4,7,0
7.3,0.145,0.33,1.1,0.042,14.0,64.0,0.99012,3.1,0.37,11.8,7,0
6.6,0.435,0.38,9.2,0.058,66.0,243.0,0.99833,3.23,0.54,9.1,6,0
5.1,0.21,0.28,1.4,0.047,48.0,148.0,0.99168,3.5,0.49,10.4,5,0
6.2,0.3,0.31,1.2,0.048,19.0,125.0,0.98999,3.32,0.54,12.6,6,0
6.9,0.38,0.29,13.65,0.048,52.0,189.0,0.99784,3.0,0.6,9.5,6,0
7.2,0.27,0.28,15.2,0.046,6.0,41.0,0.99665,3.17,0.39,10.9,6,0
6.8,0.2,0.28,12.6,0.048,54.0,136.0,0.99556,3.19,0.37,10.7,6,0
6.0,0.29,0.25,1.4,0.033,30.0,114.0,0.98794,3.08,0.43,13.2,6,0
8.0,0.28,0.3,8.4,0.03,35.0,115.0,0.99192,2.93,0.42,12.3,6,0
6.5,0.25,0.45,7.8,0.048,52.0,188.0,0.99576,3.2,0.53,9.1,5,0
6.3,0.19,0.29,5.5,0.042,44.0,189.0,0.99304,3.19,0.47,10.3,6,0
8.8,0.19,0.3,5.0,0.028,34.0,120.0,0.99242,2.94,0.47,11.2,5,0
6.8,0.24,0.29,9.5,0.042,56.0,157.0,0.99586,3.11,0.51,10.1,6,0
8.9,0.3,0.35,4.6,0.032,32.0,148.0,0.99458,3.15,0.45,11.5,7,0
7.1,0.17,0.4,14.55,0.047,47.0,156.0,0.99945,3.34,0.78,9.1,6,0
7.3,0.34,0.3,9.4,0.057,34.0,178.0,0.99554,3.15,0.44,10.4,6,0
6.6,0.21,0.29,5.35,0.029,43.0,106.0,0.99112,2.93,0.43,11.5,7,0
6.1,0.105,0.31,1.3,0.037,55.0,145.0,0.9912,3.41,0.41,11.1,7,0
5.8,0.32,0.2,2.6,0.027,17.0,123.0,0.98936,3.36,0.78,13.9,7,0
6.9,0.29,0.41,7.8,0.046,52.0,171.0,0.99537,3.12,0.51,9.6,5,0
6.2,0.36,0.45,10.4,0.06,22.0,184.0,0.99711,3.31,0.56,9.8,6,0
6.6,0.22,0.3,14.7,0.045,50.0,136.0,0.99704,3.14,0.37,10.6,6,0
7.8,0.28,0.25,3.4,0.024,27.0,99.0,0.98959,2.98,0.37,13.0,6,0
7.3,0.2,0.29,19.5,0.039,69.0,237.0,1.00037,3.1,0.48,9.2,6,0
6.6,0.64,0.28,4.4,0.032,19.0,78.0,0.99036,3.11,0.62,12.9,6,0
7.6,0.38,0.28,4.2,0.029,7.0,112.0,0.9906,3.0,0.41,12.6,6,0
6.3,0.32,0.32,1.5,0.037,12.0,76.0,0.98993,3.3,0.46,12.3,6,0
7.4,0.25,0.28,7.25,0.028,14.0,78.0,0.99238,2.94,0.37,11.5,7,0
6.6,0.19,0.35,1.5,0.037,37.0,107.0,0.99006,3.18,0.68,12.0,7,0
7.1,0.27,0.24,12.6,0.044,48.0,118.0,0.99726,3.04,0.56,10.0,7,0
7.0,0.29,0.33,0.9,0.041,20.0,117.0,0.99048,3.21,0.5,11.4,5,0
6.5,0.21,0.51,17.6,0.045,34.0,125.0,0.99966,3.2,0.47,8.8,6,0
6.0,0.25,0.4,5.7,0.052,56.0,152.0,0.99398,3.16,0.88,10.5,6,0
6.4,0.24,0.23,2.0,0.046,30.0,133.0,0.9908,3.12,0.54,11.4,7,0
6.3,0.32,0.17,17.75,0.06,51.0,190.0,0.99916,3.13,0.48,8.8,6,0
6.8,0.18,0.32,7.2,0.047,17.0,109.0,0.99498,3.42,0.44,10.4,6,0
5.7,0.15,0.47,11.4,0.035,49.0,128.0,0.99456,3.03,0.34,10.5,8,1
6.1,0.6,0.12,1.8,0.05,11.0,76.0,0.99268,3.42,0.48,10.4,4,0
6.2,0.21,0.18,11.6,0.044,61.0,155.0,0.99655,3.14,0.52,9.4,6,0
5.3,0.3,0.3,1.2,0.029,25.0,93.0,0.98742,3.31,0.4,13.6,7,0
6.4,0.16,0.44,1.2,0.051,39.0,122.0,0.99058,3.11,0.75,11.3,7,0
6.8,0.31,0.3,8.0,0.028,33.0,122.0,0.99164,3.13,0.63,12.6,7,0
7.0,0.22,0.26,9.2,0.027,37.0,122.0,0.99228,3.06,0.34,12.5,8,1
6.5,0.35,0.38,7.4,0.036,20.0,196.0,0.99712,3.47,0.48,9.1,6,0
6.2,0.2,0.33,5.4,0.028,21.0,75.0,0.99012,3.36,0.41,13.5,7,0
7.5,0.28,0.41,1.3,0.044,11.0,126.0,0.99293,3.28,0.45,10.3,5,0
6.8,0.22,0.3,10.6,0.07,67.0,194.0,0.99654,2.89,0.42,9.0,6,0
5.4,0.46,0.15,2.1,0.026,29.0,130.0,0.98953,3.39,0.77,13.4,8,1
6.1,0.17,0.28,2.5,0.028,22.0,98.0,0.99072,3.16,0.37,11.1,7,0
6.3,0.15,0.3,1.4,0.022,38.0,100.0,0.99099,3.42,0.57,11.4,7,0
7.4,0.25,0.29,6.8,0.02,31.0,113.0,0.99338,3.13,0.29,10.8,6,0
6.4,0.34,0.44,8.2,0.043,54.0,201.0,0.99551,3.18,0.48,9.5,5,0
7.9,0.21,0.39,2.0,0.057,21.0,138.0,0.99176,3.05,0.52,10.9,5,0
7.2,0.17,0.34,6.4,0.042,16.0,111.0,0.99278,2.99,0.4,10.8,6,0
8.3,0.18,0.3,1.1,0.033,20.0,57.0,0.99109,3.02,0.51,11.0,6,0
6.8,0.26,0.34,15.1,0.06,42.0,162.0,0.99705,3.24,0.52,10.5,3,1
5.1,0.35,0.26,6.8,0.034,36.0,120.0,0.99188,3.38,0.4,11.5,6,0
4.8,0.26,0.23,10.6,0.034,23.0,111.0,0.99274,3.46,0.28,11.5,7,0
6.8,0.31,0.19,3.5,0.086,30.0,130.0,0.993,2.83,0.44,9.6,5,0
6.0,0.22,0.25,11.1,0.056,112.0,177.0,0.9961,3.08,0.36,9.4,6,0
6.0,0.28,0.24,17.8,0.047,42.0,111.0,0.99896,3.1,0.45,8.9,6,0
7.0,0.25,0.33,2.1,0.021,17.0,76.0,0.99021,3.26,0.45,12.3,6,0
4.7,0.455,0.18,1.9,0.036,33.0,106.0,0.98746,3.21,0.83,14.0,7,0
8.6,0.31,0.3,0.9,0.045,16.0,109.0,0.99249,2.95,0.39,10.1,5,0
6.9,0.4,0.37,8.9,0.053,36.0,148.0,0.996,3.16,0.5,9.3,5,0
7.2,0.23,0.39,1.5,0.053,26.0,106.0,0.99166,3.18,0.47,11.1,6,0
6.6,0.43,0.24,11.9,0.04,54.0,159.0,0.99622,3.14,0.54,9.8,6,0
6.9,0.27,0.25,7.5,0.03,18.0,117.0,0.99116,3.09,0.38,13.0,6,0
6.7,0.28,0.34,8.9,0.048,32.0,111.0,0.99455,3.25,0.54,11.0,7,0
6.4,0.24,0.49,5.8,0.053,25.0,120.0,0.9942,3.01,0.98,10.5,6,0
7.4,0.16,0.27,15.5,0.05,25.0,135.0,0.9984,2.9,0.43,8.7,7,0
7.4,0.16,0.27,15.5,0.05,25.0,135.0,0.9984,2.9,0.43,8.7,7,0
6.5,0.43,0.18,13.15,0.032,25.0,131.0,0.99565,3.23,0.51,10.7,5,0
6.8,0.16,0.36,1.3,0.034,32.0,98.0,0.99058,3.02,0.58,11.3,6,0
7.4,0.36,0.32,1.9,0.036,27.0,119.0,0.99196,3.15,0.49,11.2,6,0
5.5,0.28,0.21,1.6,0.032,23.0,85.0,0.99027,3.42,0.42,12.5,5,0
5.8,0.23,0.21,1.5,0.044,21.0,110.0,0.99138,3.3,0.57,11.0,6,0
6.8,0.27,0.24,4.6,0.098,36.0,127.0,0.99412,3.15,0.49,9.6,6,0
6.6,0.21,0.34,5.6,0.046,30.0,140.0,0.99299,3.22,0.38,11.0,5,0
6.9,0.3,0.45,1.4,0.039,36.0,122.0,0.99059,3.07,0.47,11.1,7,0
6.8,0.28,0.29,11.9,0.052,51.0,149.0,0.99544,3.02,0.58,10.4,6,0
7.4,0.16,0.3,13.7,0.056,33.0,168.0,0.99825,2.9,0.44,8.7,7,0
6.8,0.34,0.27,5.2,0.06,14.0,169.0,0.99252,3.27,0.57,11.6,6,0
6.9,0.24,0.4,15.4,0.052,81.0,198.0,0.9986,3.2,0.69,9.4,5,0
6.4,0.21,0.21,5.1,0.097,21.0,105.0,0.9939,3.07,0.46,9.6,5,0
8.0,0.24,0.33,1.2,0.044,28.0,101.0,0.99035,3.03,0.43,12.5,6,0
6.7,0.41,0.27,2.6,0.033,25.0,85.0,0.99086,3.05,0.34,11.7,6,0
6.7,0.24,0.31,2.3,0.044,37.0,113.0,0.99013,3.29,0.46,12.9,6,0
6.9,0.26,0.38,10.5,0.044,33.0,139.0,0.99517,3.06,0.5,10.3,6,0
6.0,0.17,0.21,6.0,0.05,26.0,134.0,0.9939,3.08,0.54,9.8,6,0
7.5,0.23,0.3,1.2,0.03,27.0,80.0,0.99192,3.05,0.68,10.5,5,0
7.6,0.35,0.47,13.3,0.037,42.0,116.0,0.99822,3.04,0.5,9.2,5,0
5.7,0.18,0.26,2.2,0.023,21.0,95.0,0.9893,3.07,0.54,12.3,6,0
6.0,0.33,0.26,5.1,0.051,16.0,119.0,0.99416,3.15,0.41,9.2,5,0
5.8,0.32,0.23,1.5,0.033,39.0,121.0,0.9887,2.96,0.35,12.0,5,0
6.2,0.36,0.22,5.25,0.038,44.0,145.0,0.99184,3.22,0.4,11.2,6,0
5.7,0.22,0.2,16.0,0.044,41.0,113.0,0.99862,3.22,0.46,8.9,6,0
6.6,0.34,0.25,4.8,0.038,16.0,121.0,0.99198,3.36,0.71,12.6,6,0
7.1,0.23,0.28,1.9,0.046,33.0,103.0,0.98997,3.12,0.31,12.0,5,0
6.7,0.34,0.26,1.9,0.038,58.0,138.0,0.9893,3.0,0.47,12.2,7,0
7.3,0.19,0.27,13.9,0.057,45.0,155.0,0.99807,2.94,0.41,8.8,8,1
6.7,0.27,0.69,1.2,0.176,36.0,106.0,0.99288,2.96,0.43,9.2,6,0
6.4,0.31,0.28,2.5,0.039,34.0,137.0,0.98946,3.22,0.38,12.7,6,0
6.5,0.2,0.33,1.5,0.039,36.0,110.0,0.99008,3.22,0.65,12.0,6,0
6.3,0.19,0.33,10.1,0.063,63.0,133.0,0.99561,2.86,0.41,9.1,5,0
6.2,0.25,0.44,15.8,0.057,39.0,167.0,0.99804,3.14,0.51,9.2,5,0
7.3,0.22,0.37,15.5,0.048,70.0,203.0,0.99899,3.25,0.77,9.4,5,0
6.6,0.24,0.22,12.3,0.051,35.0,146.0,0.99676,3.1,0.67,9.4,5,0
7.4,0.27,0.26,11.8,0.053,55.0,173.0,0.99699,3.11,0.6,9.8,5,0
5.7,0.29,0.16,7.9,0.044,48.0,197.0,0.99512,3.21,0.36,9.4,5,0
6.6,0.22,0.23,17.3,0.047,37.0,118.0,0.99906,3.08,0.46,8.8,6,0
6.6,0.22,0.23,17.3,0.047,37.0,118.0,0.99906,3.08,0.46,8.8,6,0
6.5,0.29,0.3,9.15,0.051,25.0,166.0,0.99339,3.24,0.56,11.35,6,0
6.3,0.39,0.22,2.8,0.048,53.0,173.0,0.99304,3.24,0.45,9.8,5,0
6.6,0.18,0.26,17.3,0.051,17.0,149.0,0.9984,3.0,0.43,9.4,6,0
6.4,0.32,0.26,7.9,0.05,53.0,180.0,0.99514,3.14,0.5,9.6,5,0
5.9,0.22,0.45,22.6,0.12,55.0,122.0,0.99636,3.1,0.35,12.8,5,0
5.8,0.555,0.26,4.5,0.053,17.0,126.0,0.9943,3.24,0.46,9.1,5,0
6.4,0.13,0.28,0.9,0.045,32.0,87.0,0.99175,3.47,0.52,11.2,6,0
6.3,0.29,0.3,8.1,0.212,60.0,150.0,0.9958,3.1,0.4,9.3,5,0
6.8,0.4,0.29,2.8,0.044,27.0,97.0,0.9904,3.12,0.42,11.2,6,0
7.1,0.28,0.26,2.8,0.039,50.0,118.0,0.9908,3.06,0.59,11.2,6,0
6.3,0.25,0.53,1.8,0.021,41.0,101.0,0.989315,3.19,0.31,13.0,6,0
6.8,0.23,0.33,1.9,0.047,20.0,101.0,0.9914,3.1,0.46,11.1,6,0
6.4,0.55,0.26,9.6,0.027,20.0,104.0,0.9924,3.22,0.73,13.1,6,0
5.4,0.27,0.22,4.6,0.022,29.0,107.0,0.98889,3.33,0.54,13.8,6,0
5.6,0.26,0.27,10.6,0.03,27.0,119.0,0.9947,3.4,0.34,10.7,7,0
5.8,0.28,0.66,9.1,0.039,26.0,159.0,0.9965,3.66,0.55,10.8,5,0
5.7,0.22,0.28,1.3,0.027,26.0,101.0,0.98948,3.35,0.38,12.5,7,0
6.0,0.27,0.26,1.3,0.038,32.0,138.0,0.99125,3.46,0.43,11.1,6,0
5.0,0.33,0.23,11.8,0.03,23.0,158.0,0.99322,3.41,0.64,11.8,6,0
6.7,0.53,0.29,4.3,0.069,20.0,114.0,0.99014,3.22,0.59,13.4,6,0
6.5,0.16,0.33,1.0,0.027,23.0,75.0,0.9908,3.3,0.39,11.4,7,0
5.0,0.33,0.18,4.6,0.032,40.0,124.0,0.99114,3.18,0.4,11.0,6,0
6.1,0.44,0.28,4.25,0.032,43.0,132.0,0.9916,3.26,0.47,11.2666666666667,7,0
6.1,0.19,0.37,2.6,0.041,24.0,99.0,0.99153,3.18,0.5,10.9,6,0
5.6,0.24,0.34,2.0,0.041,14.0,73.0,0.98981,3.04,0.45,11.6,7,0
6.5,0.21,0.35,5.7,0.043,47.0,197.0,0.99392,3.24,0.5,10.1,6,0
5.7,0.695,0.06,6.8,0.042,9.0,84.0,0.99432,3.44,0.44,10.2,5,0
6.7,0.16,0.32,12.5,0.035,18.0,156.0,0.99666,2.88,0.36,9.0,6,0
6.4,0.69,0.09,7.6,0.044,34.0,144.0,0.9948,3.26,0.38,10.1,6,0
5.4,0.205,0.16,12.55,0.051,31.0,115.0,0.99564,3.4,0.38,10.8,6,0
5.2,0.24,0.15,7.1,0.043,32.0,134.0,0.99378,3.24,0.48,9.9,6,0
6.9,0.31,0.33,12.7,0.038,33.0,116.0,0.9954,3.04,0.65,10.4,6,0
6.0,0.17,0.36,1.7,0.042,14.0,61.0,0.99144,3.22,0.54,10.8,6,0
5.5,0.3,0.25,1.9,0.029,33.0,118.0,0.98972,3.36,0.66,12.5,6,0
6.4,0.19,0.35,10.2,0.043,40.0,106.0,0.99632,3.16,0.5,9.7,6,0
6.0,0.38,0.26,3.5,0.035,38.0,111.0,0.98872,3.18,0.47,13.6,7,0
6.9,0.25,0.29,2.4,0.038,28.0,76.0,0.99088,3.01,0.36,11.7,7,0
5.5,0.62,0.33,1.7,0.037,24.0,118.0,0.98758,3.15,0.39,13.55,6,0
6.0,0.31,0.32,7.4,0.175,47.0,159.0,0.9952,3.19,0.5,9.4,6,0
6.4,0.105,0.29,1.1,0.035,44.0,140.0,0.99142,3.17,0.55,10.7,7,0
6.4,0.31,0.5,5.8,0.038,42.0,111.0,0.99189,3.18,0.53,11.9,7,0
6.8,0.23,0.48,1.5,0.036,35.0,165.0,0.99162,3.18,0.45,11.3,6,0
6.0,0.34,0.29,6.1,0.046,29.0,134.0,0.99462,3.48,0.57,10.7,6,0
6.4,0.33,0.44,8.9,0.055,52.0,164.0,0.99488,3.1,0.48,9.6,5,0
6.0,0.43,0.34,7.6,0.045,25.0,118.0,0.99222,3.03,0.37,11.0,6,0
5.9,0.22,0.3,1.3,0.052,42.0,86.0,0.99069,3.31,0.47,11.55,6,0
6.6,0.34,0.4,8.1,0.046,68.0,170.0,0.99494,3.15,0.5,9.53333333333333,6,0
6.2,0.41,0.22,1.9,0.023,5.0,56.0,0.98928,3.04,0.79,13.0,7,0
6.0,0.21,0.38,0.8,0.02,22.0,98.0,0.98941,3.26,0.32,11.8,6,0
