6.3,0.3,0.34,1.6,0.049,14.0,132.0,0.994,3.3,0.49,9.5,6,0
6.2,0.66,0.48,1.2,0.029,29.0,75.0,0.9892,3.33,0.39,12.8,8,1
7.4,0.25,0.36,2.05,0.05,31.0,100.0,0.992,3.19,0.44,10.8,6,0
5.8,0.27,0.2,14.95,0.044,22.0,179.0,0.9962,3.37,0.37,10.2,5,0
6.2,0.45,0.26,4.4,0.063,63.0,206.0,0.994,3.27,0.52,9.8,4,0
6.2,0.35,0.03,1.2,0.064,29.0,120.0,0.9934,3.22,0.54,9.1,5,0
7.0,0.32,0.34,1.3,0.042,20.0,69.0,0.9912,3.31,0.65,12.0,7,0
7.4,0.18,0.3,8.8,0.064,26.0,103.0,0.9961,2.94,0.56,9.3,5,0
6.8,0.22,0.31,1.4,0.053,34.0,114.0,0.9929,3.39,0.77,10.6,6,0
8.6,0.265,0.36,1.2,0.034,15.0,80.0,0.9913,2.95,0.36,11.4,7,0
7.3,0.13,0.32,14.4,0.051,34.0,109.0,0.9974,3.2,0.35,9.2,6,0
6.9,0.19,0.28,5.0,0.058,14.0,146.0,0.9952,3.29,0.36,9.1,6,0
6.3,0.255,0.37,1.1,0.04,37.0,114.0,0.9905,3.0,0.39,10.9,6,0
8.2,0.23,0.4,7.5,0.049,12.0,76.0,0.9966,3.06,0.84,9.7,6,0
7.4,0.24,0.42,14.0,0.066,48.0,198.0,0.9979,2.89,0.42,8.9,6,0
6.7,0.46,0.18,2.4,0.034,25.0,98.0,0.9896,3.08,0.44,12.6,7,0
9.8,0.42,0.48,9.85,0.034,5.0,110.0,0.9958,2.87,0.29,10.0,5,0
6.3,0.22,0.43,4.55,0.038,31.0,130.0,0.9918,3.35,0.33,11.5,7,0
6.0,0.67,0.07,1.2,0.06,9.0,108.0,0.9931,3.11,0.35,8.7,4,0
6.8,0.28,0.36,8.0,0.045,28.0,123.0,0.9928,3.02,0.37,11.4,6,0
6.4,0.29,0.44,3.6,0.2,75.0,181.0,0.9942,3.02,0.41,9.1,5,0
6.4,0.3,0.45,3.5,0.197,76.0,180.0,0.9942,3.02,0.39,9.1,6,0
6.7,0.13,0.29,5.3,0.051,31.0,122.0,0.9944,3.44,0.37,9.7,6,0
6.4,0.17,0.32,2.4,0.048,41.0,200.0,0.9938,3.5,0.5,9.7,6,0
8.2,0.27,0.39,7.8,0.039,49.0,208.0,0.9976,3.31,0.51,9.5,6,0
7.7,0.31,0.26,7.8,0.031,23.0,90.0,0.9944,3.13,0.5,10.4,5,0
6.1,0.18,0.36,2.0,0.038,20.0,249.5,0.9923,3.37,0.79,11.3,6,0
6.9,0.29,0.4,19.45,0.043,36.0,156.0,0.9996,2.93,0.47,8.9,5,0
5.8,0.25,0.26,13.1,0.051,44.0,148.0,0.9972,3.29,0.38,9.3,5,0
7.2,0.19,0.46,3.8,0.041,82.0,187.0,0.9932,3.19,0.6,11.2,7,0
6.1,0.41,0.0,1.6,0.063,36.0,87.0,0.9914,3.27,0.67,10.8,6,0
5.9,0.3,0.47,7.85,0.03,19.0,133.0,0.9933,3.52,0.43,11.5,7,0
6.6,0.24,0.35,7.7,0.031,36.0,135.0,0.9938,3.19,0.37,10.5,5,0
6.4,0.34,0.23,6.3,0.039,37.0,143.0,0.9944,3.19,0.65,10.0,6,0
7.4,0.2,0.43,7.8,0.045,27.0,153.0,0.9964,3.19,0.55,9.0,7,0
7.1,0.39,0.35,12.5,0.044,26.0,72.0,0.9941,3.17,0.29,11.6,5,0
7.0,0.3,0.38,14.9,0.032,60.0,181.0,0.9983,3.18,0.61,9.3,7,0
7.3,0.24,0.43,2.0,0.021,20.0,69.0,0.99,3.08,0.56,12.2,6,0
6.4,0.19,0.42,2.9,0.032,32.0,83.0,0.9908,3.3,0.41,11.7,6,0
7.0,0.21,0.28,8.6,0.045,37.0,221.0,0.9954,3.25,0.54,10.4,6,0
6.9,0.2,0.37,6.2,0.027,24.0,97.0,0.992,3.38,0.49,12.2,7,0
6.6,0.52,0.44,12.2,0.048,54.0,245.0,0.9975,3.26,0.54,9.3,6,0
6.6,0.24,0.29,2.0,0.023,19.0,86.0,0.99,3.25,0.45,12.5,6,0
7.3,0.26,0.36,5.2,0.04,31.0,141.0,0.9931,3.16,0.59,11.0,6,0
7.8,0.28,0.32,9.0,0.036,34.0,115.0,0.9952,3.17,0.39,10.3,7,0
6.1,0.28,0.22,1.8,0.034,32.0,116.0,0.9898,3.36,0.44,12.6,6,0
6.4,0.1,0.35,4.9,0.048,31.0,103.0,0.9947,3.43,0.79,9.7,6,0
7.4,0.25,0.36,13.2,0.067,53.0,178.0,0.9976,3.01,0.48,9.0,6,0
7.4,0.25,0.36,13.2,0.067,53.0,178.0,0.9976,3.01,0.48,9.0,6,0
6.5,0.18,0.31,1.7,0.044,30.0,127.0,0.9928,3.49,0.5,10.2,7,0
7.2,0.46,0.65,10.4,0.05,76.0,192.0,0.9976,3.16,0.42,8.7,5,0
9.2,0.25,0.34,1.2,0.026,31.0,93.0,0.9916,2.93,0.37,11.3,7,0
9.2,0.25,0.34,1.2,0.026,31.0,93.0,0.9916,2.93,0.37,11.3,7,0
5.9,0.37,0.1,1.6,0.057,39.0,128.0,0.9924,3.24,0.48,10.1,5,0
7.8,0.22,0.38,10.3,0.059,28.0,99.0,0.9967,3.12,0.47,10.0,6,0
6.0,0.26,0.5,2.2,0.048,59.0,153.0,0.9928,3.08,0.61,9.8,5,0
8.2,0.23,0.29,1.8,0.047,47.0,187.0,0.9933,3.13,0.5,10.2,6,0
6.5,0.28,0.29,2.7,0.038,26.0,107.0,0.9912,3.32,0.41,11.6,7,0
6.0,0.38,0.26,6.0,0.034,42.0,134.0,0.9912,3.38,0.38,12.3,7,0
6.9,0.19,0.4,1.4,0.036,14.0,55.0,0.9909,3.08,0.68,11.5,7,0
6.7,0.3,0.35,1.4,0.18,36.0,160.0,0.9937,3.11,0.54,9.4,6,0
7.4,0.24,0.4,4.3,0.032,9.0,95.0,0.992,3.09,0.39,11.1,6,0
5.8,0.31,0.33,1.2,0.036,23.0,99.0,0.9916,3.18,0.6,10.5,6,0
5.6,0.35,0.14,5.0,0.046,48.0,198.0,0.9937,3.3,0.71,10.3,5,0
7.1,0.17,0.38,7.4,0.052,49.0,182.0,0.9958,3.35,0.52,9.6,6,0
5.7,0.32,0.38,4.75,0.033,23.0,94.0,0.991,3.42,0.42,11.8,7,0
6.7,0.28,0.14,1.4,0.043,64.0,159.0,0.992,3.17,0.39,10.0,5,0
5.9,0.25,0.25,11.3,0.052,30.0,165.0,0.997,3.24,0.44,9.5,6,0
6.7,0.17,0.37,2.0,0.039,34.0,125.0,0.9922,3.26,0.6,10.8,7,0
6.7,0.19,0.34,1.0,0.022,22.0,94.0,0.9912,3.23,0.57,11.1,6,0
6.2,0.47,0.21,1.0,0.044,13.0,98.0,0.99345,3.14,0.46,9.2,5,0
8.2,0.27,0.43,1.6,0.035,31.0,128.0,0.9916,3.1,0.5,12.3,6,0
6.2,0.21,0.27,1.7,0.038,41.0,150.0,0.9933,3.49,0.71,10.5,7,0
6.5,0.23,0.33,13.8,0.042,25.0,139.0,0.99695,3.35,0.56,10.4,6,0
6.6,0.25,0.3,14.4,0.052,40.0,183.0,0.998,3.02,0.5,9.1,6,0
6.9,0.38,0.25,9.8,0.04,28.0,191.0,0.9971,3.28,0.61,9.2,5,0
6.4,0.25,0.3,5.5,0.038,15.0,129.0,0.9948,3.14,0.49,9.6,6,0
7.2,0.29,0.4,7.6,0.024,56.0,177.0,0.9928,3.04,0.32,11.5,6,0
7.1,0.14,0.4,1.2,0.051,55.0,136.0,0.9932,3.3,0.96,9.8,7,0
7.1,0.13,0.4,1.2,0.047,54.0,134.0,0.9932,3.3,0.97,9.8,7,0
8.1,0.17,0.44,14.1,0.053,43.0,145.0,1.0006,3.28,0.75,8.8,8,1
7.4,0.32,0.27,1.4,0.049,38.0,173.0,0.99335,3.03,0.52,9.3,5,0
6.9,0.24,0.33,12.5,0.046,47.0,153.0,0.9983,3.28,0.77,9.6,6,0
7.8,0.27,0.58,11.2,0.036,44.0,161.0,0.9977,3.06,0.41,8.9,6,0
6.2,0.3,0.17,2.8,0.04,24.0,125.0,0.9939,3.01,0.46,9.0,5,0
7.3,0.3,0.34,2.7,0.044,34.0,108.0,0.99105,3.36,0.53,12.8,8,1
8.7,0.23,0.32,13.4,0.044,35.0,169.0,0.99975,3.12,0.47,8.8,7,0
6.9,0.19,0.35,1.7,0.036,33.0,101.0,0.99315,3.21,0.54,10.8,7,0
7.7,0.34,0.58,11.1,0.039,41.0,151.0,0.9978,3.06,0.49,8.6,5,0
6.9,0.18,0.36,1.3,0.036,40.0,117.0,0.9934,3.27,0.95,9.5,7,0
6.9,0.12,0.36,2.2,0.037,18.0,111.0,0.9919,3.41,0.82,11.9,8,1
7.0,0.31,0.29,1.4,0.037,33.0,128.0,0.9896,3.12,0.36,12.2,7,0
6.6,0.2,0.38,7.9,0.052,30.0,145.0,0.9947,3.32,0.56,11.0,7,0
8.0,0.29,0.29,13.2,0.046,26.0,113.0,0.9983,3.25,0.37,9.7,6,0
5.4,0.595,0.1,2.8,0.042,26.0,80.0,0.9932,3.36,0.38,9.3,5,0
6.7,0.25,0.33,2.9,0.057,52.0,173.0,0.9934,3.02,0.48,9.5,7,0
6.5,0.25,0.35,12.0,0.055,47.0,179.0,0.998,3.58,0.47,10.0,5,0
6.2,0.28,0.43,13.0,0.039,64.0,233.0,0.99745,3.08,0.38,8.9,5,0
6.1,0.27,0.44,6.7,0.041,61.0,230.0,0.99505,3.12,0.4,8.9,5,0
6.1,0.36,0.58,15.0,0.044,42.0,115.0,0.9978,3.15,0.51,9.0,5,0
6.7,0.15,0.29,5.0,0.058,28.0,105.0,0.9946,3.52,0.44,10.2,7,0
8.3,0.23,0.43,3.2,0.035,14.0,101.0,0.9928,3.15,0.36,11.5,5,0
5.1,0.42,0.01,1.5,0.017,25.0,102.0,0.9894,3.38,0.36,12.3,7,0
6.0,0.2,0.71,1.6,0.15,10.0,54.0,0.9927,3.12,0.47,9.8,5,0
6.6,0.22,0.37,1.2,0.059,45.0,199.0,0.993,3.37,0.55,10.3,7,0
7.6,0.16,0.44,1.4,0.043,25.0,109.0,0.9932,3.11,0.75,10.3,6,0
7.6,0.39,0.22,2.8,0.036,19.0,113.0,0.9926,3.03,0.29,10.2,5,0
6.6,0.14,0.44,1.6,0.042,47.0,140.0,0.993,3.32,0.51,10.2,6,0
7.3,0.15,0.4,2.0,0.05,24.0,92.0,0.9932,3.14,0.45,10.5,5,0
6.9,0.21,0.81,1.1,0.137,52.0,123.0,0.9932,3.03,0.39,9.2,6,0
7.0,0.31,0.52,1.7,0.029,5.0,61.0,0.9918,3.07,0.43,10.4,5,0
8.1,0.26,0.37,1.9,0.072,48.0,159.0,0.9949,3.37,0.7,10.9,6,0
7.5,0.28,0.33,7.7,0.048,42.0,180.0,0.9974,3.37,0.59,10.1,6,0
6.5,0.28,0.26,8.8,0.04,44.0,139.0,0.9956,3.32,0.37,10.2,6,0
7.3,0.31,0.69,10.2,0.041,58.0,160.0,0.9977,3.06,0.45,8.6,5,0
7.2,0.37,0.15,2.0,0.029,27.0,87.0,0.9903,3.3,0.59,12.6,7,0
6.0,0.4,0.3,1.6,0.047,30.0,117.0,0.9931,3.17,0.48,10.1,6,0
7.9,0.25,0.29,5.3,0.031,33.0,117.0,0.9918,3.06,0.32,11.8,7,0
6.9,0.23,0.34,4.0,0.047,24.0,128.0,0.9944,3.2,0.52,9.7,6,0
8.9,0.34,0.32,1.3,0.041,12.0,188.0,0.9953,3.17,0.49,9.5,5,0
7.0,0.17,0.37,5.7,0.025,29.0,111.0,0.9938,3.2,0.49,10.8,6,0
7.7,0.25,0.43,4.5,0.062,20.0,115.0,0.9966,3.38,0.5,9.9,6,0
6.3,0.32,0.35,11.1,0.039,29.0,198.0,0.9984,3.36,0.5,9.4,7,0
6.5,0.41,0.64,11.8,0.065,65.0,225.0,0.9978,3.12,0.51,8.9,5,0
7.1,0.26,0.32,14.45,0.074,29.0,107.0,0.998,2.96,0.42,9.2,6,0
7.4,0.25,0.37,6.9,0.02,14.0,93.0,0.9939,3.0,0.48,10.7,7,0
5.0,0.33,0.16,1.5,0.049,10.0,97.0,0.9917,3.48,0.44,10.7,6,0
5.0,0.33,0.16,1.5,0.049,10.0,97.0,0.9917,3.48,0.44,10.7,6,0
7.7,0.39,0.3,5.2,0.037,29.0,131.0,0.9943,3.38,0.44,11.0,6,0
7.2,0.18,0.31,1.1,0.045,20.0,73.0,0.9925,3.32,0.4,10.8,7,0
5.3,0.26,0.23,5.15,0.034,48.0,160.0,0.9952,3.82,0.51,10.5,7,0
7.7,0.27,0.34,1.8,0.028,26.0,168.0,0.9911,2.99,0.48,12.1,7,0
7.8,0.16,0.41,1.7,0.026,29.0,140.0,0.991,3.02,0.78,12.5,6,0
7.4,0.19,0.42,6.4,0.067,39.0,212.0,0.9958,3.3,0.33,9.6,6,0
8.0,0.59,0.71,17.35,0.038,61.0,228.0,1.0,2.95,0.75,9.3,5,0
7.0,0.15,0.34,1.4,0.039,21.0,177.0,0.9927,3.32,0.62,10.8,5,0
6.5,0.22,0.72,6.8,0.042,33.0,168.0,0.9958,3.12,0.36,9.2,6,0
7.9,0.16,0.64,17.0,0.05,69.0,210.0,1.0004,3.15,0.51,9.3,7,0
5.7,0.21,0.24,2.3,0.047,60.0,189.0,0.995,3.65,0.72,10.1,6,0
6.2,0.12,0.26,5.7,0.044,56.0,158.0,0.9951,3.52,0.37,10.5,6,0
7.0,0.14,0.41,0.9,0.037,22.0,95.0,0.9914,3.25,0.43,10.9,6,0
6.6,0.42,0.33,2.8,0.034,15.0,85.0,0.99,3.28,0.51,13.4,6,0
7.1,0.26,0.31,2.2,0.044,29.0,128.0,0.9937,3.34,0.64,10.9,8,1
6.3,0.39,0.24,6.9,0.069,9.0,117.0,0.9942,3.15,0.35,10.2,4,0
7.1,0.26,0.32,5.9,0.037,39.0,97.0,0.9934,3.31,0.4,11.6,6,0
6.9,0.35,0.74,1.0,0.044,18.0,132.0,0.992,3.13,0.55,10.2,5,0
7.2,0.26,0.74,13.6,0.05,56.0,162.0,0.998,3.03,0.44,8.8,5,0
7.4,0.16,0.49,1.2,0.055,18.0,150.0,0.9917,3.23,0.47,11.2,6,0
7.4,0.28,0.49,1.5,0.034,20.0,126.0,0.9918,2.98,0.39,10.6,6,0
7.7,0.35,0.49,8.65,0.033,42.0,186.0,0.9931,3.14,0.38,12.4,8,1
7.6,0.29,0.49,9.6,0.03,45.0,197.0,0.9938,3.13,0.38,12.3,7,0
6.7,0.51,0.24,2.1,0.043,14.0,155.0,0.9904,3.22,0.6,13.0,6,0
8.2,0.22,0.49,9.6,0.037,53.0,154.0,0.9951,3.02,0.33,10.6,6,0
7.2,0.27,0.74,12.5,0.037,47.0,156.0,0.9981,3.04,0.44,8.7,5,0
14.2,0.27,0.49,1.1,0.037,33.0,156.0,0.992,3.15,0.54,11.1,6,0
7.2,0.27,0.74,12.5,0.037,47.0,156.0,0.9981,3.04,0.44,8.7,5,0
8.1,0.3,0.49,8.1,0.037,26.0,174.0,0.9943,3.1,0.3,11.2,7,0
7.5,0.23,0.49,7.7,0.049,61.0,209.0,0.9941,3.14,0.3,11.1,7,0
7.3,0.26,0.49,5.0,0.028,32.0,107.0,0.9936,3.24,0.54,10.8,6,0
6.0,0.17,0.49,1.0,0.034,26.0,106.0,0.992,3.21,0.42,9.8,6,0
8.5,0.15,0.49,1.5,0.031,17.0,122.0,0.9932,3.03,0.4,10.3,6,0
7.9,0.18,0.49,5.2,0.051,36.0,157.0,0.9953,3.18,0.48,10.6,6,0
9.1,0.28,0.49,2.0,0.059,10.0,112.0,0.9958,3.15,0.46,10.1,5,0
9.8,0.31,0.49,15.4,0.046,13.0,119.0,1.0004,3.18,0.45,9.5,5,0
9.0,0.3,0.49,7.2,0.039,32.0,84.0,0.9938,2.94,0.32,11.5,6,0
7.3,0.3,0.74,13.5,0.039,46.0,165.0,0.9982,3.02,0.4,8.7,5,0
6.4,0.27,0.49,7.3,0.046,53.0,206.0,0.9956,3.24,0.43,9.2,6,0
8.1,0.2,0.49,11.8,0.048,46.0,212.0,0.9968,3.09,0.46,10.0,7,0
7.8,0.26,0.49,3.2,0.027,28.0,87.0,0.9919,3.03,0.32,11.3,7,0
8.2,0.2,0.49,3.5,0.057,14.0,108.0,0.9928,3.19,0.35,11.5,6,0
7.1,0.28,0.49,6.5,0.041,28.0,111.0,0.9926,3.41,0.58,12.2,8,1
7.8,0.49,0.49,7.0,0.043,29.0,149.0,0.9952,3.21,0.33,10.0,5,0
6.6,0.46,0.49,7.4,0.052,19.0,184.0,0.9956,3.11,0.38,9.0,5,0
6.6,0.31,0.49,7.7,0.05,52.0,220.0,0.9964,3.12,0.45,8.8,5,0
6.6,0.325,0.49,7.7,0.049,53.0,217.0,0.996,3.16,0.4,9.3,5,0
6.5,0.13,0.37,1.0,0.036,48.0,114.0,0.9911,3.41,0.51,11.5,8,1
7.9,0.18,0.33,1.2,0.033,20.0,72.0,0.9922,3.12,0.38,10.5,7,0
7.3,0.26,0.33,17.85,0.049,41.5,195.0,1.0,3.06,0.44,9.1,7,0
6.7,0.31,0.42,6.4,0.057,25.0,148.0,0.9955,3.16,0.45,9.6,5,0
7.0,0.21,0.31,6.0,0.046,29.0,108.0,0.9939,3.26,0.5,10.8,6,0
7.0,0.3,0.32,6.4,0.034,28.0,97.0,0.9924,3.23,0.44,11.8,6,0
7.6,0.445,0.44,14.5,0.045,68.0,212.0,0.9986,3.48,0.36,10.0,6,0
9.2,0.23,0.3,1.1,0.031,40.0,99.0,0.9929,2.94,0.3,10.4,6,0
6.1,0.255,0.44,12.3,0.045,53.0,197.0,0.9967,3.24,0.54,9.5,6,0
6.4,0.16,0.28,2.2,0.042,33.0,93.0,0.9914,3.31,0.43,11.1,6,0
6.3,0.25,0.23,14.9,0.039,47.0,142.0,0.99705,3.14,0.35,9.7,6,0
7.4,0.32,0.22,1.7,0.051,50.0,179.0,0.9955,3.28,0.69,8.9,5,0
6.5,0.18,0.26,1.4,0.041,40.0,141.0,0.9941,3.34,0.72,9.5,6,0
8.4,0.17,0.31,5.4,0.052,47.0,150.0,0.9953,3.24,0.38,9.8,5,0
6.7,0.24,0.29,6.8,0.038,54.0,127.0,0.9932,3.33,0.46,11.6,7,0
7.2,0.15,0.38,1.2,0.038,18.0,110.0,0.9917,3.19,0.43,11.1,6,0
6.8,0.3,0.35,2.8,0.038,10.0,164.0,0.9912,3.09,0.53,12.0,6,0
6.5,0.32,0.12,11.5,0.033,35.0,165.0,0.9974,3.22,0.32,9.0,5,0
7.4,0.21,0.27,7.3,0.031,41.0,144.0,0.9932,3.15,0.38,11.8,7,0
8.0,0.2,0.36,1.2,0.032,21.0,78.0,0.9921,3.08,0.37,10.4,6,0
7.2,0.2,0.61,16.2,0.043,14.0,103.0,0.9987,3.06,0.36,9.2,6,0
7.7,0.3,0.42,14.3,0.045,45.0,213.0,0.9991,3.18,0.63,9.2,5,0
7.6,0.33,0.41,13.7,0.045,44.0,197.0,0.9989,3.18,0.64,9.1,5,0
6.8,0.35,0.44,6.5,0.056,31.0,161.0,0.9952,3.14,0.44,9.5,5,0
7.6,0.26,0.36,1.6,0.032,6.0,106.0,0.993,3.15,0.4,10.4,4,0
9.2,0.71,0.23,6.2,0.042,15.0,93.0,0.9948,2.89,0.34,10.1,6,0
6.8,0.28,0.36,1.6,0.04,25.0,87.0,0.9924,3.23,0.66,10.3,6,0
6.7,0.31,0.44,6.7,0.054,29.0,160.0,0.9952,3.04,0.44,9.6,5,0
7.6,0.2,0.31,1.4,0.047,41.0,142.0,0.9934,3.43,0.53,10.1,6,0
6.8,0.27,0.35,7.8,0.048,76.0,197.0,0.9959,3.24,0.43,9.5,6,0
7.6,0.2,0.3,14.2,0.056,53.0,212.5,0.999,3.14,0.46,8.9,8,1
8.0,0.4,0.33,7.7,0.034,27.0,98.0,0.9935,3.18,0.41,12.2,7,0
6.6,0.32,0.22,16.7,0.046,38.0,133.0,0.9979,3.22,0.67,10.4,6,0
6.3,0.21,0.28,1.5,0.051,46.0,142.0,0.9928,3.23,0.42,10.1,6,0
7.6,0.29,0.26,6.5,0.042,32.0,160.0,0.9944,3.14,0.47,10.7,5,0
8.6,0.485,0.29,4.1,0.026,19.0,101.0,0.9918,3.01,0.38,12.4,5,0
6.7,0.31,0.31,4.9,0.031,20.0,151.0,0.9926,3.36,0.82,12.0,7,0
5.7,0.32,0.18,1.4,0.029,26.0,104.0,0.9906,3.44,0.37,11.0,6,0
7.5,0.33,0.32,11.1,0.036,25.0,119.0,0.9962,3.15,0.34,10.5,6,0
6.6,0.22,0.53,15.1,0.052,22.0,136.0,0.9986,2.94,0.35,9.4,5,0
8.4,0.28,0.4,8.9,0.048,33.0,146.0,0.9988,3.4,0.46,9.3,5,0
6.2,0.34,0.3,11.1,0.047,28.0,237.0,0.9981,3.18,0.49,8.7,5,0
6.0,0.27,0.15,1.5,0.056,35.0,128.0,0.9936,3.12,0.45,8.8,5,0
7.7,0.23,0.31,10.7,0.038,59.0,186.0,0.9969,3.12,0.55,9.5,6,0
6.5,0.22,0.25,17.1,0.05,44.0,138.0,1.0001,3.3,0.37,8.8,5,0
7.7,0.26,0.32,1.2,0.04,26.0,117.0,0.993,3.21,0.56,10.8,5,0
6.0,0.28,0.22,12.15,0.048,42.0,163.0,0.9957,3.2,0.46,10.1,5,0
6.8,0.28,0.39,1.4,0.036,15.0,115.0,0.9918,3.27,0.72,11.7,5,0
7.4,0.19,0.3,12.8,0.053,48.5,229.0,0.9986,3.14,0.49,9.1,7,0
7.4,0.29,0.25,3.8,0.044,30.0,114.0,0.992,3.11,0.4,11.0,6,0
7.6,0.27,0.33,2.0,0.059,19.0,175.0,0.9944,3.22,0.56,9.9,5,0
7.0,0.32,0.35,1.5,0.039,24.0,125.0,0.9918,3.17,0.64,12.2,6,0
6.9,0.44,0.42,8.5,0.048,10.0,147.0,0.9974,3.32,0.46,9.5,6,0
6.1,0.15,0.29,6.2,0.046,39.0,151.0,0.99471,3.6,0.44,10.6,6,0
7.4,0.18,0.29,1.4,0.042,34.0,101.0,0.99384,3.54,0.6,10.5,7,0
6.9,0.3,0.21,15.7,0.056,49.0,159.0,0.99827,3.11,0.48,9.0,5,0
6.3,0.16,0.22,1.3,0.046,18.0,66.0,0.99307,3.61,0.55,10.3,6,0
6.5,0.29,0.42,10.6,0.042,66.0,202.0,0.99674,3.24,0.53,9.5,6,0
7.0,0.22,0.26,2.8,0.036,44.0,132.0,0.99078,3.34,0.41,12.0,7,0
7.6,0.3,0.4,2.2,0.054,29.0,175.0,0.99445,3.19,0.53,9.8,5,0
7.2,0.34,0.3,8.4,0.051,40.0,167.0,0.99756,3.48,0.62,9.7,5,0
7.7,0.4,0.27,4.5,0.034,27.0,95.0,0.99175,3.21,0.59,12.3,8,1
7.5,0.23,0.29,2.6,0.031,24.0,98.0,0.99194,3.0,0.54,10.9,6,0
7.9,0.25,0.34,11.4,0.04,53.0,202.0,0.99708,3.11,0.57,9.6,6,0
8.9,0.21,0.37,1.2,0.028,20.0,93.0,0.99244,3.2,0.37,11.5,5,0
6.7,0.24,0.26,12.6,0.053,44.0,182.0,0.99802,3.42,0.42,9.7,5,0
6.1,0.16,0.29,6.0,0.03,29.0,144.0,0.99474,3.68,0.46,10.7,6,0
6.3,0.695,0.55,12.9,0.056,58.0,252.0,0.99806,3.29,0.49,8.7,5,0
8.0,0.26,0.28,8.2,0.038,72.0,202.0,0.99566,3.12,0.56,10.0,6,0
6.1,0.36,0.41,19.35,0.07,67.0,207.0,1.00118,3.39,0.53,9.1,5,0
8.1,0.4,0.32,7.9,0.031,23.0,118.0,0.99176,3.05,0.46,13.3,7,0
7.4,0.35,0.2,13.9,0.054,63.0,229.0,0.99888,3.11,0.5,8.9,6,0
6.9,0.43,0.28,9.4,0.056,29.0,183.0,0.99594,3.17,0.43,9.4,5,0
6.9,0.43,0.28,9.4,0.056,29.0,183.0,0.99594,3.17,0.43,9.4,5,0
6.6,0.56,0.15,10.0,0.037,38.0,157.0,0.99642,3.28,0.52,9.4,5,0
6.1,0.27,0.31,1.5,0.035,17.0,83.0,0.99076,3.32,0.44,11.1,7,0
6.1,0.28,0.24,19.95,0.074,32.0,174.0,0.99922,3.19,0.44,9.3,6,0
7.7,0.39,0.49,7.7,0.036,11.0,110.0,0.9966,3.33,0.76,10.0,6,0
8.6,0.23,0.25,11.3,0.031,13.0,96.0,0.99645,3.11,0.4,10.8,5,0
6.8,0.21,0.36,18.1,0.046,32.0,133.0,1.0,3.27,0.48,8.8,5,0
8.6,0.34,0.36,1.4,0.045,11.0,119.0,0.99556,3.17,0.47,9.4,4,0
6.2,0.28,0.45,7.5,0.045,46.0,203.0,0.99573,3.26,0.46,9.2,6,0
6.5,0.18,0.33,1.4,0.029,35.0,138.0,0.99114,3.36,0.6,11.5,7,0
6.4,0.22,0.3,11.2,0.046,53.0,149.0,0.99479,3.21,0.34,10.8,5,0
5.9,0.28,0.14,8.6,0.032,30.0,142.0,0.99542,3.28,0.44,9.5,6,0
8.9,0.27,0.34,10.7,0.029,19.5,166.0,0.99669,3.13,0.48,10.6,5,0
6.5,0.23,0.25,17.3,0.046,15.0,110.0,0.99828,3.15,0.42,9.2,6,0
6.3,0.13,0.42,1.1,0.043,63.0,146.0,0.99066,3.13,0.72,11.2,7,0
6.4,0.15,0.44,1.2,0.043,67.0,150.0,0.9907,3.14,0.73,11.2,7,0
6.9,0.21,0.24,1.8,0.021,17.0,80.0,0.98992,3.15,0.46,12.3,7,0
6.6,0.24,0.28,1.8,0.028,39.0,132.0,0.99182,3.34,0.46,11.4,5,0
6.3,0.34,0.36,4.9,0.035,31.0,185.0,0.9946,3.15,0.49,9.7,5,0
6.7,0.17,0.42,10.4,0.038,85.0,182.0,0.99628,3.04,0.44,8.9,6,0
6.9,0.13,0.28,13.3,0.05,47.0,132.0,0.99655,3.34,0.42,10.1,6,0
5.4,0.5,0.13,5.0,0.028,12.0,107.0,0.99079,3.48,0.88,13.5,7,0
7.2,0.2,0.36,2.5,0.028,22.0,157.0,0.9938,3.48,0.49,10.6,6,0
6.6,0.35,0.35,6.0,0.063,31.0,150.0,0.99537,3.1,0.47,9.4,6,0
4.5,0.19,0.21,0.95,0.033,89.0,159.0,0.99332,3.34,0.42,8.0,5,0
7.5,0.13,0.38,1.1,0.023,42.0,104.0,0.99112,3.28,0.53,11.8,6,0
7.0,0.34,0.39,6.9,0.066,43.0,162.0,0.99561,3.11,0.53,9.5,5,0
7.1,0.23,0.24,5.4,0.039,60.0,196.0,0.9948,3.19,0.78,10.0,4,0
6.7,0.33,0.34,6.6,0.067,35.0,156.0,0.99542,3.11,0.48,9.3,6,0
6.2,0.21,0.34,6.6,0.03,36.0,91.0,0.9914,3.32,0.45,12.5,7,0
7.0,0.16,0.36,2.6,0.029,28.0,98.0,0.99126,3.11,0.37,11.2,7,0
6.2,0.28,0.27,10.3,0.03,26.0,108.0,0.99388,3.2,0.36,10.7,6,0
6.8,0.23,0.42,7.4,0.044,56.0,189.0,0.9958,3.22,0.48,9.3,6,0
6.8,0.16,0.29,10.4,0.046,59.0,143.0,0.99518,3.2,0.4,10.8,6,0
7.5,0.26,0.25,1.7,0.038,29.0,129.0,0.99312,3.45,0.56,10.4,6,0
7.5,0.18,0.31,6.5,0.029,53.0,160.0,0.99276,3.03,0.38,10.9,6,0
5.3,0.2,0.31,3.6,0.036,22.0,91.0,0.99278,3.41,0.5,9.8,6,0
6.5,0.17,0.31,1.5,0.041,34.0,121.0,0.99092,3.06,0.46,10.5,6,0
5.8,0.17,0.34,1.8,0.045,96.0,170.0,0.99035,3.38,0.9,11.8,8,1
7.1,0.2,0.31,6.85,0.053,32.0,211.0,0.99587,3.31,0.59,10.4,6,0
6.4,0.22,0.32,7.2,0.028,15.0,83.0,0.993,3.13,0.55,10.9,8,1
6.8,0.35,0.53,10.1,0.053,37.0,151.0,0.9963,3.07,0.4,9.4,5,0
6.9,0.31,0.32,1.6,0.036,34.0,114.0,0.99068,3.19,0.45,11.4,7,0
6.6,0.25,0.51,8.0,0.047,61.0,189.0,0.99604,3.22,0.49,9.2,5,0
7.0,0.27,0.48,6.1,0.042,60.0,184.0,0.99566,3.2,0.5,9.4,6,0
5.8,0.32,0.31,2.7,0.049,25.0,153.0,0.99067,3.44,0.73,12.2,7,0
6.0,0.21,0.34,2.0,0.042,63.0,123.0,0.99052,3.44,0.42,11.4,6,0
7.6,0.27,0.34,5.0,0.04,18.0,56.0,0.99084,3.06,0.48,12.4,6,0
7.2,0.26,0.4,6.3,0.047,52.0,172.0,0.99573,3.18,0.53,9.5,6,0
5.8,0.22,0.29,0.9,0.034,34.0,89.0,0.98936,3.14,0.36,11.1,7,0
6.6,0.31,0.07,1.5,0.033,55.0,144.0,0.99208,3.16,0.42,10.0,5,0
7.9,0.25,0.35,6.7,0.039,22.0,64.0,0.99362,2.93,0.49,10.7,5,0
6.1,0.37,0.2,7.6,0.031,49.0,170.0,0.99558,3.22,0.48,9.5,5,0
6.9,0.14,0.38,1.0,0.041,22.0,81.0,0.99043,3.03,0.54,11.4,6,0
7.0,0.12,0.29,10.3,0.039,41.0,98.0,0.99564,3.19,0.38,9.8,8,1
5.1,0.29,0.28,8.3,0.026,27.0,107.0,0.99308,3.36,0.37,11.0,6,0
8.0,0.14,0.33,1.2,0.045,71.0,162.0,0.9914,3.07,0.47,11.0,6,0
6.0,0.32,0.3,1.3,0.025,18.0,112.0,0.98802,3.07,0.64,13.3,7,0
6.7,0.25,0.31,1.35,0.061,30.5,218.0,0.99388,3.16,0.53,9.5,5,0
6.8,0.22,0.31,6.9,0.037,33.0,121.0,0.99176,3.02,0.39,11.9,8,1
6.7,0.14,0.46,1.6,0.036,15.0,92.0,0.99264,3.37,0.49,10.9,5,0
7.2,0.21,1.0,1.1,0.154,46.0,114.0,0.9931,2.95,0.43,9.2,6,0
6.2,0.25,0.54,7.0,0.046,58.0,176.0,0.99454,3.19,0.7,10.4,5,0
7.0,0.25,0.45,2.3,0.045,40.0,118.0,0.99064,3.16,0.48,11.9,7,0
6.5,0.29,0.26,7.0,0.04,18.0,113.0,0.99366,3.17,0.38,10.2,6,0
6.5,0.23,0.39,1.9,0.036,41.0,98.0,0.99,3.19,0.43,11.9,7,0
7.6,0.25,1.23,4.6,0.035,51.0,294.0,0.99018,3.03,0.43,13.1,6,0
6.9,0.19,0.32,7.9,0.042,30.0,130.0,0.99456,3.4,0.39,10.5,6,0
6.5,0.34,0.46,1.0,0.023,6.0,80.0,0.98865,3.15,0.54,12.9,6,0
6.2,0.19,0.38,5.1,0.019,22.0,82.0,0.98961,3.05,0.36,12.5,6,0
6.7,0.33,0.36,6.6,0.042,34.0,116.0,0.99123,2.97,0.31,12.2,8,1
7.8,0.21,0.34,11.9,0.039,55.0,140.0,0.9959,3.02,0.31,10.3,6,0
5.6,0.41,0.22,7.1,0.05,44.0,154.0,0.9931,3.3,0.4,10.5,5,0
5.5,0.12,0.33,1.0,0.038,23.0,131.0,0.99164,3.25,0.45,9.8,5,0
7.9,0.34,0.44,6.5,0.027,47.0,126.0,0.99124,2.96,0.37,12.5,6,0
6.8,0.45,0.36,5.0,0.033,28.0,156.0,0.991,3.11,0.4,12.4,7,0
6.6,0.16,0.34,1.1,0.037,41.0,115.0,0.9899,3.01,0.68,12.0,6,0
5.7,0.2,0.3,2.5,0.046,38.0,125.0,0.99276,3.34,0.5,9.9,6,0
6.8,0.27,0.42,7.3,0.054,58.0,200.0,0.99556,3.12,0.49,9.4,6,0
5.8,0.3,0.42,1.1,0.036,19.0,113.0,0.98871,3.1,0.46,12.6,7,0
6.8,0.22,0.41,6.7,0.034,39.0,116.0,0.99245,3.18,0.46,11.5,6,0
7.7,0.27,0.49,3.8,0.037,46.0,139.0,0.99116,3.04,0.38,11.6,6,0
6.4,0.23,0.35,4.6,0.039,43.0,147.0,0.99216,3.18,0.4,11.0,7,0
8.1,0.24,0.32,10.5,0.03,34.0,105.0,0.99407,3.11,0.42,11.8,6,0
8.0,0.34,0.25,6.4,0.035,38.0,103.0,0.99148,2.91,0.23,12.2,6,0
6.5,0.25,0.5,7.6,0.047,54.0,184.0,0.99572,3.17,0.45,9.2,5,0
6.6,0.24,0.28,6.7,0.032,26.0,91.0,0.99172,3.13,0.32,12.3,6,0
9.4,0.24,0.29,8.5,0.037,124.0,208.0,0.99395,2.9,0.38,11.0,3,1
7.5,0.29,0.36,15.7,0.05,29.0,124.0,0.9968,3.06,0.54,10.4,5,0
6.0,0.26,0.33,4.35,0.04,15.0,80.0,0.98934,3.29,0.5,12.7,6,0
6.7,0.21,0.34,1.4,0.049,36.0,112.0,0.99091,3.02,0.5,11.0,6,0
6.9,0.38,0.29,13.65,0.048,52.0,189.0,0.99784,3.0,0.6,9.5,6,0
6.9,0.38,0.29,13.65,0.048,52.0,189.0,0.99784,3.0,0.6,9.5,6,0
6.4,0.17,0.27,9.9,0.047,26.0,101.0,0.99596,3.34,0.5,9.9,6,0
6.0,0.29,0.25,1.4,0.033,30.0,114.0,0.98794,3.08,0.43,13.2,6,0
6.1,0.28,0.27,4.7,0.03,56.0,140.0,0.99042,3.16,0.42,12.5,8,1
6.9,0.19,0.35,6.9,0.045,51.0,125.0,0.9933,3.1,0.44,10.7,7,0
8.8,0.39,0.35,1.8,0.096,22.0,80.0,0.99016,2.95,0.54,12.6,6,0
6.0,0.14,0.17,5.6,0.036,37.0,127.0,0.99373,3.05,0.57,9.8,6,0
6.4,0.32,0.27,4.9,0.034,18.0,122.0,0.9916,3.36,0.71,12.5,6,0
6.4,0.32,0.27,4.9,0.034,18.0,122.0,0.9916,3.36,0.71,12.5,6,0
6.8,0.17,0.32,1.4,0.04,35.0,106.0,0.99026,3.16,0.66,12.0,5,0
8.0,0.24,0.48,6.8,0.047,13.0,134.0,0.99616,3.23,0.7,10.0,5,0
7.3,0.23,0.24,0.9,0.031,29.0,86.0,0.98926,2.9,0.38,12.2,6,0
6.2,0.37,0.24,6.1,0.032,19.0,86.0,0.98934,3.04,0.26,13.4,8,1
6.5,0.22,0.19,1.1,0.064,36.0,191.0,0.99297,3.05,0.5,9.5,6,0
6.0,0.28,0.27,15.5,0.036,31.0,134.0,0.99408,3.19,0.44,13.0,7,0
7.0,0.22,0.24,11.0,0.041,75.0,167.0,0.99508,2.98,0.56,10.5,6,0
6.9,0.75,0.13,6.3,0.036,19.0,50.0,0.99312,3.09,0.25,11.1,4,0
6.6,0.23,0.37,8.5,0.036,46.0,153.0,0.99576,3.2,0.48,9.4,6,0
7.3,0.2,0.29,19.9,0.039,69.0,237.0,1.00037,3.1,0.48,9.2,6,0
5.7,0.22,0.22,16.65,0.044,39.0,110.0,0.99855,3.24,0.48,9.0,6,0
4.8,0.21,0.21,10.2,0.037,17.0,112.0,0.99324,3.66,0.48,12.2,7,0
6.4,0.38,0.24,7.2,0.047,41.0,151.0,0.99604,3.11,0.6,9.2,5,0
6.8,0.16,0.18,1.8,0.046,31.0,114.0,0.99226,3.27,0.55,10.8,6,0
6.3,0.2,0.26,4.7,0.04,108.0,168.0,0.99278,3.07,0.75,10.7,7,0
7.2,0.24,0.3,1.2,0.037,11.0,95.0,0.98914,2.96,0.36,12.5,6,0
7.7,0.32,0.61,11.8,0.041,66.0,188.0,0.99794,3.0,0.54,9.3,5,0
6.4,0.36,0.2,5.7,0.118,61.0,172.0,0.9946,3.24,0.43,9.5,6,0
6.6,0.3,0.25,8.0,0.036,21.0,124.0,0.99362,3.06,0.38,10.8,6,0
7.3,0.41,0.29,1.8,0.032,26.0,74.0,0.98889,2.96,0.35,13.0,8,1
6.8,0.15,0.41,12.9,0.044,79.5,183.0,0.99742,3.24,0.78,10.2,6,0
7.4,0.22,0.26,8.8,0.027,23.0,112.0,0.9931,2.98,0.41,11.4,6,0
6.7,0.31,0.09,1.4,0.039,53.0,141.0,0.99206,3.12,0.44,10.1,5,0
7.0,0.15,0.28,14.7,0.051,29.0,149.0,0.99792,2.96,0.39,9.0,7,0
7.4,0.27,0.28,1.8,0.04,45.0,121.0,0.99043,3.02,0.4,11.9,5,0
6.6,0.27,0.33,1.4,0.042,24.0,183.0,0.99215,3.29,0.46,10.7,5,0
6.1,0.27,0.28,9.8,0.042,61.0,125.0,0.99532,3.14,0.42,10.2,6,0
6.5,0.33,0.28,6.1,0.018,41.0,103.0,0.99122,3.24,0.32,12.2,6,0
7.0,0.39,0.21,10.7,0.098,13.0,91.0,0.99657,3.03,0.47,9.3,5,0
6.9,0.21,0.62,6.3,0.042,7.0,109.0,0.99358,2.96,0.59,10.2,6,0
6.9,0.28,0.28,12.2,0.042,52.0,139.0,0.99522,3.03,0.56,10.4,6,0
6.3,0.4,0.24,5.1,0.036,43.0,131.0,0.99186,3.24,0.44,11.3,6,0
6.8,0.31,0.19,3.5,0.086,30.0,130.0,0.993,2.83,0.44,9.6,5,0
6.5,0.41,0.22,4.8,0.052,49.0,142.0,0.9946,3.14,0.62,9.2,5,0
7.3,0.25,0.26,7.2,0.048,52.0,207.0,0.99587,3.12,0.37,9.2,5,0
6.5,0.35,0.31,10.2,0.069,58.0,170.0,0.99692,3.18,0.49,9.4,5,0
8.5,0.23,0.34,1.3,0.035,54.0,110.0,0.99176,3.07,0.55,11.0,7,0
6.0,0.21,0.3,8.7,0.036,47.0,127.0,0.99368,3.18,0.39,10.6,5,0
5.0,0.455,0.18,1.9,0.036,33.0,106.0,0.98746,3.21,0.83,14.0,7,0
6.9,0.14,0.29,9.9,0.056,30.0,91.0,0.99512,3.19,0.33,9.9,6,0
6.5,0.36,0.36,6.7,0.185,51.5,151.0,0.99528,3.17,0.42,9.3,5,0
4.9,0.345,0.34,1.0,0.068,32.0,143.0,0.99138,3.24,0.4,10.1,5,0
7.0,0.16,0.3,2.6,0.043,34.0,90.0,0.99047,2.88,0.47,11.2,6,0
8.4,0.22,0.3,1.3,0.038,45.0,122.0,0.99178,3.13,0.54,10.8,7,0
5.4,0.185,0.19,7.1,0.048,36.0,110.0,0.99438,3.26,0.41,9.5,6,0
6.8,0.37,0.67,1.5,0.175,16.0,98.0,0.99244,3.06,0.56,10.3,6,0
6.3,0.22,0.27,4.5,0.036,81.0,157.0,0.9928,3.05,0.76,10.7,7,0
6.4,0.25,0.57,1.0,0.062,21.0,122.0,0.99238,3.0,0.4,9.5,5,0
6.8,0.22,0.32,5.9,0.054,40.0,152.0,0.9938,3.2,0.57,10.8,6,0
5.9,0.23,0.24,1.6,0.037,32.0,115.0,0.99076,3.21,0.51,11.4,6,0
6.1,0.28,0.3,7.75,0.031,33.0,139.0,0.99296,3.22,0.46,11.0,6,0
6.1,0.28,0.27,8.0,0.048,41.0,162.0,0.99498,3.21,0.51,9.9,5,0
5.7,0.25,0.21,1.5,0.044,21.0,108.0,0.99142,3.3,0.59,11.0,6,0
5.7,0.25,0.26,12.5,0.049,52.5,106.0,0.99691,3.08,0.45,9.4,6,0
7.4,0.26,0.29,3.7,0.048,14.0,73.0,0.9915,3.06,0.45,11.4,6,0
6.4,0.5,0.2,2.4,0.059,19.0,112.0,0.99314,3.18,0.4,9.2,6,0
6.9,0.37,0.23,9.5,0.057,54.0,166.0,0.99568,3.23,0.42,10.0,5,0
7.3,0.26,0.32,1.2,0.041,29.0,94.0,0.98978,3.07,0.45,12.0,6,0
6.2,0.35,0.2,18.1,0.069,33.0,158.0,0.99908,3.15,0.5,8.8,6,0
6.2,0.34,0.25,12.1,0.059,33.0,171.0,0.99769,3.14,0.56,8.7,6,0
6.3,0.34,0.31,6.0,0.02,18.0,68.0,0.98981,3.22,0.29,13.4,7,0
5.9,0.26,0.24,2.4,0.046,27.0,132.0,0.99234,3.63,0.73,11.3,5,0
6.6,0.23,0.32,1.5,0.041,8.0,72.0,0.98949,3.22,0.39,12.7,6,0
6.8,0.28,0.29,11.9,0.052,51.0,149.0,0.99544,3.02,0.58,10.4,6,0
6.8,0.28,0.29,11.9,0.052,51.0,149.0,0.99544,3.02,0.58,10.4,6,0
6.2,0.3,0.3,2.5,0.041,29.0,82.0,0.99065,3.31,0.61,11.8,7,0
6.4,0.33,0.28,4.0,0.04,24.0,81.0,0.9903,3.26,0.64,12.6,7,0
7.8,0.27,0.35,1.2,0.05,36.0,140.0,0.99138,3.09,0.45,11.2,5,0
8.1,0.27,0.33,1.3,0.045,26.0,100.0,0.99066,2.98,0.44,12.4,6,0
5.9,0.32,0.2,14.4,0.05,29.0,144.0,0.99666,3.24,0.41,10.3,6,0
6.0,0.19,0.29,1.2,0.046,29.0,92.0,0.99033,3.22,0.53,11.3,6,0
6.4,0.29,0.18,15.0,0.04,21.0,116.0,0.99736,3.14,0.5,9.2,5,0
5.7,0.28,0.36,1.8,0.041,38.0,90.0,0.99002,3.27,0.98,11.9,7,0
6.8,0.26,0.26,2.0,0.019,23.5,72.0,0.99041,3.16,0.47,11.8,6,0
5.7,0.22,0.2,16.0,0.044,41.0,113.0,0.99862,3.22,0.46,8.9,6,0
6.9,0.22,0.32,5.8,0.041,20.0,119.0,0.99296,3.17,0.55,11.2,6,0
7.2,0.34,0.23,8.9,0.105,22.0,155.0,0.99692,3.01,0.58,9.5,5,0
6.7,0.41,0.24,5.4,0.035,33.0,115.0,0.9901,3.12,0.44,12.8933333333333,7,0
8.4,0.27,0.3,2.2,0.037,36.0,129.0,0.99085,2.89,0.3,11.4666666666667,6,0
5.9,0.28,0.34,3.6,0.04,50.0,194.0,0.9912,3.31,0.52,11.6,6,0
7.3,0.28,0.35,1.6,0.054,31.0,148.0,0.99178,3.18,0.47,10.7,5,0
6.2,0.24,0.27,2.9,0.039,30.0,123.0,0.98959,3.12,0.37,12.8,6,0
6.4,0.29,0.21,9.65,0.041,36.0,119.0,0.99334,2.99,0.34,10.9333333333333,6,0
7.1,0.23,0.23,3.5,0.038,23.0,112.0,0.99157,3.05,0.37,11.3666666666667,6,0
6.1,0.22,0.5,6.6,0.045,30.0,122.0,0.99415,3.22,0.49,9.9,6,0
6.1,0.31,0.34,2.8,0.042,59.5,162.0,0.99179,3.27,0.47,10.8,6,0
6.5,0.29,0.3,9.15,0.051,25.0,166.0,0.99339,3.24,0.56,11.3333333333333,6,0
7.2,0.47,0.16,5.9,0.048,14.0,125.0,0.99428,3.09,0.49,9.8,5,0
6.3,0.3,0.19,7.7,0.049,47.0,184.0,0.99514,3.22,0.48,9.5,5,0
6.6,0.18,0.26,17.3,0.051,17.0,149.0,0.9984,3.0,0.43,9.4,6,0
7.1,0.36,0.2,1.6,0.271,24.0,140.0,0.99356,3.11,0.63,9.8,5,0
5.7,0.22,0.33,1.9,0.036,37.0,110.0,0.98945,3.26,0.58,12.4,6,0
6.4,0.32,0.26,7.9,0.05,53.0,180.0,0.99514,3.14,0.5,9.6,5,0
6.8,0.2,0.25,6.2,0.052,22.0,106.0,0.9935,3.09,0.54,10.8,5,0
7.1,0.25,0.31,2.3,0.05,32.0,156.0,0.9914,3.14,0.51,11.4,6,0
6.6,0.19,0.28,1.1,0.044,38.0,100.0,0.9904,3.22,0.69,11.2,6,0
6.7,0.23,0.17,1.3,0.061,14.0,100.0,0.9925,3.07,0.55,9.5,5,0
6.3,0.36,0.2,2.0,0.048,48.0,191.0,0.9929,3.17,0.51,9.6,5,0
6.7,0.18,0.25,14.3,0.048,79.0,149.0,0.9975,3.12,0.37,9.7,5,0
7.3,0.28,0.54,12.9,0.049,62.0,162.5,0.9984,3.06,0.45,9.1,6,0
8.3,0.14,0.36,8.8,0.026,13.0,60.0,0.9956,3.13,0.35,11.05,5,0
6.1,0.35,0.24,2.3,0.034,25.0,133.0,0.9906,3.34,0.59,12.0,7,0
5.9,0.3,0.29,1.1,0.036,23.0,56.0,0.9904,3.19,0.38,11.3,5,0
8.0,0.33,0.35,10.0,0.035,22.0,108.0,0.99457,3.12,0.36,11.6,6,0
6.4,0.33,0.3,7.2,0.041,42.0,168.0,0.99331,3.22,0.49,11.1,6,0
6.7,0.45,0.3,5.3,0.036,27.0,165.0,0.99122,3.12,0.46,12.2,6,0
6.7,0.66,0.0,13.0,0.033,32.0,75.0,0.99551,3.15,0.5,10.7,6,0
8.3,0.22,0.34,1.1,0.043,20.0,116.0,0.9927,3.0,0.47,10.2,6,0
6.9,0.29,0.32,5.8,0.04,16.0,112.0,0.993,3.04,0.58,11.2,5,0
5.8,0.27,0.2,7.3,0.04,42.0,145.0,0.99442,3.15,0.48,9.8,5,0
5.8,0.345,0.15,10.8,0.033,26.0,120.0,0.99494,3.25,0.49,10.0,6,0
6.5,0.51,0.25,1.7,0.048,39.0,177.0,0.99212,3.28,0.57,10.6,5,0
6.7,0.61,0.21,1.65,0.117,40.0,240.0,0.9938,3.11,0.57,9.3,5,0
6.0,0.29,0.41,10.8,0.048,55.0,149.0,0.9937,3.09,0.59,10.9666666666667,7,0
4.9,0.335,0.14,1.3,0.036,69.0,168.0,0.99212,3.47,0.46,10.4666666666667,5,0
6.8,0.3,0.33,12.8,0.041,60.0,168.0,0.99659,3.1,0.56,9.8,5,0
5.4,0.33,0.31,4.0,0.03,27.0,108.0,0.99031,3.3,0.43,12.2,7,0
6.4,0.28,0.28,3.0,0.04,19.0,98.0,0.99216,3.25,0.47,11.1,6,0
5.3,0.31,0.38,10.5,0.031,53.0,140.0,0.99321,3.34,0.46,11.7,6,0
6.1,0.26,0.25,2.9,0.047,289.0,440.0,0.99314,3.44,0.64,10.5,3,1
6.6,0.17,0.26,7.4,0.052,45.0,128.0,0.99388,3.16,0.37,10.0,6,0
6.4,0.28,0.45,8.6,0.057,47.0,223.0,0.99654,3.16,0.51,9.1,5,0
5.0,0.27,0.4,1.2,0.076,42.0,124.0,0.99204,3.32,0.47,10.1,6,0
5.8,0.27,0.4,1.2,0.076,47.0,130.0,0.99185,3.13,0.45,10.3,6,0
6.4,0.31,0.31,12.9,0.045,55.0,161.0,0.99546,3.02,0.59,10.2,5,0
5.9,0.32,0.19,14.5,0.042,37.0,115.0,0.99684,3.16,0.43,10.3,5,0
6.0,0.2,0.33,1.1,0.039,45.0,126.0,0.99051,3.31,0.45,11.6,7,0
6.4,0.105,0.29,1.1,0.035,44.0,140.0,0.99142,3.17,0.55,10.7,7,0
5.1,0.26,0.34,6.4,0.034,26.0,99.0,0.99449,3.23,0.41,9.2,6,0
6.1,0.41,0.2,12.6,0.032,54.0,136.0,0.99516,2.91,0.43,10.6,6,0
6.0,0.27,0.4,1.7,0.021,18.0,82.0,0.9891,3.24,0.95,13.1333333333333,6,0
5.2,0.405,0.15,1.45,0.038,10.0,44.0,0.99125,3.52,0.4,11.6,4,0
7.0,0.36,0.35,2.5,0.048,67.0,161.0,0.99146,3.05,0.56,11.1,6,0
5.2,0.25,0.23,1.4,0.047,20.0,77.0,0.99001,3.32,0.62,11.4,5,0
6.4,0.35,0.51,7.8,0.055,53.0,177.0,0.99502,3.12,0.45,9.6,5,0
6.0,0.52,0.33,7.7,0.046,24.0,119.0,0.99224,3.04,0.38,11.0,6,0
5.0,0.2,0.4,1.9,0.015,20.0,98.0,0.9897,3.37,0.55,12.05,6,0
7.4,0.22,0.26,1.2,0.035,18.0,97.0,0.99245,3.12,0.41,9.7,6,0
5.9,0.54,0.0,0.8,0.032,12.0,82.0,0.99286,3.25,0.36,8.8,5,0
6.6,0.34,0.4,8.1,0.046,68.0,170.0,0.99494,3.15,0.5,9.55,6,0
6.2,0.21,0.28,5.7,0.028,45.0,121.0,0.99168,3.21,1.08,12.15,7,0
