1,1,1,15,1,1,1,13,27,10,4,1,0,0,1,0,0,20,0,0,6,6,5,13.2,0,0,6,7,0,0.0,0,15.5,2.8,-4.06,Dropout
1,1,1,9,1,1,1,1,1,5,7,0,0,0,0,1,0,18,0,0,5,9,3,11.333333333333334,0,0,5,8,2,13.5,0,8.9,1.4,3.51,Enrolled
1,1,1,15,1,1,1,1,14,8,8,1,0,0,1,0,1,20,0,0,6,11,4,14.0,0,0,6,12,3,11.0,0,9.4,-0.8,-3.12,Enrolled
2,4,1,11,1,3,1,1,3,5,4,0,0,0,1,0,0,39,0,0,6,10,0,0.0,0,0,6,6,0,0.0,0,12.4,0.5,1.79,Dropout
1,12,1,8,1,15,1,3,3,3,3,1,0,0,1,0,0,27,0,0,6,9,5,13.0,0,5,11,13,10,12.9,0,12.4,0.5,1.79,Dropout
1,1,3,2,1,1,1,23,27,5,10,1,0,0,1,0,0,18,0,0,0,0,0,0.0,0,0,0,0,0,0.0,0,7.6,2.6,0.32,Enrolled
1,8,4,15,1,1,1,1,14,10,9,1,0,1,1,1,1,19,0,0,6,6,6,13.666666666666666,0,0,6,6,6,13.333333333333334,0,8.9,1.4,3.51,Graduate
2,12,1,3,0,1,1,22,14,10,10,0,0,0,1,0,0,44,0,2,8,11,8,11.875,0,0,6,7,6,12.333333333333334,0,12.7,3.7,-1.7,Graduate
1,1,5,12,1,1,1,22,27,8,8,1,0,0,1,0,1,18,0,0,7,7,7,13.75,0,0,8,9,8,14.47777777777778,0,12.4,0.5,1.79,Graduate
1,8,2,16,1,1,1,13,1,10,4,1,0,0,1,0,0,20,0,0,7,12,6,11.666666666666666,0,0,7,10,3,13.0,0,16.2,0.3,-0.92,Enrolled
1,1,1,15,1,1,1,1,1,20,39,0,0,1,1,0,1,18,0,0,6,6,6,14.833333333333334,0,0,6,6,6,14.833333333333334,0,8.9,1.4,3.51,Graduate
1,1,2,12,1,1,1,13,1,5,8,0,0,0,1,0,1,20,0,0,7,9,5,13.188,0,0,8,9,7,12.892857142857142,0,11.1,0.6,2.02,Enrolled
1,14,1,16,1,1,1,3,27,3,6,1,0,0,1,0,0,21,0,0,6,10,3,12.666666666666666,0,0,6,12,3,10.0,0,9.4,-0.8,-3.12,Dropout
1,1,1,14,1,1,1,13,1,5,2,0,0,0,1,0,0,19,0,0,6,6,6,13.166666666666666,0,0,6,9,6,13.0,0,10.8,1.4,1.74,Dropout
1,13,1,3,0,1,1,13,2,5,7,0,0,0,1,0,0,26,0,0,6,10,3,11.666666666666666,0,0,6,8,5,12.0,0,9.4,-0.8,-3.12,Graduate
1,14,1,10,1,1,1,1,27,6,10,0,0,1,0,0,0,21,0,5,10,18,8,11.5,0,0,6,12,4,10.0,0,9.4,-0.8,-3.12,Enrolled
1,8,4,5,1,1,1,1,3,5,2,1,0,0,1,0,0,20,0,0,6,7,6,11.5,0,0,6,6,6,12.0,0,16.2,0.3,-0.92,Graduate
1,1,4,12,1,1,1,23,28,10,9,1,0,0,1,0,0,18,0,0,8,8,7,12.242857142857144,0,0,8,8,7,12.242857142857144,0,12.7,3.7,-1.7,Graduate
1,12,1,17,0,15,1,13,1,4,5,1,0,0,1,0,0,27,0,0,5,0,0,0.0,0,0,5,0,0,0.0,0,8.9,1.4,3.51,Dropout
1,14,1,8,1,1,1,1,3,10,3,1,0,0,1,0,1,20,0,0,6,8,6,15.625,0,0,6,8,6,15.857142857142858,0,13.9,-0.3,0.79,Graduate
1,12,1,3,0,1,1,1,14,6,5,0,0,0,1,0,1,27,0,0,6,16,1,10.0,0,0,6,13,0,0.0,0,8.9,1.4,3.51,Dropout
2,4,1,17,0,17,1,25,5,4,4,0,0,0,1,0,0,33,0,2,6,7,6,15.333333333333334,0,0,5,5,5,15.8,0,11.1,0.6,2.02,Graduate
1,1,2,9,1,1,1,22,14,6,6,1,0,0,1,0,1,20,0,0,5,5,5,11.6,0,0,5,5,5,13.6,0,12.4,0.5,1.79,Graduate
1,12,1,9,1,1,1,22,1,10,2,0,0,0,0,0,0,25,0,0,5,5,0,0.0,0,0,5,9,0,0.0,0,10.8,1.4,1.74,Dropout
1,1,1,15,1,1,1,22,27,10,9,1,0,0,1,0,0,18,0,0,6,12,1,11.0,0,0,6,12,0,0.0,0,9.4,-0.8,-3.12,Enrolled
1,14,1,10,1,1,1,1,1,4,2,1,0,1,0,0,0,22,0,6,10,16,6,11.833333333333334,0,2,7,8,2,13.0,0,16.2,0.3,-0.92,Dropout
1,1,1,11,1,1,1,22,28,10,8,0,0,0,1,0,1,20,0,0,6,8,6,11.166666666666666,0,0,6,10,5,10.6,0,15.5,2.8,-4.06,Graduate
1,1,1,10,1,1,1,23,14,10,6,0,0,0,1,0,0,18,0,0,6,6,6,12.833333333333334,0,0,6,6,6,12.0,0,12.4,0.5,1.79,Graduate
1,1,2,9,1,1,1,1,14,10,10,1,0,0,0,0,0,20,0,0,5,10,2,10.0,0,0,5,12,1,13.0,0,7.6,2.6,0.32,Dropout
1,1,1,12,1,1,1,13,14,6,6,1,0,0,1,0,1,20,0,0,7,8,7,14.00375,0,0,8,11,7,13.812857142857142,0,15.5,2.8,-4.06,Graduate
1,8,4,10,1,1,1,13,14,29,29,1,0,0,1,0,1,18,0,0,6,9,6,11.666666666666666,0,0,6,8,6,11.666666666666666,0,8.9,1.4,3.51,Graduate
1,1,1,12,1,1,1,13,14,5,10,0,0,0,1,0,1,18,0,0,7,9,7,15.116666666666667,0,0,8,9,8,16.168888888888887,0,15.5,2.8,-4.06,Graduate
1,15,1,8,1,14,1,22,27,8,9,1,0,1,0,0,0,19,0,2,6,7,5,11.6,0,1,6,12,2,11.0,0,12.4,0.5,1.79,Dropout
1,8,1,8,1,1,1,2,7,4,6,0,0,0,1,0,0,18,0,0,5,9,4,11.25,0,0,5,6,4,12.5,0,7.6,2.6,0.32,Graduate
1,1,1,2,1,1,1,3,3,3,3,1,0,0,1,0,0,18,0,0,0,0,0,0.0,0,0,0,0,0,0.0,0,15.5,2.8,-4.06,Dropout
1,1,4,12,1,1,1,1,1,10,2,1,0,0,1,0,0,19,0,0,7,8,5,13.98,0,0,7,8,5,13.98,0,7.6,2.6,0.32,Enrolled
1,1,1,16,1,1,1,23,27,29,46,1,0,0,1,0,1,19,0,0,7,8,7,13.857142857142858,0,0,7,8,6,13.666666666666666,0,8.9,1.4,3.51,Graduate
1,1,1,10,1,1,1,23,28,6,8,0,0,0,1,0,0,19,0,0,6,13,3,10.333333333333334,0,0,6,12,3,10.333333333333334,0,7.6,2.6,0.32,Enrolled
1,8,2,6,1,1,1,1,1,10,11,0,0,0,0,0,0,20,0,0,5,8,2,10.5,0,0,5,8,2,12.333333333333334,0,7.6,2.6,0.32,Dropout
1,15,1,6,1,14,1,23,27,5,7,1,0,0,1,0,1,22,0,3,6,11,6,13.142857142857142,0,2,6,10,3,12.0,0,13.9,-0.3,0.79,Graduate
1,8,1,10,1,1,1,1,14,5,5,0,0,0,1,0,0,19,0,0,6,6,6,14.666666666666666,0,0,6,7,6,14.571428571428571,0,15.5,2.8,-4.06,Graduate
4,12,1,6,1,1,1,19,24,1,1,0,0,0,1,0,0,25,0,0,5,5,0,0.0,0,0,5,5,0,0.0,0,7.6,2.6,0.32,Dropout
1,15,1,6,1,14,1,1,2,5,7,1,0,0,1,0,0,29,0,0,6,0,0,0.0,0,0,6,0,0,0.0,0,15.5,2.8,-4.06,Dropout
1,8,2,9,1,1,1,23,28,7,9,1,0,0,1,0,1,19,0,0,5,6,5,13.4,0,0,5,5,5,12.4,0,12.4,0.5,1.79,Graduate
2,12,1,12,1,12,1,22,27,10,10,1,0,0,1,0,0,36,0,0,7,7,6,11.3,0,0,7,7,6,11.3,0,7.6,2.6,0.32,Graduate
1,8,1,14,1,1,1,13,14,2,2,0,0,0,1,0,0,18,0,0,5,5,4,11.0,0,0,5,5,4,11.0,0,9.4,-0.8,-3.12,Graduate
1,14,1,3,0,1,1,3,3,3,4,0,0,0,1,0,0,27,0,7,10,10,9,11.444444444444445,0,4,11,11,5,10.8,0,10.8,1.4,1.74,Dropout
1,8,1,10,1,1,1,22,27,5,10,1,0,0,1,0,1,18,0,0,6,10,5,10.571428571428571,1,0,6,9,5,12.2,0,12.7,3.7,-1.7,Graduate
1,12,2,14,1,1,1,19,24,1,1,0,0,0,1,0,0,28,0,0,5,6,4,12.5,0,0,5,7,4,11.75,0,7.6,2.6,0.32,Graduate
2,12,1,4,1,1,1,22,14,10,5,0,0,0,1,0,0,50,0,0,6,7,6,12.5,0,0,6,15,5,12.4,0,8.9,1.4,3.51,Graduate
1,8,1,14,1,1,1,13,27,10,9,1,0,0,1,1,0,22,0,0,6,0,0,0.0,0,0,6,0,0,0.0,0,13.9,-0.3,0.79,Dropout
1,8,2,7,1,1,1,13,1,10,11,1,0,0,1,1,1,18,0,0,5,6,5,13.2,0,0,5,8,5,12.6,0,8.9,1.4,3.51,Enrolled
1,1,1,14,1,1,1,23,14,6,7,0,0,1,1,1,0,22,0,0,6,8,6,12.625,0,0,6,11,2,14.5,0,11.1,0.6,2.02,Enrolled
1,8,2,9,1,1,1,1,1,5,5,0,0,0,1,1,0,20,0,0,5,14,0,0.0,0,0,5,5,0,0.0,0,11.1,0.6,2.02,Dropout
1,8,1,11,1,1,1,22,27,8,8,0,0,0,1,0,0,19,0,0,6,8,5,11.8,0,0,6,8,5,11.6,0,10.8,1.4,1.74,Graduate
4,12,1,16,1,1,1,22,1,10,11,0,0,1,0,0,0,31,0,0,7,8,6,12.666666666666666,0,0,7,9,5,12.6,0,8.9,1.4,3.51,Dropout
1,8,1,4,1,1,1,23,27,10,10,1,0,0,1,0,0,21,0,12,18,22,18,11.88888888888889,1,11,13,13,13,11.461538461538462,0,15.5,2.8,-4.06,Graduate
1,8,1,10,1,1,1,13,1,6,1,1,0,0,1,0,0,18,0,0,6,8,6,15.375,0,0,6,7,6,16.428571428571427,0,16.2,0.3,-0.92,Graduate
1,15,1,10,1,14,1,23,28,7,10,1,0,0,1,0,1,19,0,3,6,7,5,12.2,0,2,6,6,6,11.5,0,13.9,-0.3,0.79,Graduate
1,1,3,14,1,1,1,22,27,1,1,1,0,0,1,0,0,18,0,0,5,7,3,12.0,0,0,5,7,4,13.25,1,7.6,2.6,0.32,Graduate
1,8,1,16,1,1,1,22,27,10,10,1,0,0,1,0,0,23,0,0,6,11,2,10.0,0,0,6,15,2,11.0,0,7.6,2.6,0.32,Dropout
1,8,4,5,1,1,1,1,14,6,8,1,0,0,1,0,0,18,0,0,6,6,6,14.0,0,0,6,6,6,15.0,0,11.1,0.6,2.02,Graduate
4,12,1,4,1,12,1,22,27,10,10,0,0,0,1,1,0,49,0,6,12,17,7,12.0,0,3,12,19,9,11.22222222222222,0,15.5,2.8,-4.06,Graduate
1,12,1,3,0,1,1,22,9,10,8,0,0,1,0,1,0,50,0,0,6,6,0,0.0,0,0,5,6,0,0.0,0,12.4,0.5,1.79,Dropout
1,1,1,2,1,1,1,13,28,10,6,1,0,0,1,1,0,22,0,0,0,0,0,0.0,0,0,0,0,0,0.0,0,7.6,2.6,0.32,Graduate
1,4,3,8,1,3,1,22,18,12,11,0,0,0,0,1,0,41,0,0,5,9,0,0.0,4,0,5,9,0,0.0,3,10.8,1.4,1.74,Dropout
1,1,2,2,1,1,14,13,1,5,8,1,0,0,1,1,0,20,1,0,0,0,0,0.0,0,0,0,0,0,0.0,0,7.6,2.6,0.32,Graduate
1,14,1,14,1,1,1,3,2,3,3,1,0,0,1,1,0,18,0,0,6,13,4,13.75,0,0,6,8,5,11.2,0,13.9,-0.3,0.79,Enrolled
1,15,1,4,1,14,1,2,1,5,7,0,0,0,1,1,0,21,0,0,6,12,5,12.142857142857142,0,0,6,11,5,11.666666666666666,0,13.9,-0.3,0.79,Graduate
1,12,1,17,0,1,1,1,14,5,9,0,0,0,1,1,0,27,0,0,5,8,4,11.5,0,0,5,9,3,10.333333333333334,0,12.7,3.7,-1.7,Dropout
1,8,6,15,1,1,1,1,14,6,6,1,0,0,1,0,0,18,0,0,6,0,0,0.0,0,0,6,0,0,0.0,0,12.4,0.5,1.79,Dropout
1,1,1,6,1,1,1,3,1,3,9,1,0,0,1,0,0,19,0,0,6,13,4,11.8,0,0,6,18,4,12.2,0,12.4,0.5,1.79,Enrolled
1,8,3,2,1,1,1,13,1,6,5,1,0,0,1,0,1,20,0,0,0,0,0,0.0,0,0,0,0,0,0.0,0,12.7,3.7,-1.7,Graduate
1,9,3,12,1,1,1,1,1,5,9,1,0,0,1,0,0,18,0,0,7,8,7,13.087142857142856,0,0,8,8,8,12.95,0,11.1,0.6,2.02,Graduate
1,8,4,9,1,1,1,13,14,6,6,1,0,0,1,0,0,19,0,0,5,7,5,13.6,0,0,5,6,5,12.2,0,8.9,1.4,3.51,Graduate
1,8,2,12,1,1,1,13,27,4,6,1,0,0,0,0,1,20,0,0,7,7,7,13.462857142857144,0,0,8,10,7,13.164285714285716,0,11.1,0.6,2.02,Enrolled
1,1,3,5,1,1,1,1,3,10,8,1,0,0,1,0,1,18,0,0,6,6,6,15.833333333333334,0,0,6,6,6,15.333333333333334,0,11.1,0.6,2.02,Graduate
1,12,1,8,1,1,1,3,24,4,1,0,0,1,0,1,0,29,0,0,5,11,0,0.0,4,0,5,6,0,0.0,1,9.4,-0.8,-3.12,Dropout
1,1,2,14,1,1,1,13,14,8,11,0,0,0,1,1,0,19,0,0,5,7,3,12.333333333333334,0,0,5,5,5,11.6,0,9.4,-0.8,-3.12,Graduate
1,15,1,5,1,14,1,13,1,10,4,1,0,0,1,1,0,23,0,2,7,8,5,12.2,0,5,9,10,7,12.142857142857142,1,16.2,0.3,-0.92,Dropout
1,1,2,15,1,1,1,1,14,10,10,1,0,0,1,0,0,18,0,0,6,6,6,14.0,0,0,6,6,6,14.666666666666666,0,10.8,1.4,1.74,Graduate
1,14,2,10,1,1,1,23,28,6,6,0,0,0,1,0,1,19,0,0,6,8,6,11.428571428571429,0,0,6,11,5,11.2,0,10.8,1.4,1.74,Graduate
1,1,1,2,1,1,1,23,14,8,11,0,0,0,1,0,0,20,0,0,0,0,0,0.0,0,0,0,0,0,0.0,0,15.5,2.8,-4.06,Dropout
1,1,1,16,1,1,1,22,27,10,6,0,0,0,1,0,0,18,0,0,6,6,6,13.166666666666666,0,0,6,6,6,13.333333333333334,0,7.6,2.6,0.32,Graduate
1,8,6,10,1,1,1,1,3,5,3,1,0,0,1,0,0,18,0,0,6,8,4,11.75,0,0,6,8,4,12.25,0,9.4,-0.8,-3.12,Dropout
2,4,1,14,1,3,1,22,27,8,8,0,0,0,1,0,0,32,0,4,11,15,8,13.6,0,2,8,10,8,15.11111111111111,0,13.9,-0.3,0.79,Graduate
1,8,4,14,1,1,1,1,1,5,12,1,0,0,1,1,0,19,0,0,5,6,3,13.333333333333334,0,0,5,5,1,11.0,0,7.6,2.6,0.32,Dropout
1,1,1,8,1,1,1,3,1,3,5,0,0,0,1,1,0,18,0,0,5,7,3,13.666666666666666,0,0,5,5,5,13.2,0,7.6,2.6,0.32,Graduate
1,15,1,4,1,14,1,4,1,3,9,0,0,0,1,1,0,21,0,0,6,9,5,13.4,0,0,6,9,5,12.4,0,8.9,1.4,3.51,Graduate
1,8,3,7,1,1,1,1,14,10,4,1,0,1,0,1,0,18,0,0,5,10,3,12.0,0,0,5,8,3,10.333333333333334,0,8.9,1.4,3.51,Enrolled
1,8,1,12,1,1,1,1,3,10,3,1,0,0,1,0,0,18,0,0,7,7,7,14.728571428571428,0,0,8,11,8,16.327272727272728,0,16.2,0.3,-0.92,Graduate
1,12,1,3,0,1,1,22,27,10,9,0,0,0,1,0,1,33,0,0,6,6,6,14.166666666666666,0,0,6,6,6,14.333333333333334,0,12.7,3.7,-1.7,Graduate
1,8,3,14,1,1,1,1,28,4,4,1,0,0,1,0,0,18,0,0,6,8,6,13.875,0,0,6,7,6,13.714285714285714,0,11.1,0.6,2.02,Graduate
1,15,1,9,1,14,1,13,1,5,10,1,0,0,1,0,0,21,0,4,7,10,6,11.333333333333334,0,1,5,6,5,11.2,0,11.1,0.6,2.02,Graduate
1,4,1,17,0,15,1,1,14,5,10,0,0,0,1,0,0,24,0,0,5,5,0,0.0,0,0,5,6,0,0.0,0,12.4,0.5,1.79,Dropout
1,1,1,12,1,1,1,1,14,10,7,1,0,0,1,0,1,20,0,0,7,8,6,12.396666666666668,0,0,8,9,7,12.94285714285714,0,11.1,0.6,2.02,Graduate
1,17,1,10,1,16,1,1,14,6,6,0,0,1,0,0,0,23,0,5,9,12,7,13.571428571428571,0,4,9,14,4,13.25,0,8.9,1.4,3.51,Dropout
1,12,1,3,0,1,1,22,9,10,11,0,0,0,1,0,0,27,0,0,6,8,5,11.0,0,0,6,7,6,11.166666666666666,0,11.1,0.6,2.02,Graduate
1,1,1,16,1,1,1,13,1,6,11,1,0,1,1,0,0,18,0,0,6,9,5,13.6,0,0,6,10,4,11.75,0,9.4,-0.8,-3.12,Enrolled
1,14,1,12,1,1,1,1,14,10,9,1,0,0,1,0,0,20,0,0,7,8,7,13.1,0,0,8,8,8,14.8125,0,13.9,-0.3,0.79,Graduate
1,1,1,5,1,1,1,1,14,5,1,0,1,0,1,0,1,20,0,0,6,6,6,13.166666666666666,0,0,6,6,6,12.666666666666666,0,11.1,0.6,2.02,Graduate
1,8,2,16,1,1,1,1,1,5,1,1,0,0,1,0,0,18,0,0,7,11,5,11.4,0,0,7,9,6,13.333333333333334,0,13.9,-0.3,0.79,Enrolled
1,8,3,12,1,1,1,13,1,10,10,1,0,0,1,0,1,19,0,0,7,7,7,13.308571428571428,0,0,8,10,8,12.55,0,12.4,0.5,1.79,Graduate
1,1,3,12,1,1,1,13,27,8,8,1,0,0,1,0,1,18,0,0,8,8,8,13.05875,0,0,8,8,8,13.05875,0,9.4,-0.8,-3.12,Graduate
1,15,1,2,1,14,1,22,27,6,7,0,0,0,0,0,0,26,0,4,9,9,4,11.25,0,3,10,12,3,11.0,0,12.4,0.5,1.79,Dropout
1,8,1,11,1,1,1,23,27,10,8,1,0,0,0,0,0,19,0,0,6,9,3,11.666666666666666,0,0,6,15,1,10.0,0,10.8,1.4,1.74,Dropout
1,7,4,11,1,1,1,23,27,10,8,1,0,0,1,0,1,21,0,0,6,7,6,13.571428571428571,0,0,6,6,6,12.5,0,8.9,1.4,3.51,Graduate
1,12,1,17,0,12,1,22,27,10,10,0,0,0,1,0,0,41,0,0,5,8,5,11.0,0,0,5,6,5,11.8,1,7.6,2.6,0.32,Graduate
1,1,3,12,1,1,1,13,14,6,6,1,0,0,1,0,0,19,0,0,7,9,7,12.60625,0,0,8,12,6,11.9,0,12.4,0.5,1.79,Graduate
1,4,1,11,1,15,1,1,1,4,7,0,0,0,1,0,0,39,0,12,13,14,13,13.76923076923077,0,9,12,16,12,14.583333333333334,0,13.9,-0.3,0.79,Graduate
1,8,1,16,1,1,1,13,14,5,8,1,0,0,1,0,0,18,0,0,7,9,6,11.5,0,0,7,8,7,12.714285714285714,0,13.9,-0.3,0.79,Enrolled
2,12,2,9,1,1,1,13,27,10,8,0,0,1,0,0,0,29,0,0,5,8,3,10.666666666666666,0,0,5,14,2,14.8,0,10.8,1.4,1.74,Dropout
4,12,1,12,1,12,1,23,1,10,5,0,0,0,1,0,1,35,0,0,8,9,8,13.63,1,0,8,9,8,13.63,1,9.4,-0.8,-3.12,Graduate
1,15,1,4,1,14,1,23,27,10,10,1,0,0,1,1,0,20,0,0,6,8,6,13.125,0,0,6,10,6,13.2,0,16.2,0.3,-0.92,Graduate
1,1,1,14,1,1,1,3,1,5,5,0,0,0,1,1,0,19,0,0,6,7,0,0.0,0,0,6,6,0,0.0,0,15.5,2.8,-4.06,Dropout
1,13,1,6,1,14,1,13,3,10,2,1,0,0,1,0,0,21,0,2,6,14,5,13.666666666666666,0,2,6,10,5,13.0,0,16.2,0.3,-0.92,Graduate
2,14,1,17,0,1,1,22,27,5,10,0,0,0,0,0,0,31,0,2,6,10,4,11.75,0,0,5,6,1,10.0,0,12.7,3.7,-1.7,Dropout
1,1,3,10,1,1,1,1,1,4,4,1,0,0,1,0,0,20,0,0,6,9,5,11.8,0,0,6,7,6,11.5,0,7.6,2.6,0.32,Graduate
1,1,2,15,1,1,1,13,14,10,10,0,0,0,1,1,0,19,0,0,6,0,0,0.0,0,0,6,0,0,0.0,0,12.4,0.5,1.79,Dropout
1,9,2,12,1,1,1,23,27,10,6,1,0,0,1,0,1,18,0,0,8,8,7,11.785714285714286,0,0,8,8,7,11.785714285714286,0,12.7,3.7,-1.7,Graduate
1,1,1,14,1,1,1,23,28,10,11,0,0,0,1,0,0,20,0,0,6,8,6,12.5,0,0,6,10,5,14.166666666666666,0,11.1,0.6,2.02,Graduate
1,8,2,12,1,1,1,13,27,10,8,1,0,0,1,0,1,20,0,0,8,8,7,12.464285714285714,0,0,8,8,7,12.464285714285714,0,10.8,1.4,1.74,Graduate
1,1,3,15,1,1,4,13,14,5,10,1,0,0,1,1,1,18,1,0,6,7,6,13.5,0,0,6,7,6,13.0,0,16.2,0.3,-0.92,Graduate
1,1,1,7,1,1,1,13,14,5,5,0,0,0,1,1,1,18,0,0,5,6,5,17.333333333333332,0,0,5,8,5,18.571428571428573,0,12.4,0.5,1.79,Graduate
1,1,2,15,1,1,1,1,14,8,8,1,0,0,1,0,1,19,0,0,6,7,6,14.714285714285714,0,0,6,6,6,15.0,0,13.9,-0.3,0.79,Graduate
1,1,3,15,1,1,1,13,14,10,10,1,0,0,1,0,0,18,0,0,6,6,6,12.666666666666666,0,0,6,7,6,12.833333333333334,0,12.7,3.7,-1.7,Graduate
1,1,4,12,1,1,1,3,29,3,4,1,0,0,1,0,0,18,0,0,7,8,7,12.65,0,0,8,9,8,13.411111111111111,0,16.2,0.3,-0.92,Dropout
1,8,2,12,1,1,1,13,27,10,8,1,0,0,1,0,0,20,0,0,7,8,6,14.37,0,0,8,10,7,14.65,0,12.4,0.5,1.79,Graduate
1,1,1,6,1,1,1,1,27,5,10,1,0,0,1,0,0,21,0,0,6,12,4,12.5,0,0,6,13,2,12.666666666666666,0,11.1,0.6,2.02,Enrolled
1,12,1,12,1,1,1,1,28,4,8,0,0,0,1,0,1,27,0,0,7,8,6,12.6,0,0,7,9,6,11.685714285714283,0,12.4,0.5,1.79,Enrolled
1,14,1,8,1,1,1,1,14,10,10,1,0,0,1,0,0,21,0,0,6,14,5,11.5,1,0,6,13,5,11.0,1,15.5,2.8,-4.06,Dropout
1,1,1,2,1,1,1,1,1,4,4,1,0,0,1,0,0,19,0,0,0,0,0,0.0,0,0,0,0,0,0.0,0,10.8,1.4,1.74,Graduate
1,1,2,5,1,1,1,1,14,5,4,0,0,0,1,0,0,19,0,0,6,6,6,12.166666666666666,0,0,6,6,6,11.333333333333334,0,12.7,3.7,-1.7,Graduate
1,12,1,15,1,1,1,19,27,1,1,0,0,0,1,0,0,26,0,0,6,8,4,11.75,0,0,6,12,0,0.0,0,7.6,2.6,0.32,Dropout
1,12,1,11,1,12,1,13,1,10,6,0,0,1,0,1,0,36,0,0,5,10,0,0.0,0,0,5,5,0,0.0,0,15.5,2.8,-4.06,Dropout
1,15,1,2,1,14,1,13,1,10,10,1,0,0,1,1,0,21,0,0,0,0,0,0.0,0,0,0,0,0,0.0,0,12.4,0.5,1.79,Graduate
1,1,1,9,1,1,1,13,14,8,4,1,0,0,1,1,0,21,0,0,5,8,3,10.0,0,0,5,10,4,11.0,0,12.7,3.7,-1.7,Dropout
1,12,1,3,0,13,1,23,27,5,9,0,0,0,1,1,0,29,0,0,6,11,6,12.0,0,0,6,6,6,14.0,0,11.1,0.6,2.02,Graduate
1,1,5,5,1,1,1,13,27,6,6,1,0,1,0,1,0,21,0,0,6,6,1,14.0,0,0,6,7,0,0.0,7,9.4,-0.8,-3.12,Dropout
1,16,1,10,1,1,1,1,1,6,10,0,0,0,1,1,0,22,0,0,6,6,0,0.0,0,0,6,7,0,0.0,0,11.1,0.6,2.02,Dropout
1,1,1,8,1,1,1,1,1,4,10,1,0,0,1,0,0,20,0,0,6,11,6,13.333333333333334,0,0,6,10,6,13.0,0,16.2,0.3,-0.92,Enrolled
1,1,2,11,1,1,1,23,28,10,8,1,0,0,1,0,1,18,0,0,6,8,6,12.285714285714286,0,0,6,9,5,12.4,0,8.9,1.4,3.51,Graduate
1,15,1,9,1,14,9,2,27,3,9,0,0,1,0,1,0,25,1,0,5,6,0,0.0,0,0,5,5,0,0.0,0,15.5,2.8,-4.06,Dropout
1,7,2,10,1,1,1,13,27,10,8,1,0,0,1,0,1,19,0,0,6,8,4,11.25,0,0,6,6,6,12.0,0,10.8,1.4,1.74,Graduate
1,1,2,15,1,1,1,22,27,10,10,1,0,0,1,0,1,19,0,0,6,11,4,11.0,0,0,6,11,3,11.666666666666666,0,9.4,-0.8,-3.12,Enrolled
1,14,1,17,0,1,1,1,1,7,7,0,0,0,1,1,0,34,0,0,5,5,5,13.8,0,0,5,6,5,13.833333333333334,0,9.4,-0.8,-3.12,Graduate
1,1,2,11,1,1,1,4,14,5,4,1,0,0,0,1,0,18,0,0,5,6,0,0.0,0,0,5,5,0,0.0,0,12.7,3.7,-1.7,Dropout
1,1,1,2,1,1,1,1,1,5,2,1,0,0,1,1,0,20,0,0,0,0,0,0.0,0,0,0,0,0,0.0,0,10.8,1.4,1.74,Dropout
1,15,1,4,1,14,1,3,3,8,2,1,0,0,1,1,0,20,0,0,6,12,4,11.6,0,0,6,11,5,11.5,0,15.5,2.8,-4.06,Enrolled
1,12,1,17,0,1,1,22,27,10,6,1,0,1,1,1,0,33,0,0,5,11,2,12.5,0,0,5,9,2,11.5,1,12.7,3.7,-1.7,Dropout
1,8,1,14,1,1,1,1,27,5,10,1,0,0,1,0,1,25,0,0,6,8,6,11.285714285714286,0,0,6,10,5,12.2,0,15.5,2.8,-4.06,Enrolled
1,1,1,15,1,1,1,1,3,10,10,0,0,0,1,1,0,20,0,0,6,8,6,11.5,0,0,6,8,6,11.0,0,16.2,0.3,-0.92,Graduate
1,14,1,13,1,1,1,1,27,6,6,1,0,0,1,1,0,20,0,0,7,8,7,13.585714285714284,0,0,8,8,8,14.6875,0,15.5,2.8,-4.06,Graduate
2,12,1,12,1,1,1,22,27,29,42,0,0,0,1,0,0,35,0,0,7,11,5,13.34,0,0,7,9,5,10.84,0,12.4,0.5,1.79,Enrolled
1,8,1,11,1,1,1,1,1,5,9,1,0,0,0,1,0,22,0,0,1,1,0,0.0,0,0,6,0,0,0.0,0,12.4,0.5,1.79,Dropout
1,1,1,14,1,1,1,13,1,8,5,0,0,0,1,1,0,21,0,0,5,7,5,11.166666666666666,0,0,5,5,4,11.0,0,9.4,-0.8,-3.12,Dropout
1,12,1,3,0,1,1,22,27,10,10,0,0,0,1,0,1,30,0,0,7,7,6,14.666666666666666,1,0,6,7,6,14.333333333333334,0,10.8,1.4,1.74,Graduate
1,8,1,9,1,1,1,1,28,7,7,1,0,1,1,1,0,18,0,0,5,9,0,0.0,0,0,5,5,0,0.0,0,7.6,2.6,0.32,Enrolled
1,6,1,1,1,1,14,2,3,3,5,0,0,0,1,1,0,20,1,0,7,10,7,12.857142857142858,0,0,7,7,4,12.75,0,8.9,1.4,3.51,Enrolled
1,8,4,6,1,1,1,22,1,4,10,0,0,0,1,0,0,20,0,0,6,9,6,13.166666666666666,0,0,6,8,4,14.0,0,13.9,-0.3,0.79,Enrolled
1,6,1,13,1,1,12,13,1,10,5,0,0,1,1,0,0,19,1,0,7,11,0,0.0,4,0,7,11,2,11.666666666666666,0,8.9,1.4,3.51,Enrolled
1,7,1,2,1,1,1,23,27,10,10,1,0,0,1,1,1,18,0,0,0,0,0,0.0,0,0,0,0,0,0.0,0,10.8,1.4,1.74,Enrolled
1,1,1,9,1,1,1,23,27,8,8,1,0,0,1,0,0,18,0,0,5,8,4,12.0,0,0,5,8,4,12.25,0,9.4,-0.8,-3.12,Enrolled
1,1,1,15,1,1,1,13,1,10,10,0,0,0,1,1,1,18,0,0,6,7,6,15.571428571428571,0,0,6,7,6,16.142857142857142,0,13.9,-0.3,0.79,Graduate
1,1,6,12,1,1,1,4,3,3,2,1,0,0,1,1,0,18,0,0,8,9,8,12.8875,1,0,8,9,8,12.8875,1,9.4,-0.8,-3.12,Graduate
1,7,5,6,1,1,1,13,27,9,9,1,0,0,1,1,0,18,0,0,5,11,5,13.0,2,0,5,7,5,12.4,0,9.4,-0.8,-3.12,Enrolled
2,12,1,3,0,1,1,23,27,6,4,0,0,0,1,0,1,36,0,0,6,6,6,11.833333333333334,0,0,6,6,6,11.5,0,10.8,1.4,1.74,Graduate
1,1,1,6,1,1,1,23,27,10,10,1,0,0,1,0,0,21,0,0,5,10,3,11.666666666666666,0,0,5,5,5,13.0,0,10.8,1.4,1.74,Graduate
1,13,1,16,1,1,1,1,14,5,8,0,0,0,1,0,0,24,0,9,13,17,10,11.5,0,7,13,18,9,10.444444444444445,0,16.2,0.3,-0.92,Dropout
2,12,1,17,0,9,1,22,27,10,10,1,0,0,1,1,0,52,0,0,5,5,5,13.6,0,0,5,5,5,14.2,0,7.6,2.6,0.32,Graduate
2,12,1,17,0,1,1,22,27,10,11,0,0,0,1,1,0,49,0,0,5,6,5,12.2,0,0,5,9,5,11.8,0,15.5,2.8,-4.06,Graduate
1,1,1,12,1,1,1,3,1,10,10,0,0,0,1,0,0,19,0,0,8,8,7,14.514285714285714,0,0,8,8,7,14.514285714285714,0,12.7,3.7,-1.7,Enrolled
1,1,2,6,1,1,1,23,1,10,4,1,0,0,1,0,0,20,0,0,5,11,5,12.333333333333334,2,0,5,7,5,12.6,0,9.4,-0.8,-3.12,Graduate
1,1,4,12,1,1,1,3,14,2,6,1,0,0,1,0,0,18,0,0,8,8,8,13.76125,0,0,8,8,8,13.76125,0,9.4,-0.8,-3.12,Graduate
1,8,4,12,1,1,1,1,1,5,10,1,0,0,1,0,0,18,0,0,7,7,6,12.766666666666666,0,0,7,7,6,12.766666666666666,0,7.6,2.6,0.32,Graduate
1,12,1,13,1,12,1,13,1,8,11,0,0,0,1,1,0,25,0,0,7,14,4,12.95,1,0,7,11,4,13.125,1,15.5,2.8,-4.06,Dropout
2,14,1,17,0,1,1,22,27,10,10,0,0,0,1,1,0,37,0,7,12,13,12,12.25,0,8,13,13,13,12.846153846153848,0,9.4,-0.8,-3.12,Graduate
1,1,5,12,1,1,1,1,3,10,11,1,0,0,1,1,0,18,0,0,7,10,6,12.035714285714286,0,0,8,9,7,13.75,0,13.9,-0.3,0.79,Enrolled
1,12,1,14,1,1,1,22,27,12,12,0,0,1,0,1,0,44,0,0,6,9,1,14.0,0,0,6,6,0,0.0,0,12.7,3.7,-1.7,Dropout
1,8,1,2,1,1,1,4,4,4,4,0,0,1,1,1,0,19,0,5,12,12,10,12.7,0,4,11,16,10,12.272727272727272,0,8.9,1.4,3.51,Enrolled
2,12,1,12,1,1,1,22,27,10,5,0,0,0,1,1,0,26,0,0,8,8,7,13.075714285714286,0,0,8,8,7,13.075714285714286,0,10.8,1.4,1.74,Graduate
1,14,1,12,1,1,1,13,27,27,42,1,0,0,1,0,0,21,0,0,7,12,4,13.125,0,0,7,8,6,12.333333333333334,0,13.9,-0.3,0.79,Enrolled
1,12,1,11,1,1,1,22,27,10,10,0,0,0,1,1,0,26,0,0,6,7,6,12.428571428571429,0,0,6,6,6,12.833333333333334,0,7.6,2.6,0.32,Graduate
1,1,6,12,1,1,1,1,14,4,4,1,0,0,1,0,1,19,0,0,7,7,7,12.765714285714289,0,0,8,9,8,13.544444444444444,0,12.4,0.5,1.79,Graduate
1,8,1,6,1,1,1,1,28,5,10,1,0,0,1,0,0,21,0,0,5,13,3,11.333333333333334,2,0,5,12,2,10.5,1,9.4,-0.8,-3.12,Enrolled
1,14,3,11,1,1,1,3,3,3,3,0,0,0,1,1,0,19,0,0,6,14,3,12.5,0,0,6,9,4,11.0,0,12.7,3.7,-1.7,Enrolled
1,4,1,12,1,3,1,1,1,8,11,1,0,0,0,1,0,23,0,0,7,0,0,0.0,0,0,8,0,0,0.0,0,12.7,3.7,-1.7,Dropout
4,12,2,14,1,12,1,13,1,12,12,0,0,0,0,1,0,34,0,0,6,6,0,0.0,0,0,6,9,0,0.0,0,10.8,1.4,1.74,Dropout
1,8,3,5,1,1,1,1,4,5,3,0,0,0,1,1,0,20,0,0,6,6,6,14.166666666666666,0,0,6,8,6,12.333333333333334,0,11.1,0.6,2.02,Graduate
1,1,1,12,1,1,1,13,2,10,4,1,0,0,1,0,0,19,0,0,7,7,6,12.183333333333332,0,0,7,7,6,12.183333333333332,0,7.6,2.6,0.32,Graduate
1,15,1,4,1,14,1,22,27,10,8,1,0,0,0,1,0,30,0,4,9,18,6,11.833333333333334,0,1,8,21,4,11.0,0,15.5,2.8,-4.06,Dropout
1,1,1,2,1,1,1,25,33,5,5,1,0,0,1,0,0,18,0,0,0,0,0,0.0,0,0,0,0,0,0.0,0,11.1,0.6,2.02,Graduate
1,1,1,8,1,1,1,2,16,5,4,1,0,0,1,0,0,18,0,0,5,8,4,13.5,2,0,5,9,0,0.0,3,10.8,1.4,1.74,Dropout
1,15,1,10,1,14,1,1,27,5,9,1,0,0,1,0,1,20,0,3,6,6,6,13.333333333333334,0,2,6,6,6,14.166666666666666,0,13.9,-0.3,0.79,Graduate
1,1,4,14,1,1,1,1,2,5,8,1,0,0,1,0,0,18,0,0,6,7,6,13.666666666666666,0,0,6,9,5,15.4,0,13.9,-0.3,0.79,Graduate
1,8,2,11,1,1,1,22,27,10,8,1,0,0,1,0,1,20,0,0,6,10,4,11.6,0,0,6,10,4,11.75,0,12.7,3.7,-1.7,Graduate
1,16,1,9,1,1,1,13,14,10,8,0,0,1,0,0,0,32,0,14,15,17,14,10.214285714285714,0,13,13,13,13,11.384615384615383,0,16.2,0.3,-0.92,Graduate
2,12,1,3,0,1,1,22,27,10,9,0,0,0,1,0,0,44,0,0,6,6,6,14.833333333333334,0,0,6,6,6,14.166666666666666,0,10.8,1.4,1.74,Graduate
5,12,1,16,1,12,1,23,1,6,4,0,0,1,1,0,0,33,0,0,6,7,5,13.2,0,0,6,7,5,10.6,0,7.6,2.6,0.32,Dropout
2,12,1,4,1,1,1,13,14,5,5,0,0,0,0,0,0,35,0,0,6,0,0,0.0,0,0,6,0,0,0.0,0,15.5,2.8,-4.06,Dropout
1,13,1,4,1,1,1,13,1,10,6,1,0,0,0,1,0,27,0,0,6,10,0,0.0,0,0,6,8,0,0.0,0,15.5,2.8,-4.06,Dropout
1,1,4,10,1,1,1,23,14,8,8,1,0,0,1,0,1,18,0,0,6,6,6,12.5,0,0,6,6,6,11.666666666666666,0,10.8,1.4,1.74,Graduate
1,1,1,11,1,1,2,22,1,10,4,1,0,0,1,1,0,18,1,0,6,6,6,13.666666666666666,0,0,6,6,6,13.5,0,7.6,2.6,0.32,Graduate
1,1,1,10,1,1,1,22,28,10,4,0,0,0,1,0,0,18,0,0,6,13,4,11.0,0,0,6,12,5,10.833333333333334,0,15.5,2.8,-4.06,Graduate
1,1,1,9,1,1,1,1,14,6,8,1,0,0,1,0,1,21,0,0,5,6,5,12.8,1,0,5,7,4,11.25,0,9.4,-0.8,-3.12,Graduate
1,9,4,16,1,1,1,13,28,5,11,1,0,0,1,0,0,19,0,0,6,8,5,12.666666666666666,0,0,6,8,5,11.0,0,15.5,2.8,-4.06,Enrolled
1,12,1,14,1,12,1,1,1,5,8,0,0,1,0,0,0,25,0,0,5,5,5,11.2,0,0,5,5,5,12.6,0,9.4,-0.8,-3.12,Dropout
1,4,1,12,1,3,1,3,1,5,5,0,0,0,1,0,0,26,0,0,7,0,0,0.0,0,0,8,0,0,0.0,0,13.9,-0.3,0.79,Dropout
1,9,1,3,0,1,1,1,1,5,4,0,0,1,1,0,0,20,0,0,6,13,4,10.8,0,0,6,15,4,12.0,0,16.2,0.3,-0.92,Graduate
1,7,1,5,1,1,1,1,1,4,4,1,0,0,1,0,0,18,0,0,6,6,1,15.0,0,0,6,7,4,12.5,0,9.4,-0.8,-3.12,Enrolled
1,8,1,6,1,1,1,2,14,3,10,1,0,0,1,0,0,18,0,0,5,12,2,11.5,0,0,5,12,3,11.8,2,10.8,1.4,1.74,Enrolled
1,8,2,12,1,1,1,23,1,6,8,1,0,0,1,0,1,20,0,0,7,9,6,13.766666666666666,0,0,8,9,8,13.744444444444444,0,16.2,0.3,-0.92,Dropout
1,8,5,12,1,1,1,1,1,5,6,1,0,0,1,0,1,19,0,0,7,9,7,13.507142857142856,0,0,8,12,8,13.05,0,16.2,0.3,-0.92,Graduate
1,1,1,9,1,1,1,13,14,6,9,0,0,1,0,0,1,20,0,0,5,12,2,13.0,1,0,5,13,2,11.5,0,9.4,-0.8,-3.12,Dropout
1,8,4,6,1,1,1,23,27,5,10,1,0,0,1,0,0,20,0,0,5,12,2,13.5,0,0,5,12,5,11.285714285714286,1,10.8,1.4,1.74,Graduate
1,1,2,2,1,1,1,3,1,3,4,1,0,0,1,0,0,19,0,0,0,0,0,0.0,0,0,0,0,0,0.0,0,12.7,3.7,-1.7,Graduate
1,5,1,6,1,1,1,13,14,5,6,1,0,0,1,0,0,21,0,0,5,6,5,14.2,0,0,5,5,5,14.8,0,10.8,1.4,1.74,Graduate
1,15,1,6,1,14,1,1,14,5,5,0,0,0,1,0,0,21,0,2,6,9,6,13.142857142857142,0,0,6,9,6,12.166666666666666,0,13.9,-0.3,0.79,Graduate
1,14,1,3,0,6,1,19,24,1,1,0,0,1,1,0,0,29,0,1,6,9,4,12.0,0,1,6,13,2,10.5,0,7.6,2.6,0.32,Dropout
1,1,1,5,1,1,1,13,27,5,5,0,0,0,1,0,1,18,0,1,6,8,6,12.0,1,0,6,12,5,11.142857142857142,0,13.9,-0.3,0.79,Enrolled
1,4,1,15,1,17,1,13,1,5,9,0,0,0,1,1,0,25,0,0,6,6,6,14.666666666666666,0,0,6,6,6,13.5,0,11.1,0.6,2.02,Graduate
1,1,1,2,1,1,1,3,3,3,3,1,0,0,1,1,0,18,0,0,0,0,0,0.0,0,0,0,0,0,0.0,0,16.2,0.3,-0.92,Dropout
1,1,1,2,1,1,1,13,14,5,9,1,0,0,1,1,1,21,0,0,0,0,0,0.0,0,0,0,0,0,0.0,0,12.4,0.5,1.79,Graduate
1,14,1,7,1,1,1,1,28,5,8,0,0,0,1,1,0,19,0,0,5,8,5,12.0,0,0,5,12,2,10.5,0,13.9,-0.3,0.79,Enrolled
1,4,1,4,1,3,1,24,29,10,5,0,0,0,1,1,0,50,0,2,6,8,2,13.5,0,1,6,9,1,13.0,0,15.5,2.8,-4.06,Dropout
2,4,1,17,0,3,1,19,24,13,13,1,0,0,0,1,0,33,0,0,5,5,0,0.0,0,0,5,5,0,0.0,0,7.6,2.6,0.32,Dropout
2,12,1,17,0,12,1,22,1,6,6,0,0,0,1,1,0,44,0,0,5,9,3,11.333333333333334,0,0,5,8,5,11.142857142857142,0,13.9,-0.3,0.79,Dropout
1,1,2,17,0,1,1,1,3,5,3,0,0,0,0,1,0,22,0,0,5,7,3,11.666666666666666,0,0,5,8,2,10.5,2,7.6,2.6,0.32,Dropout
1,8,1,11,1,1,1,1,1,4,4,0,0,0,1,1,1,22,0,0,6,8,6,13.625,0,0,6,8,6,14.428571428571429,0,11.1,0.6,2.02,Graduate
1,12,1,17,0,1,1,3,28,3,8,0,0,0,1,1,0,31,0,0,5,5,0,0.0,0,0,5,7,0,0.0,0,13.9,-0.3,0.79,Dropout
1,1,1,12,1,1,1,1,14,10,10,0,0,0,1,1,0,18,0,0,7,7,6,13.391666666666666,0,0,8,8,8,12.4875,0,12.4,0.5,1.79,Graduate
1,1,1,2,1,1,1,23,14,10,3,1,0,0,1,1,1,18,0,0,0,0,0,0.0,0,0,0,0,0,0.0,0,12.7,3.7,-1.7,Graduate
1,12,1,4,1,1,1,22,27,10,11,1,0,0,0,1,0,43,0,0,6,0,0,0.0,0,0,6,0,0,0.0,0,15.5,2.8,-4.06,Dropout
1,14,1,14,1,1,1,3,14,5,9,0,0,0,1,1,0,19,0,0,6,17,4,12.5,0,0,6,8,4,13.25,0,13.9,-0.3,0.79,Enrolled
1,15,1,5,1,14,1,13,28,5,1,1,0,0,1,1,0,21,0,0,6,6,6,14.5,0,0,6,8,6,11.333333333333334,0,12.4,0.5,1.79,Graduate
1,1,5,15,1,1,1,22,3,6,3,1,0,0,1,1,0,22,0,0,6,10,5,13.4,0,0,6,12,3,10.666666666666666,0,9.4,-0.8,-3.12,Enrolled
1,8,4,9,1,1,1,23,14,6,6,1,0,0,1,1,1,18,0,0,5,8,4,10.8,0,0,5,10,2,12.5,0,11.1,0.6,2.02,Dropout
1,12,1,4,1,1,1,22,27,10,10,1,0,0,1,1,0,43,0,0,6,9,6,14.77777777777778,0,0,6,11,5,12.2,0,13.9,-0.3,0.79,Graduate
1,12,2,9,1,13,1,13,28,10,10,0,0,0,0,1,0,26,0,0,4,4,0,0.0,0,0,5,0,0,0.0,0,12.7,3.7,-1.7,Dropout
1,12,1,4,1,12,1,1,14,5,11,0,0,0,1,1,0,29,0,3,9,13,6,11.666666666666666,0,2,7,10,6,10.857142857142858,0,15.5,2.8,-4.06,Dropout
1,1,1,12,1,1,1,1,14,5,8,1,0,0,1,1,0,18,0,0,7,7,7,12.444285714285714,0,0,8,11,7,11.347142857142858,0,12.4,0.5,1.79,Graduate
1,14,1,5,1,1,1,13,28,10,8,0,0,0,1,1,0,26,0,9,14,14,14,14.0,0,7,13,13,13,13.615384615384617,0,15.5,2.8,-4.06,Graduate
1,6,1,12,1,1,20,3,2,14,5,1,0,0,1,0,0,18,1,0,7,15,4,11.575,0,0,7,10,5,12.419999999999998,0,12.4,0.5,1.79,Enrolled
1,8,1,8,1,1,1,2,14,3,7,1,0,0,1,0,1,18,0,0,6,7,6,12.833333333333334,1,0,6,8,6,13.0,0,8.9,1.4,3.51,Enrolled
1,1,1,14,1,1,1,13,14,8,8,0,0,0,1,0,0,19,0,0,6,7,6,14.714285714285714,0,0,6,6,6,15.833333333333334,0,12.4,0.5,1.79,Graduate
1,8,1,12,1,1,1,23,1,6,5,0,0,0,1,0,1,18,0,0,7,7,7,13.464285714285714,0,0,8,9,8,14.788888888888888,0,12.4,0.5,1.79,Graduate
1,12,1,3,0,1,1,13,1,10,9,0,0,0,1,0,0,26,0,0,6,14,3,10.666666666666666,1,0,6,9,5,11.2,0,15.5,2.8,-4.06,Enrolled
1,1,4,12,1,1,1,13,27,10,8,0,0,1,1,0,0,18,0,0,8,9,8,14.4025,1,0,8,9,8,14.4025,1,9.4,-0.8,-3.12,Graduate
1,15,1,6,1,14,1,22,27,10,10,1,0,1,1,0,0,32,0,0,6,14,4,11.5,0,0,6,14,3,11.0,0,16.2,0.3,-0.92,Dropout
1,8,4,12,1,1,1,13,27,6,9,1,0,0,1,0,0,18,0,0,7,7,6,13.983333333333334,0,0,7,7,6,13.983333333333334,0,7.6,2.6,0.32,Graduate
1,1,4,16,1,1,1,13,1,6,10,1,0,0,1,0,0,18,0,0,6,7,5,12.2,0,0,6,7,5,12.2,0,10.8,1.4,1.74,Enrolled
1,4,1,9,1,3,1,22,14,10,9,0,0,0,1,0,0,21,0,4,9,9,9,10.88888888888889,0,3,10,18,10,11.615384615384617,0,10.8,1.4,1.74,Graduate
1,1,3,10,1,1,1,23,14,6,9,1,0,0,1,0,0,19,0,0,6,7,6,12.285714285714286,0,0,6,7,6,12.833333333333334,0,12.4,0.5,1.79,Graduate
1,1,1,8,1,1,14,1,14,6,6,1,0,0,1,0,0,20,1,0,5,6,5,16.166666666666668,0,0,5,6,5,15.833333333333334,0,12.7,3.7,-1.7,Graduate
1,1,2,11,1,1,1,22,27,10,10,1,0,0,0,1,0,21,0,0,6,11,3,11.0,0,0,6,14,0,0.0,0,9.4,-0.8,-3.12,Dropout
1,8,1,9,1,1,1,22,28,10,8,1,0,0,1,1,0,18,0,0,5,5,5,13.4,0,0,5,6,5,12.2,0,11.1,0.6,2.02,Graduate
1,1,1,15,1,1,1,23,28,10,10,1,0,0,1,1,1,20,0,0,6,8,6,12.0,0,0,6,8,6,11.5,0,13.9,-0.3,0.79,Graduate
1,12,1,17,0,1,1,22,1,6,5,0,0,0,1,1,0,25,0,0,5,11,4,11.5,0,0,5,11,3,13.5,0,12.4,0.5,1.79,Dropout
1,7,1,2,1,1,1,1,3,6,11,1,0,0,1,1,0,19,0,0,0,0,0,0.0,0,0,0,0,0,0.0,0,13.9,-0.3,0.79,Graduate
2,12,1,15,1,13,1,22,27,10,8,1,0,0,1,1,0,57,0,0,6,7,5,14.2,0,0,6,6,6,14.166666666666666,0,9.4,-0.8,-3.12,Graduate
2,12,1,12,1,12,1,22,28,10,8,1,0,0,1,1,0,43,0,0,8,8,7,11.635714285714286,0,0,8,8,7,11.635714285714286,0,10.8,1.4,1.74,Enrolled
1,1,2,15,1,1,1,1,1,5,4,0,0,0,1,1,1,18,0,0,6,6,6,12.666666666666666,0,0,6,6,6,11.5,0,16.2,0.3,-0.92,Graduate
1,1,5,12,1,1,1,23,28,10,10,1,0,0,1,0,1,21,0,0,7,9,5,13.336000000000002,0,0,8,9,7,13.207142857142856,0,11.1,0.6,2.02,Graduate
1,1,1,12,1,1,1,1,1,4,5,1,0,0,1,0,0,18,0,0,8,8,7,14.115714285714288,0,0,8,8,7,14.115714285714288,0,10.8,1.4,1.74,Graduate
1,8,2,10,1,1,1,1,14,5,11,1,1,0,1,0,0,18,0,0,6,15,2,10.333333333333334,3,0,6,13,3,13.333333333333334,0,12.7,3.7,-1.7,Enrolled
1,1,1,12,1,1,1,22,27,10,10,1,0,1,1,0,0,20,0,0,7,7,6,15.4,0,0,7,7,6,15.4,0,7.6,2.6,0.32,Graduate
1,1,1,10,1,1,1,22,27,5,5,0,0,0,1,0,0,21,0,0,6,7,6,13.333333333333334,0,0,6,6,6,14.5,0,10.8,1.4,1.74,Graduate
1,1,2,16,1,1,1,22,14,10,9,1,0,0,1,0,0,21,0,0,6,7,6,13.428571428571429,0,0,6,8,6,13.142857142857142,0,7.6,2.6,0.32,Graduate
1,15,1,6,1,14,1,3,5,3,3,0,0,0,1,1,0,23,0,0,6,19,0,0.0,0,0,6,6,0,0.0,0,13.9,-0.3,0.79,Dropout
1,15,1,4,1,14,1,2,3,10,7,0,0,0,1,1,0,20,0,0,6,12,4,10.8,0,0,6,13,4,12.0,0,12.4,0.5,1.79,Enrolled
1,4,1,12,1,3,1,22,27,8,8,1,0,0,1,0,0,27,0,0,8,8,7,14.414285714285716,0,0,8,8,7,14.414285714285716,0,12.7,3.7,-1.7,Graduate
1,1,4,12,1,1,1,23,27,10,6,1,0,0,1,0,0,18,0,0,8,8,7,15.075714285714286,0,0,8,8,7,15.075714285714286,0,10.8,1.4,1.74,Graduate
1,1,1,16,1,1,1,19,27,10,10,1,0,1,0,0,0,20,0,0,6,12,3,10.333333333333334,0,0,6,14,1,11.0,0,10.8,1.4,1.74,Dropout
1,1,1,15,1,1,1,13,27,5,8,0,0,0,1,0,1,19,0,0,6,7,6,14.714285714285714,0,0,6,6,6,15.166666666666666,0,13.9,-0.3,0.79,Graduate
1,1,3,6,1,1,1,13,14,10,2,1,0,0,1,0,0,20,0,0,6,7,6,16.714285714285715,0,0,6,6,6,15.333333333333334,0,13.9,-0.3,0.79,Graduate
1,9,2,15,1,1,10,22,14,10,8,1,0,0,1,0,1,22,1,0,6,8,5,11.6,0,0,6,7,6,12.0,0,9.4,-0.8,-3.12,Graduate
1,8,1,2,1,1,1,3,1,10,10,1,0,0,1,0,0,20,0,0,0,0,0,0.0,0,0,0,0,0,0.0,0,12.7,3.7,-1.7,Dropout
1,8,5,9,1,1,1,13,28,4,11,1,0,0,1,0,0,19,0,0,5,8,5,12.6,0,0,5,9,4,11.6,0,8.9,1.4,3.51,Graduate
2,12,1,4,1,1,1,3,3,3,3,0,0,1,0,0,0,34,0,1,6,10,6,14.333333333333334,0,0,6,9,6,12.833333333333334,0,11.1,0.6,2.02,Enrolled
2,12,1,17,0,1,1,19,24,1,1,1,0,0,1,0,0,46,0,0,5,5,0,0.0,0,0,5,5,0,0.0,0,7.6,2.6,0.32,Dropout
1,17,1,4,1,16,1,1,1,22,29,0,0,1,1,0,0,21,0,7,13,21,11,11.909090909090908,0,5,11,14,11,10.727272727272728,0,8.9,1.4,3.51,Graduate
1,9,3,5,1,1,1,1,1,6,4,1,0,0,1,0,0,18,0,1,6,8,6,13.714285714285714,1,0,6,8,6,14.375,0,13.9,-0.3,0.79,Graduate
1,8,1,12,1,1,1,1,1,10,10,1,0,0,1,0,1,18,0,0,7,10,5,13.46,0,0,7,8,7,12.2375,0,11.1,0.6,2.02,Dropout
2,12,1,3,0,1,1,22,27,10,10,0,0,0,1,0,0,50,0,0,6,8,6,12.666666666666666,0,0,6,6,6,11.833333333333334,0,10.8,1.4,1.74,Graduate
1,12,1,4,1,12,1,22,27,10,10,0,0,0,1,0,0,60,0,0,6,10,6,12.75,0,0,6,6,4,14.75,0,13.9,-0.3,0.79,Graduate
5,13,1,11,1,2,1,22,27,5,10,0,0,0,1,0,0,32,0,9,15,21,13,12.692307692307692,0,12,15,22,13,12.384615384615383,0,10.8,1.4,1.74,Graduate
2,12,1,17,0,1,1,22,27,10,10,0,0,0,1,0,0,33,0,0,5,14,1,10.0,0,0,5,13,2,12.0,0,12.4,0.5,1.79,Dropout
2,1,1,3,0,1,1,22,27,10,10,0,0,0,1,0,0,40,0,0,6,7,6,11.333333333333334,0,0,6,7,6,10.5,0,10.8,1.4,1.74,Graduate
1,9,6,12,1,1,1,3,14,4,9,1,0,0,1,0,0,21,0,0,8,8,7,12.414285714285716,0,0,8,8,7,12.414285714285716,0,12.7,3.7,-1.7,Graduate
2,12,1,13,1,1,3,23,28,10,10,0,0,0,1,0,0,32,1,0,7,10,7,11.0,0,0,8,8,8,13.125,0,12.7,3.7,-1.7,Graduate
1,8,1,10,1,1,1,1,1,4,4,1,0,0,1,0,1,18,0,0,6,6,6,14.0,0,0,6,6,6,13.5,0,8.9,1.4,3.51,Graduate
1,12,1,3,0,1,1,22,27,10,8,0,0,0,1,0,0,37,0,0,6,13,4,12.0,0,0,6,10,3,12.0,0,16.2,0.3,-0.92,Dropout
2,4,1,3,0,3,1,22,27,10,10,0,0,0,1,0,0,39,0,9,13,19,12,13.416666666666666,0,4,10,10,10,14.5,0,16.2,0.3,-0.92,Graduate
1,1,1,9,1,1,1,13,27,10,8,1,0,0,1,0,0,20,0,0,5,8,4,11.25,0,0,5,7,5,10.4,0,7.6,2.6,0.32,Graduate
1,14,1,15,1,1,9,19,24,12,12,0,0,1,1,0,0,23,1,0,6,11,1,16.0,0,0,6,8,4,12.25,0,7.6,2.6,0.32,Dropout
2,12,2,13,1,1,19,1,3,10,3,1,0,0,1,0,0,28,1,0,7,9,7,12.428571428571429,0,0,8,8,8,12.3,0,12.4,0.5,1.79,Enrolled
1,1,4,12,1,1,1,4,3,3,4,1,0,0,1,0,0,18,0,0,7,7,7,11.714285714285714,0,0,8,8,8,12.75,0,12.4,0.5,1.79,Graduate
1,12,1,2,1,1,1,22,27,10,10,0,1,0,1,0,0,26,0,0,0,0,0,0.0,0,0,0,0,0,0.0,0,16.2,0.3,-0.92,Dropout
2,12,1,16,1,12,1,22,14,4,8,0,0,0,1,0,0,45,0,0,6,11,3,12.333333333333334,0,0,6,13,2,11.0,0,7.6,2.6,0.32,Dropout
1,8,4,12,1,1,1,4,1,3,2,1,0,0,1,0,0,18,0,0,8,8,0,0.0,5,0,8,8,0,0.0,5,9.4,-0.8,-3.12,Enrolled
1,1,2,11,1,1,1,23,14,10,8,1,0,0,1,0,0,18,0,0,6,10,4,11.75,0,0,6,9,5,11.2,0,7.6,2.6,0.32,Enrolled
1,1,1,8,1,1,1,25,14,3,10,1,0,0,1,0,0,18,0,0,6,8,5,14.4,0,0,6,11,4,14.6,0,8.9,1.4,3.51,Dropout
1,12,1,3,0,1,1,22,27,10,7,0,0,0,1,0,1,35,0,2,8,8,8,13.625,0,1,7,7,7,14.0,0,8.9,1.4,3.51,Graduate
1,3,2,10,1,1,1,25,28,3,10,1,0,0,1,0,0,19,0,0,6,6,6,14.0,0,0,6,6,6,13.333333333333334,0,8.9,1.4,3.51,Graduate
1,1,1,5,1,1,1,3,3,4,4,0,0,0,1,0,1,21,0,1,6,8,6,12.571428571428571,1,0,6,8,6,11.625,0,13.9,-0.3,0.79,Graduate
1,7,1,6,1,1,1,22,27,10,10,1,0,0,1,0,1,20,0,0,6,7,6,15.857142857142858,0,0,6,6,6,16.0,0,13.9,-0.3,0.79,Graduate
1,8,2,15,1,1,1,13,14,10,7,1,0,0,1,0,1,18,0,0,6,6,6,13.666666666666666,0,0,6,6,6,14.0,0,8.9,1.4,3.51,Graduate
1,14,1,12,1,1,1,17,28,12,4,1,0,0,1,0,1,22,0,18,23,23,20,14.575,3,18,23,23,20,14.575,3,7.6,2.6,0.32,Graduate
1,1,1,12,1,1,1,23,28,10,10,1,0,0,1,0,0,18,0,0,7,7,6,14.65,0,0,7,7,6,14.65,0,7.6,2.6,0.32,Graduate
1,14,1,10,1,1,1,19,24,1,1,0,0,0,1,0,0,30,0,9,16,19,15,12.266666666666667,0,11,13,14,13,12.071428571428571,0,9.4,-0.8,-3.12,Graduate
1,8,1,10,1,1,1,3,1,4,5,1,0,0,1,0,0,18,0,0,6,8,6,11.75,0,0,6,10,5,12.0,0,12.7,3.7,-1.7,Graduate
1,1,6,12,1,1,1,1,1,5,5,1,0,0,1,0,0,21,0,0,7,8,6,13.25,0,0,8,8,8,13.8375,0,13.9,-0.3,0.79,Enrolled
1,8,1,15,1,1,1,2,1,15,26,0,0,1,1,0,1,18,0,0,6,6,6,15.666666666666666,0,0,6,6,6,13.833333333333334,0,8.9,1.4,3.51,Graduate
1,14,1,5,1,1,1,13,14,10,10,1,0,0,1,1,1,20,0,0,6,8,3,11.0,0,0,6,8,2,11.333333333333334,0,10.8,1.4,1.74,Enrolled
1,1,2,2,1,1,1,23,14,10,10,1,0,0,1,1,1,21,0,0,0,0,0,0.0,0,0,0,0,0,0.0,0,10.8,1.4,1.74,Graduate
1,8,5,15,1,1,1,23,1,5,5,1,0,0,1,1,0,18,0,0,6,6,6,13.0,0,0,6,12,0,0.0,0,7.6,2.6,0.32,Dropout
1,12,1,17,0,1,1,22,27,8,10,0,0,0,0,1,0,28,0,0,5,0,0,0.0,0,0,5,0,0,0.0,0,8.9,1.4,3.51,Dropout
1,1,1,2,1,1,1,2,2,4,3,1,0,0,1,1,0,18,0,0,0,0,0,0.0,0,0,0,0,0,0.0,0,7.6,2.6,0.32,Enrolled
1,8,3,14,1,1,1,22,27,9,9,0,0,1,1,0,0,19,0,0,5,5,1,10.0,0,0,5,5,0,0.0,0,9.4,-0.8,-3.12,Dropout
1,1,6,12,1,1,1,23,28,6,6,1,0,0,1,0,0,20,0,0,7,9,6,13.683333333333332,0,0,8,11,6,13.116666666666667,0,11.1,0.6,2.02,Graduate
1,12,1,12,1,1,1,23,1,10,5,1,0,0,1,0,0,24,0,0,8,8,7,14.985714285714286,0,0,8,8,7,14.985714285714286,0,12.7,3.7,-1.7,Graduate
1,1,2,12,1,1,1,22,27,10,8,1,0,0,1,0,0,19,0,0,7,10,7,13.805,0,0,8,8,8,14.2725,0,15.5,2.8,-4.06,Graduate
1,1,1,10,1,1,1,3,1,5,10,0,0,0,1,0,1,18,0,0,6,7,6,13.166666666666666,0,0,6,6,6,12.5,0,12.4,0.5,1.79,Graduate
1,8,1,15,1,1,1,2,3,3,3,1,0,0,1,0,1,18,0,0,6,6,6,14.833333333333334,0,0,6,6,6,13.5,0,11.1,0.6,2.02,Graduate
1,4,1,13,1,2,1,22,27,10,10,1,0,0,1,0,1,36,0,0,7,9,1,9.8,0,0,7,7,0,0.0,0,12.7,3.7,-1.7,Dropout
1,8,1,10,1,1,1,1,28,22,40,0,0,0,1,0,1,19,0,0,6,8,6,11.5,0,0,6,7,6,12.333333333333334,0,12.4,0.5,1.79,Graduate
1,16,1,1,1,1,1,13,14,10,10,0,0,0,1,0,0,34,0,10,12,12,10,12.0,0,5,10,11,5,11.0,0,11.1,0.6,2.02,Dropout
1,14,3,9,1,1,8,3,27,4,4,1,0,0,1,0,0,22,1,0,5,8,1,10.0,0,0,5,8,2,13.0,0,7.6,2.6,0.32,Dropout
1,4,1,7,1,3,1,13,14,2,2,0,0,0,0,1,0,40,0,1,5,7,1,13.0,0,2,5,5,2,14.0,0,12.7,3.7,-1.7,Dropout
1,1,1,2,1,1,1,1,1,5,10,0,0,0,1,1,1,18,0,0,0,0,0,0.0,0,0,0,0,0,0.0,0,16.2,0.3,-0.92,Graduate
1,1,1,15,1,1,1,1,27,6,10,0,0,0,1,1,1,19,0,0,6,8,6,11.833333333333334,0,0,6,11,3,13.0,0,15.5,2.8,-4.06,Graduate
2,14,1,17,0,1,1,22,27,10,10,1,0,0,1,1,0,30,0,6,10,14,9,12.333333333333334,0,7,10,12,8,12.0,0,9.4,-0.8,-3.12,Graduate
1,12,1,8,1,14,1,1,3,5,2,0,0,0,1,1,0,28,0,0,6,9,0,0.0,0,0,6,8,1,10.0,1,16.2,0.3,-0.92,Dropout
1,12,1,6,1,1,1,25,1,6,7,0,0,1,0,1,0,37,0,5,7,7,5,12.0,0,3,7,7,3,11.666666666666666,0,8.9,1.4,3.51,Dropout
2,15,1,4,1,14,1,22,27,5,8,0,0,0,1,1,0,37,0,0,6,17,1,12.0,0,0,6,23,2,10.5,1,16.2,0.3,-0.92,Dropout
1,4,1,9,1,2,1,3,27,3,6,1,0,1,0,0,0,38,0,0,5,6,0,0.0,0,0,5,5,0,0.0,0,15.5,2.8,-4.06,Dropout
1,1,4,2,1,1,1,1,1,10,6,1,0,0,1,0,1,19,0,6,12,12,12,12.75,0,4,11,16,11,13.25,0,8.9,1.4,3.51,Graduate
1,1,1,5,1,1,1,1,1,10,10,0,0,0,1,0,1,21,0,0,6,7,5,13.0,0,0,6,6,6,12.666666666666666,0,16.2,0.3,-0.92,Graduate
1,14,1,9,1,1,1,3,14,3,10,0,0,0,1,0,0,18,0,0,5,5,0,0.0,0,0,5,9,4,13.25,2,16.2,0.3,-0.92,Enrolled
1,8,1,5,1,1,1,23,14,6,6,0,0,0,1,0,1,21,0,0,6,6,6,11.5,0,0,6,6,6,12.333333333333334,0,9.4,-0.8,-3.12,Graduate
1,1,3,12,1,1,1,1,14,10,4,1,0,0,1,0,1,18,0,0,8,8,8,14.15375,0,0,8,8,8,14.15375,0,9.4,-0.8,-3.12,Graduate
2,14,2,9,1,1,1,22,27,10,10,0,0,0,0,0,0,29,0,3,5,7,3,12.333333333333334,0,0,5,8,0,0.0,0,10.8,1.4,1.74,Dropout
1,12,1,12,1,1,1,13,14,6,7,0,0,1,1,0,0,28,0,0,7,12,4,13.375,0,0,7,7,5,13.5,0,13.9,-0.3,0.79,Enrolled
1,4,1,10,1,3,1,22,27,10,10,1,0,0,1,0,0,36,0,10,14,21,13,13.071428571428571,0,4,11,16,11,13.0,0,16.2,0.3,-0.92,Graduate
2,1,1,9,1,1,1,19,24,1,1,0,0,0,1,0,0,24,0,14,15,17,14,11.357142857142858,0,13,14,15,13,12.846153846153848,0,7.6,2.6,0.32,Dropout
1,8,2,14,1,1,1,22,28,6,9,0,0,0,1,1,1,20,0,0,5,5,5,12.4,0,0,5,5,4,10.75,0,9.4,-0.8,-3.12,Graduate
1,1,2,15,1,1,1,23,28,6,8,1,0,0,1,1,1,18,0,0,6,8,6,12.666666666666666,0,0,6,6,6,13.5,0,12.7,3.7,-1.7,Graduate
4,12,1,14,1,12,1,22,27,10,8,0,0,1,1,1,1,29,0,0,6,16,1,14.0,0,0,6,7,0,0.0,0,11.1,0.6,2.02,Dropout
1,12,1,11,1,9,1,22,27,6,8,1,0,0,1,1,0,25,0,0,6,7,6,11.166666666666666,0,0,6,11,4,11.8,0,9.4,-0.8,-3.12,Enrolled
1,12,1,8,1,12,1,19,24,13,13,0,0,0,1,1,0,31,0,0,5,5,0,0.0,0,0,5,5,0,0.0,0,7.6,2.6,0.32,Dropout
1,14,1,17,0,9,1,10,10,10,10,0,0,0,1,1,0,28,0,7,13,13,7,10.285714285714286,0,5,11,13,5,10.6,0,10.8,1.4,1.74,Dropout
1,1,2,7,1,1,1,13,14,10,10,1,0,0,1,1,0,18,0,0,5,5,0,0.0,0,0,5,5,0,0.0,0,9.4,-0.8,-3.12,Enrolled
1,13,1,12,1,1,1,13,14,10,10,0,0,1,1,1,0,24,0,0,8,16,2,10.25,1,0,8,16,2,10.25,1,12.7,3.7,-1.7,Dropout
1,8,4,6,1,1,1,1,3,6,6,1,0,0,1,1,0,21,0,0,6,0,0,0.0,0,0,6,0,0,0.0,0,10.8,1.4,1.74,Dropout
1,8,3,12,1,1,1,3,1,3,8,1,0,0,1,1,0,18,0,0,8,8,7,13.154285714285717,0,0,8,8,7,13.154285714285717,0,10.8,1.4,1.74,Enrolled
1,9,4,2,1,1,1,1,4,10,6,1,0,1,0,1,0,20,0,0,0,0,0,0.0,0,0,0,0,0,0.0,0,9.4,-0.8,-3.12,Dropout
1,8,1,7,1,1,1,13,1,6,5,1,0,0,1,1,0,20,0,0,5,7,5,15.8,0,0,5,7,5,14.571428571428571,0,11.1,0.6,2.02,Dropout
1,1,1,14,1,1,1,13,14,10,9,0,0,0,0,0,1,19,0,0,6,6,6,13.833333333333334,0,0,6,7,6,14.285714285714286,0,8.9,1.4,3.51,Graduate
1,12,1,11,1,1,1,22,27,5,7,0,0,0,1,0,0,33,0,5,10,14,9,12.416666666666666,0,5,9,14,7,13.0,0,10.8,1.4,1.74,Graduate
1,1,3,15,1,1,1,13,28,5,5,1,0,0,1,0,1,20,0,0,6,6,6,13.5,0,0,6,7,6,12.666666666666666,0,11.1,0.6,2.02,Graduate
1,15,1,6,1,14,1,1,14,10,10,1,0,0,1,0,0,20,0,1,6,13,6,12.555555555555555,0,1,6,11,5,11.8,0,16.2,0.3,-0.92,Enrolled
1,8,1,12,1,1,1,23,27,10,9,1,0,0,1,0,1,19,0,0,7,10,6,12.583333333333334,0,0,8,8,7,12.671428571428573,0,13.9,-0.3,0.79,Graduate
1,1,6,12,1,1,1,10,27,6,10,1,0,0,1,0,0,19,0,0,7,8,6,13.731666666666667,0,0,8,10,7,13.771428571428572,0,12.4,0.5,1.79,Dropout
1,1,1,10,1,1,14,13,14,10,10,1,0,1,1,0,1,19,1,0,6,8,6,12.666666666666666,0,0,6,7,6,12.666666666666666,0,8.9,1.4,3.51,Graduate
1,1,1,5,1,1,1,1,1,4,6,1,0,0,1,0,1,20,0,0,6,6,6,12.666666666666666,0,0,6,8,6,13.0,0,10.8,1.4,1.74,Graduate
1,12,1,17,0,1,1,22,27,10,10,0,0,0,0,1,0,36,0,0,5,5,0,0.0,0,0,5,5,0,0.0,0,12.7,3.7,-1.7,Dropout
2,12,1,9,1,1,1,22,27,10,8,0,0,0,1,1,0,30,0,0,5,8,2,11.0,0,0,5,6,4,11.5,0,15.5,2.8,-4.06,Dropout
1,14,1,4,1,1,1,1,1,5,11,0,0,0,1,1,0,24,0,0,6,7,6,15.714285714285714,0,0,6,10,6,15.9,0,15.5,2.8,-4.06,Dropout
1,8,1,2,1,1,1,1,1,10,10,1,0,0,1,1,0,18,0,0,0,0,0,0.0,0,0,0,0,0,0.0,0,12.7,3.7,-1.7,Dropout
1,8,2,14,1,1,1,1,14,6,4,1,0,0,1,1,0,21,0,0,5,7,3,12.333333333333334,0,0,5,5,4,11.25,0,7.6,2.6,0.32,Dropout
1,14,1,1,1,1,1,22,27,2,2,1,0,0,1,1,0,32,0,0,7,7,0,0.0,0,0,7,8,0,0.0,0,13.9,-0.3,0.79,Dropout
1,12,1,14,1,9,1,22,1,10,4,0,0,1,0,1,0,40,0,0,6,13,0,0.0,0,0,6,6,0,0.0,0,15.5,2.8,-4.06,Dropout
1,16,1,5,1,1,1,23,28,10,10,1,0,0,1,1,0,21,0,4,12,13,5,13.2,0,4,12,12,4,13.5,0,8.9,1.4,3.51,Dropout
1,16,1,6,1,15,1,3,3,5,3,0,0,0,1,0,0,28,0,0,6,8,6,14.428571428571429,0,0,6,12,4,15.6,0,11.1,0.6,2.02,Enrolled
1,8,3,16,1,1,1,10,1,5,1,1,0,0,1,0,0,18,0,0,6,12,0,0.0,0,0,6,12,0,0.0,0,7.6,2.6,0.32,Dropout
1,1,1,2,1,1,1,3,1,5,4,1,0,0,0,0,0,19,0,0,0,0,0,0.0,0,0,0,0,0,0.0,0,16.2,0.3,-0.92,Graduate
1,2,1,9,1,1,1,22,27,10,10,1,0,0,1,0,0,29,0,13,15,19,13,11.76923076923077,0,12,14,17,14,11.928571428571429,0,9.4,-0.8,-3.12,Graduate
1,4,1,10,1,3,1,1,1,5,11,0,0,1,0,0,0,27,0,0,6,8,0,0.0,0,0,5,6,0,0.0,0,16.2,0.3,-0.92,Dropout
1,1,1,6,1,1,1,13,28,6,8,1,0,0,1,0,1,21,0,0,6,8,6,13.285714285714286,0,0,6,11,6,13.0,0,11.1,0.6,2.02,Graduate
1,15,1,4,1,14,1,1,28,5,10,0,0,0,1,1,1,20,0,0,6,18,3,12.0,0,0,6,17,3,11.666666666666666,0,15.5,2.8,-4.06,Enrolled
1,9,1,7,1,1,1,13,1,12,4,1,0,1,0,1,0,24,0,0,5,8,0,0.0,0,0,5,5,0,0.0,0,9.4,-0.8,-3.12,Dropout
4,11,1,5,1,2,1,19,24,1,1,0,0,0,1,0,0,53,0,15,18,18,17,13.176470588235292,0,13,18,18,16,13.0,0,7.6,2.6,0.32,Dropout
1,15,1,4,1,14,1,4,4,5,3,1,0,0,1,1,0,22,0,0,6,13,5,13.0,0,0,6,13,2,11.5,0,12.4,0.5,1.79,Enrolled
1,1,1,10,1,1,1,23,14,9,11,1,0,0,1,1,0,19,0,0,6,0,0,0.0,0,0,6,0,0,0.0,0,16.2,0.3,-0.92,Dropout
1,1,1,10,1,1,1,13,28,8,8,0,0,0,1,1,0,20,0,0,6,12,4,11.75,0,0,6,13,3,11.333333333333334,0,15.5,2.8,-4.06,Enrolled
1,12,1,4,1,12,1,3,1,3,9,1,0,0,1,1,0,35,0,0,6,13,3,11.75,0,0,6,10,0,0.0,0,13.9,-0.3,0.79,Dropout
1,12,1,10,1,1,1,22,20,1,5,0,0,0,0,1,0,32,0,0,6,10,2,11.0,0,0,6,12,0,0.0,0,7.6,2.6,0.32,Dropout
1,8,2,15,1,1,1,1,1,5,6,0,0,0,1,1,0,20,0,0,6,15,2,12.0,0,0,6,12,0,0.0,0,10.8,1.4,1.74,Dropout
1,15,1,4,1,14,1,1,14,4,11,1,0,0,1,1,0,19,0,0,6,9,6,12.166666666666666,0,0,6,14,4,13.0,0,12.4,0.5,1.79,Graduate
1,1,1,14,1,1,1,22,28,10,10,1,0,1,0,0,0,18,0,0,6,7,4,11.25,0,0,6,9,4,10.857142857142858,0,10.8,1.4,1.74,Dropout
1,1,1,10,1,1,1,13,28,10,10,0,1,0,1,0,1,19,0,0,6,12,4,10.4,0,0,6,11,4,10.75,0,12.4,0.5,1.79,Enrolled
1,1,2,13,1,1,1,1,28,4,9,1,0,0,1,0,1,21,0,0,7,7,7,12.242857142857144,0,0,8,8,8,14.125,0,15.5,2.8,-4.06,Graduate
1,9,1,16,1,1,1,1,14,20,41,1,0,1,1,0,0,21,0,0,7,7,7,13.0,0,0,7,8,6,12.5,0,8.9,1.4,3.51,Enrolled
1,8,3,11,1,1,1,22,27,10,7,1,0,0,1,0,1,20,0,0,6,11,4,11.5,0,0,6,12,3,11.0,0,7.6,2.6,0.32,Enrolled
2,12,1,9,1,1,1,23,27,5,8,1,0,0,0,0,0,39,0,0,5,12,3,10.666666666666666,2,0,5,15,3,10.666666666666666,0,9.4,-0.8,-3.12,Dropout
4,12,1,11,1,1,1,22,27,10,9,0,0,0,1,0,1,36,0,0,6,10,6,11.0,0,0,6,14,3,11.333333333333334,0,10.8,1.4,1.74,Graduate
2,12,1,10,1,1,1,23,28,10,8,0,0,1,1,0,1,42,0,0,6,8,6,13.333333333333334,0,0,6,7,6,15.285714285714286,0,11.1,0.6,2.02,Graduate
4,12,1,3,0,1,1,22,27,6,6,0,0,0,1,0,1,38,0,4,9,13,8,12.88888888888889,0,2,7,9,7,13.0,0,13.9,-0.3,0.79,Graduate
5,12,1,4,1,1,1,1,1,5,9,0,0,1,0,0,0,27,0,0,6,6,0,0.0,0,0,6,7,0,0.0,0,8.9,1.4,3.51,Dropout
1,8,4,13,1,1,1,23,27,4,8,1,0,0,1,0,0,21,0,0,7,0,0,0.0,0,0,7,0,0,0.0,0,12.7,3.7,-1.7,Dropout
1,12,1,12,1,12,1,1,14,5,11,1,0,0,1,0,0,27,0,0,7,0,0,0.0,0,0,8,0,0,0.0,0,11.1,0.6,2.02,Dropout
1,15,1,6,1,14,1,3,14,3,5,1,0,0,1,0,0,22,0,1,6,9,6,13.0,0,1,6,18,3,12.666666666666666,0,12.4,0.5,1.79,Graduate
1,14,3,12,1,1,1,1,14,10,8,1,0,1,1,0,1,20,0,0,7,9,7,12.327777777777778,0,0,8,10,8,11.736,0,15.5,2.8,-4.06,Graduate
1,8,4,12,1,1,1,22,27,6,6,1,0,0,1,0,0,21,0,0,7,7,7,14.428571428571429,0,0,8,9,8,14.511111111111113,0,16.2,0.3,-0.92,Graduate
1,8,6,10,1,1,1,1,28,5,8,0,0,0,1,0,1,18,0,0,6,7,6,12.142857142857142,0,0,6,6,6,13.333333333333334,0,13.9,-0.3,0.79,Graduate
1,1,2,12,1,1,1,1,1,5,4,1,0,0,1,0,0,18,0,0,7,7,6,15.25,0,0,7,7,6,15.25,0,7.6,2.6,0.32,Graduate
1,14,1,10,1,1,1,23,14,10,5,0,0,1,1,0,0,28,0,15,16,16,13,12.076923076923077,0,13,13,13,11,12.090909090909092,0,16.2,0.3,-0.92,Graduate
1,8,1,10,1,1,1,23,14,24,36,1,0,0,1,0,1,18,0,0,6,8,6,12.833333333333334,0,0,6,6,6,12.166666666666666,0,8.9,1.4,3.51,Graduate
1,1,1,16,1,1,1,1,1,10,10,1,0,0,1,0,0,18,0,0,6,11,3,12.0,0,0,6,13,2,12.0,0,12.7,3.7,-1.7,Dropout
1,8,1,11,1,1,1,13,1,10,5,1,0,0,1,0,0,19,0,0,6,11,3,12.0,0,0,6,11,4,11.25,0,7.6,2.6,0.32,Dropout
1,6,1,13,1,1,12,3,14,14,29,0,0,0,1,0,0,20,1,0,7,14,0,0.0,6,0,7,12,2,11.666666666666666,0,8.9,1.4,3.51,Enrolled
1,12,1,14,1,1,1,1,14,5,11,1,0,0,1,0,1,26,0,0,6,6,6,13.333333333333334,0,0,6,10,5,14.5,0,10.8,1.4,1.74,Graduate
1,8,2,12,1,1,1,2,28,4,9,1,0,0,1,0,0,18,0,0,8,12,7,12.285714285714286,0,0,8,12,7,12.285714285714286,0,12.7,3.7,-1.7,Enrolled
1,9,1,12,1,1,1,3,3,4,4,0,0,0,1,0,0,18,0,0,7,7,7,14.05714285714286,0,0,8,9,8,14.6,0,16.2,0.3,-0.92,Graduate
1,1,1,6,1,1,1,22,27,10,7,0,0,1,1,0,0,21,0,0,5,9,2,11.5,0,0,5,13,4,11.0,1,10.8,1.4,1.74,Enrolled
1,1,6,12,1,1,1,22,14,10,8,1,0,0,1,0,0,19,0,0,8,10,6,13.78,1,0,8,10,6,13.78,1,9.4,-0.8,-3.12,Dropout
1,1,1,6,1,1,1,2,1,5,4,1,0,0,1,0,0,21,0,0,5,6,5,12.2,0,0,5,5,5,13.2,0,10.8,1.4,1.74,Graduate
4,4,1,10,1,15,1,19,24,13,13,0,0,1,1,0,0,41,0,0,6,0,0,0.0,0,0,6,0,0,0.0,0,11.1,0.6,2.02,Dropout
1,1,1,16,1,1,1,22,14,7,8,1,0,0,1,0,0,18,0,0,6,11,3,11.666666666666666,0,0,6,11,3,10.666666666666666,0,9.4,-0.8,-3.12,Dropout
1,1,1,14,1,1,1,13,14,6,10,1,0,0,1,0,1,18,0,0,6,6,6,13.5,0,0,6,9,6,13.666666666666666,0,10.8,1.4,1.74,Graduate
1,3,1,16,1,1,1,1,28,6,9,1,0,0,1,0,0,22,0,0,6,11,3,15.0,0,0,6,11,4,10.25,0,9.4,-0.8,-3.12,Enrolled
1,1,1,12,1,1,1,23,28,6,6,1,0,0,1,0,1,20,0,0,8,8,7,12.744285714285716,0,0,8,8,7,12.744285714285716,0,10.8,1.4,1.74,Graduate
1,1,2,5,1,1,1,13,28,10,10,1,0,0,1,0,1,20,0,1,6,9,5,13.4,1,0,6,9,6,12.375,0,13.9,-0.3,0.79,Graduate
1,8,2,3,0,1,1,13,1,6,6,1,0,0,1,0,1,19,0,0,6,10,4,11.5,0,0,6,11,6,11.5,0,9.4,-0.8,-3.12,Dropout
1,8,2,6,1,1,1,3,14,3,10,0,0,0,1,1,0,18,0,0,5,5,3,14.0,0,0,5,7,3,12.666666666666666,0,7.6,2.6,0.32,Enrolled
1,1,3,15,1,1,1,1,1,5,8,1,0,1,1,1,1,18,0,0,6,6,6,14.333333333333334,0,0,6,6,6,15.333333333333334,0,11.1,0.6,2.02,Graduate
1,1,1,15,1,1,1,23,27,10,7,0,0,0,1,1,1,19,0,0,6,8,5,14.0,0,0,6,8,6,13.0,0,10.8,1.4,1.74,Graduate
1,13,1,9,1,1,1,13,1,5,5,0,0,0,0,1,0,25,0,0,5,6,0,0.0,0,0,5,5,0,0.0,0,15.5,2.8,-4.06,Dropout
1,15,1,2,1,14,1,1,1,2,8,0,0,0,1,1,0,19,0,0,0,0,0,0.0,0,0,0,0,0,0.0,0,12.4,0.5,1.79,Dropout
1,1,4,15,1,1,1,1,14,10,10,1,0,0,1,1,0,19,0,0,6,7,6,12.333333333333334,0,0,6,10,5,13.2,0,16.2,0.3,-0.92,Graduate
1,15,1,6,1,14,1,23,27,10,5,1,0,0,1,1,1,22,0,0,6,9,6,13.428571428571429,0,1,6,12,6,13.625,0,12.4,0.5,1.79,Graduate
1,8,1,15,1,1,1,13,28,10,10,1,0,0,1,1,1,19,0,0,6,9,5,12.4,0,0,6,6,6,13.166666666666666,0,12.7,3.7,-1.7,Graduate
1,1,1,12,1,1,1,13,14,8,10,0,0,0,1,0,1,19,0,0,8,8,7,14.4,0,0,8,8,7,14.4,0,12.7,3.7,-1.7,Graduate
1,1,1,9,1,1,1,1,1,5,7,1,0,0,1,0,0,21,0,0,5,9,3,10.666666666666666,0,0,5,13,2,12.5,0,7.6,2.6,0.32,Enrolled
1,8,2,12,1,1,1,1,1,6,11,1,0,0,1,0,0,18,0,0,7,9,5,14.06,0,0,7,9,6,12.571428571428571,0,12.4,0.5,1.79,Enrolled
1,1,1,12,1,1,1,3,1,3,10,1,0,0,1,0,0,20,0,0,7,7,7,14.105714285714289,0,0,8,8,8,13.6625,0,11.1,0.6,2.02,Graduate
1,12,1,6,1,12,1,22,27,5,9,0,0,0,1,0,0,35,0,0,6,11,3,12.666666666666666,0,0,6,7,0,0.0,0,11.1,0.6,2.02,Dropout
1,1,3,6,1,1,1,1,28,10,12,0,0,0,1,0,0,21,0,0,5,7,5,12.0,0,0,5,7,4,12.5,0,7.6,2.6,0.32,Graduate
1,8,3,16,1,1,1,19,24,1,1,0,0,0,1,0,0,18,0,0,6,10,2,10.5,0,0,6,13,0,0.0,0,7.6,2.6,0.32,Dropout
2,12,1,16,1,12,1,22,27,10,10,0,0,0,1,0,1,32,0,0,7,10,7,13.428571428571429,0,2,8,8,8,13.25,0,13.9,-0.3,0.79,Graduate
1,8,3,15,1,1,1,19,24,13,13,1,0,1,1,0,1,19,0,0,6,8,6,12.166666666666666,0,0,6,8,5,12.4,0,9.4,-0.8,-3.12,Dropout
1,1,4,12,1,1,1,22,27,8,8,1,0,0,1,1,1,18,0,0,8,8,7,14.314285714285717,0,0,8,8,7,14.314285714285717,0,12.7,3.7,-1.7,Graduate
