1,1,1,12,1,1,1,13,28,10,10,1,0,0,1,0,1,18,0,0,8,8,7,13.214285714285714,0,0,8,8,7,13.214285714285714,0,12.7,3.7,-1.7,Graduate
1,8,2,10,1,1,1,13,28,8,9,1,0,0,1,0,0,21,0,0,6,9,6,11.375,0,0,6,9,6,13.285714285714286,0,16.2,0.3,-0.92,Graduate
1,1,1,17,0,1,1,2,27,4,10,0,0,0,1,1,0,34,0,0,5,6,5,12.4,0,0,5,9,5,13.428571428571429,0,13.9,-0.3,0.79,Graduate
1,1,5,15,1,1,1,3,3,3,3,0,0,1,1,0,0,18,0,0,6,6,4,12.75,0,0,5,5,0,0.0,0,12.7,3.7,-1.7,Dropout
1,8,1,15,1,1,1,1,28,6,6,0,0,0,0,0,0,20,0,0,6,7,4,13.0,0,0,6,7,5,13.8,0,12.4,0.5,1.79,Dropout
1,1,1,10,1,1,1,22,28,10,10,0,0,0,1,0,1,19,0,0,6,7,5,12.333333333333334,0,0,6,7,6,12.833333333333334,0,12.7,3.7,-1.7,Graduate
1,1,3,9,1,1,1,1,28,8,8,0,0,1,1,1,0,19,0,0,5,8,5,11.2,0,0,5,10,4,10.75,3,16.2,0.3,-0.92,Dropout
1,12,1,11,1,1,1,13,27,8,11,0,0,0,1,1,0,26,0,0,6,7,6,12.0,0,0,6,8,5,10.8,0,12.7,3.7,-1.7,Enrolled
1,8,4,11,1,1,1,23,27,6,8,1,0,0,1,1,0,18,0,0,6,12,3,11.666666666666666,0,0,6,12,1,12.0,0,12.4,0.5,1.79,Dropout
1,1,4,12,1,1,1,3,3,3,3,1,0,1,0,0,0,19,0,0,7,10,4,11.96,0,0,7,7,0,0.0,0,13.9,-0.3,0.79,Dropout
1,9,1,16,1,1,1,13,14,10,8,1,0,0,1,0,0,19,0,0,6,0,0,0.0,0,0,6,0,0,0.0,0,11.1,0.6,2.02,Dropout
1,1,5,12,1,1,1,3,4,5,4,1,0,0,1,0,0,20,0,2,7,9,6,13.266666666666666,0,0,7,10,5,12.3,0,12.4,0.5,1.79,Dropout
1,8,2,9,1,1,1,1,28,5,8,1,0,0,1,0,1,18,0,0,5,9,3,13.0,0,0,5,11,3,11.0,0,8.9,1.4,3.51,Enrolled
1,1,2,6,1,1,1,22,28,10,8,0,0,0,1,0,0,18,0,0,5,12,5,13.142857142857142,2,0,5,6,5,11.4,0,9.4,-0.8,-3.12,Graduate
1,1,1,6,1,1,1,13,28,5,8,1,0,0,1,0,0,19,0,0,6,15,6,14.166666666666666,0,0,6,13,6,12.2,0,15.5,2.8,-4.06,Graduate
1,8,6,12,1,1,1,1,27,9,10,1,0,0,1,0,0,19,0,0,7,7,7,13.467142857142855,0,0,8,9,8,15.011111111111113,0,12.4,0.5,1.79,Graduate
1,1,3,10,1,1,1,1,10,10,11,1,0,0,1,0,1,19,0,0,6,7,6,11.333333333333334,0,0,6,6,6,11.5,0,12.4,0.5,1.79,Graduate
1,1,1,16,1,1,1,22,27,10,10,1,0,0,1,0,0,18,0,0,6,7,6,13.333333333333334,0,0,6,8,5,11.8,0,7.6,2.6,0.32,Graduate
1,1,3,10,1,1,1,13,1,10,11,1,0,0,1,0,0,20,0,0,6,10,4,11.0,0,0,6,9,6,11.833333333333334,0,9.4,-0.8,-3.12,Graduate
1,8,2,14,1,1,1,1,14,6,5,0,0,0,1,0,0,19,0,0,5,5,5,14.2,0,0,5,5,5,14.2,0,7.6,2.6,0.32,Graduate
1,12,1,12,1,3,1,2,2,2,2,0,0,0,1,0,0,29,0,1,8,8,7,14.257142857142856,0,1,8,8,7,14.257142857142856,0,12.7,3.7,-1.7,Graduate
1,12,1,9,1,1,1,10,3,5,4,1,0,0,1,0,0,24,0,0,5,5,0,0.0,0,0,5,5,0,0.0,0,7.6,2.6,0.32,Dropout
1,1,4,10,1,1,1,13,14,5,1,1,0,0,1,0,0,20,0,0,6,8,6,11.166666666666666,0,0,6,6,6,11.333333333333334,0,7.6,2.6,0.32,Graduate
1,1,2,12,1,1,1,13,28,10,10,1,0,0,1,0,0,18,0,0,8,8,7,12.914285714285713,0,0,8,8,7,12.914285714285713,0,12.7,3.7,-1.7,Graduate
1,1,2,12,1,1,1,23,1,8,5,1,0,0,1,0,1,18,0,0,8,8,7,12.642857142857142,0,0,8,8,7,12.642857142857142,0,12.7,3.7,-1.7,Graduate
1,1,3,11,1,1,1,1,1,4,4,1,0,0,1,0,0,18,0,0,6,9,4,11.25,0,0,6,13,2,12.5,0,9.4,-0.8,-3.12,Dropout
1,1,1,6,1,1,1,7,14,12,7,0,0,0,1,0,0,19,0,0,5,6,5,14.4,0,0,5,6,5,13.0,0,7.6,2.6,0.32,Graduate
2,4,1,8,1,3,1,5,4,3,1,0,0,1,0,0,0,29,0,7,9,16,7,11.555555555555555,4,5,7,12,5,13.2,2,7.6,2.6,0.32,Dropout
4,1,1,3,0,1,1,24,14,5,11,1,0,0,1,0,1,47,0,0,6,9,5,14.166666666666666,0,0,6,7,6,14.166666666666666,0,16.2,0.3,-0.92,Graduate
2,16,1,17,0,1,1,22,27,9,5,0,0,0,1,0,0,31,0,1,5,5,5,14.0,0,0,5,5,5,13.8,0,8.9,1.4,3.51,Graduate
2,1,1,12,1,1,1,3,28,3,5,0,0,0,1,0,1,19,0,0,8,8,7,14.725714285714288,0,0,8,8,7,14.725714285714288,0,10.8,1.4,1.74,Graduate
1,8,4,14,1,1,1,1,14,6,6,1,0,0,1,0,0,18,0,0,6,8,6,11.875,0,0,6,11,4,14.6,0,11.1,0.6,2.02,Graduate
1,4,1,6,1,15,1,13,14,10,6,0,0,1,0,0,0,26,0,0,3,3,0,0.0,0,0,6,0,0,0.0,0,8.9,1.4,3.51,Dropout
1,14,4,9,1,1,1,22,27,10,10,0,0,0,1,0,0,19,0,3,10,15,5,11.8,0,4,10,14,8,12.0,0,7.6,2.6,0.32,Graduate
2,1,1,12,1,1,1,22,28,10,8,0,0,1,1,0,1,18,0,0,7,7,6,14.2,0,0,7,7,6,14.2,0,7.6,2.6,0.32,Graduate
1,1,4,12,1,1,1,13,28,5,9,1,0,0,1,0,1,21,0,0,7,7,6,14.033333333333331,0,0,7,7,6,14.033333333333331,0,7.6,2.6,0.32,Graduate
1,15,1,6,1,14,1,4,28,5,6,1,0,0,1,0,0,21,0,0,6,11,4,12.75,0,0,6,19,1,11.0,0,12.4,0.5,1.79,Enrolled
1,1,1,15,1,1,1,23,27,10,10,1,1,0,1,0,0,19,0,0,6,11,4,12.25,0,0,6,11,3,11.0,0,7.6,2.6,0.32,Enrolled
1,1,1,11,1,1,1,13,28,10,10,0,0,0,1,0,0,19,0,0,6,6,6,12.0,0,0,6,7,4,12.75,0,12.4,0.5,1.79,Enrolled
1,12,1,12,1,3,1,13,1,5,9,0,0,0,1,0,0,24,0,0,8,8,7,12.401428571428571,0,0,8,8,7,12.401428571428571,0,10.8,1.4,1.74,Graduate
1,1,3,12,1,1,1,1,1,5,11,1,0,0,1,0,0,20,0,0,7,8,7,11.5875,0,0,8,9,7,14.071428571428571,0,13.9,-0.3,0.79,Graduate
1,1,1,12,1,1,1,2,1,3,9,0,0,0,1,0,1,19,0,0,7,7,7,12.901428571428571,0,0,8,9,8,13.094444444444443,0,11.1,0.6,2.02,Graduate
1,8,1,9,1,1,1,23,2,10,3,1,0,0,1,0,0,20,0,0,5,8,3,11.333333333333334,0,0,5,12,2,10.666666666666666,0,10.8,1.4,1.74,Enrolled
1,1,2,15,1,1,1,1,14,10,8,1,0,0,1,0,0,20,0,0,6,6,6,13.333333333333334,0,0,6,10,5,12.8,0,11.1,0.6,2.02,Graduate
1,4,1,4,1,3,1,23,27,6,7,0,0,0,1,0,0,32,0,0,6,7,0,0.0,0,0,6,6,0,0.0,0,12.4,0.5,1.79,Dropout
1,1,1,16,1,1,1,1,28,6,11,1,0,0,1,0,0,20,0,0,6,9,5,14.333333333333334,0,4,8,8,8,12.625,0,15.5,2.8,-4.06,Enrolled
1,8,3,12,1,1,1,1,27,10,10,1,0,0,1,0,1,20,0,0,8,8,7,13.487142857142857,0,0,8,8,7,13.487142857142857,0,10.8,1.4,1.74,Graduate
1,8,1,11,1,1,1,1,14,5,4,1,0,0,1,0,0,18,0,0,6,10,5,11.8,0,0,6,10,5,12.2,0,11.1,0.6,2.02,Graduate
1,8,2,16,1,1,1,1,1,10,5,1,0,0,1,0,0,23,0,0,6,10,5,12.8,0,0,6,9,3,11.666666666666666,0,10.8,1.4,1.74,Dropout
1,8,2,16,1,1,1,22,27,10,10,1,0,0,1,0,0,23,0,0,6,11,4,11.25,0,0,6,10,5,10.2,0,7.6,2.6,0.32,Dropout
1,8,1,8,1,1,1,3,14,3,10,0,0,0,1,0,0,18,0,0,5,14,2,12.0,2,0,5,6,5,12.6,0,9.4,-0.8,-3.12,Graduate
1,14,1,17,0,1,1,3,3,5,5,1,0,0,1,1,0,24,0,0,5,10,4,11.5,0,0,5,11,5,11.285714285714286,0,13.9,-0.3,0.79,Graduate
1,15,1,4,1,14,1,1,14,5,11,0,0,0,1,1,1,21,0,0,6,8,6,13.0,0,0,6,10,6,12.625,0,15.5,2.8,-4.06,Graduate
1,12,1,14,1,1,1,13,14,4,10,0,0,0,1,1,0,27,0,0,6,7,6,14.0,0,0,6,7,6,14.714285714285714,0,8.9,1.4,3.51,Graduate
1,1,1,9,1,1,1,23,27,10,10,1,0,0,1,1,0,22,0,0,5,9,0,0.0,0,0,5,5,1,12.0,0,7.6,2.6,0.32,Dropout
1,8,6,7,1,1,1,13,3,6,11,1,0,0,1,1,0,19,0,0,5,10,3,10.5,0,0,5,11,3,10.8,0,12.4,0.5,1.79,Dropout
1,1,6,9,1,1,1,3,14,5,6,0,0,0,1,1,0,20,0,0,5,14,3,12.4,0,0,5,8,5,10.833333333333334,0,13.9,-0.3,0.79,Enrolled
2,12,1,6,1,7,1,1,1,5,5,1,0,0,0,1,0,29,0,0,5,12,0,0.0,4,0,5,8,0,0.0,1,9.4,-0.8,-3.12,Dropout
1,8,1,16,1,1,1,23,10,8,1,0,0,0,0,0,1,20,0,0,6,10,4,12.0,0,0,6,14,3,10.0,0,7.6,2.6,0.32,Dropout
1,8,2,15,1,1,1,1,28,6,7,1,0,0,1,0,0,18,0,0,6,6,6,13.0,0,0,6,6,6,14.166666666666666,0,12.4,0.5,1.79,Graduate
1,1,1,9,1,1,1,22,28,5,10,1,0,0,1,0,0,18,0,0,5,8,2,10.5,0,0,5,7,3,12.333333333333334,0,7.6,2.6,0.32,Enrolled
1,1,1,6,1,1,5,3,3,7,7,1,0,0,1,0,1,19,1,0,5,6,5,15.4,0,0,5,5,5,16.0,0,10.8,1.4,1.74,Graduate
1,8,5,12,1,1,1,1,14,5,9,1,0,0,1,0,0,19,0,0,7,0,0,0.0,0,0,8,0,0,0.0,0,12.4,0.5,1.79,Dropout
1,1,1,2,1,1,14,3,3,3,6,1,0,0,1,0,1,19,1,0,0,0,0,0.0,0,0,0,0,0,0.0,0,13.9,-0.3,0.79,Graduate
2,1,1,3,0,1,1,22,27,1,1,1,0,0,1,1,0,45,0,0,6,7,6,13.666666666666666,0,0,6,6,6,13.666666666666666,0,7.6,2.6,0.32,Graduate
1,1,1,11,1,1,1,3,1,3,2,0,0,0,1,1,0,20,0,0,6,12,3,10.0,0,0,6,9,5,10.8,0,15.5,2.8,-4.06,Enrolled
1,15,1,6,1,14,1,2,2,7,7,0,0,0,0,1,0,20,0,2,6,10,5,13.2,0,1,6,21,3,12.0,0,12.4,0.5,1.79,Enrolled
1,4,1,13,1,4,1,5,5,3,3,1,0,0,1,1,0,43,0,4,4,4,4,13.875,0,1,1,1,1,12.5,0,11.1,0.6,2.02,Dropout
2,12,1,17,0,12,1,23,28,12,12,1,0,0,1,1,0,45,0,0,5,5,0,0.0,0,0,5,5,0,0.0,0,7.6,2.6,0.32,Dropout
2,12,1,6,1,1,1,22,27,12,12,0,0,0,1,1,0,33,0,0,5,7,4,13.5,0,0,5,6,5,11.6,0,7.6,2.6,0.32,Graduate
1,12,1,8,1,7,1,19,26,1,12,0,0,0,1,1,0,29,0,0,5,5,0,0.0,0,0,5,5,0,0.0,0,7.6,2.6,0.32,Dropout
1,15,1,8,1,14,1,1,1,5,5,1,0,0,1,0,0,20,0,0,5,7,4,12.0,1,0,5,6,4,12.4,0,10.8,1.4,1.74,Enrolled
1,12,1,12,1,1,1,3,3,3,3,0,0,0,0,1,0,36,0,0,6,15,2,11.5,0,0,7,9,0,0.0,0,15.5,2.8,-4.06,Dropout
1,1,2,10,1,1,1,13,1,10,9,1,0,1,0,0,0,18,0,0,6,0,0,0.0,0,0,6,0,0,0.0,0,11.1,0.6,2.02,Dropout
1,1,1,12,1,1,1,3,4,4,4,0,0,0,1,0,0,18,0,0,7,7,7,14.45,0,0,8,9,8,14.144444444444444,0,11.1,0.6,2.02,Graduate
1,16,1,9,1,1,1,1,1,5,5,0,0,0,1,0,0,21,0,0,5,9,5,12.8,0,0,5,11,3,12.666666666666666,0,11.1,0.6,2.02,Enrolled
1,8,3,7,1,1,1,3,3,4,5,1,1,0,1,1,0,19,0,0,5,10,3,13.333333333333334,0,0,5,9,4,10.75,0,8.9,1.4,3.51,Dropout
1,1,1,6,1,1,1,1,1,3,6,1,0,0,1,0,0,18,0,0,5,9,4,14.25,0,0,5,8,5,12.714285714285714,0,10.8,1.4,1.74,Enrolled
1,1,6,12,1,1,1,3,3,2,2,1,0,0,1,0,0,19,0,0,7,9,7,13.761111111111113,0,0,8,11,7,12.82375,0,15.5,2.8,-4.06,Graduate
1,12,1,4,1,9,1,22,1,10,11,0,0,0,1,1,0,28,0,0,6,6,0,0.0,0,0,6,6,0,0.0,0,11.1,0.6,2.02,Dropout
2,12,1,7,1,1,1,19,24,1,1,1,0,0,1,1,0,33,0,0,5,14,1,18.0,0,0,5,9,2,13.0,0,9.4,-0.8,-3.12,Dropout
1,13,1,17,0,1,1,13,14,6,6,0,0,0,1,1,0,30,0,11,15,15,13,11.461538461538462,0,6,11,15,10,11.583333333333334,1,16.2,0.3,-0.92,Graduate
1,1,1,2,1,1,1,3,2,3,6,1,0,0,1,1,0,19,0,0,0,0,0,0.0,0,0,0,0,0,0.0,0,9.4,-0.8,-3.12,Graduate
1,1,3,15,1,1,1,23,28,10,6,0,0,0,1,0,1,20,0,0,6,9,4,13.0,0,0,6,13,4,11.25,0,10.8,1.4,1.74,Graduate
1,12,1,2,1,1,1,22,28,28,44,0,0,0,0,0,0,32,0,0,0,0,0,0.0,0,0,0,0,0,0.0,0,16.2,0.3,-0.92,Dropout
1,14,1,12,1,1,1,22,27,10,10,1,0,0,1,0,1,21,0,0,8,8,7,14.428571428571429,0,0,8,8,7,14.428571428571429,0,12.7,3.7,-1.7,Graduate
1,8,1,15,1,1,1,22,27,6,6,0,0,0,1,0,0,18,0,0,6,9,6,12.5,0,0,6,9,6,13.0,0,7.6,2.6,0.32,Graduate
1,14,1,5,1,14,1,13,27,6,10,1,0,0,1,0,1,21,0,4,12,12,12,13.333333333333334,0,5,12,12,11,12.545454545454543,0,15.5,2.8,-4.06,Graduate
1,8,1,14,1,1,1,13,14,8,8,0,0,0,1,0,1,19,0,0,6,6,6,13.0,0,0,6,6,6,14.0,0,13.9,-0.3,0.79,Graduate
1,12,1,12,1,1,1,3,1,3,6,1,0,0,1,0,0,34,0,0,8,11,7,11.705714285714285,0,0,8,11,7,11.705714285714285,0,10.8,1.4,1.74,Enrolled
1,1,1,15,1,1,1,13,28,5,11,1,0,0,1,0,0,18,0,0,6,7,6,12.666666666666666,0,0,6,8,4,12.25,0,7.6,2.6,0.32,Enrolled
1,12,1,9,1,1,1,22,3,10,3,0,0,0,1,1,0,61,0,0,5,0,0,0.0,0,0,5,0,0,0.0,0,15.5,2.8,-4.06,Dropout
1,9,5,12,1,1,1,13,1,2,11,0,0,0,1,0,0,19,0,0,7,0,0,0.0,0,0,8,0,0,0.0,0,9.4,-0.8,-3.12,Dropout
1,13,1,7,1,1,1,3,1,3,10,1,0,0,1,1,0,26,0,4,10,14,4,11.25,0,4,11,11,4,12.0,0,7.6,2.6,0.32,Dropout
2,14,1,16,1,1,1,22,27,8,8,0,0,0,1,1,0,40,0,0,2,4,1,16.0,0,0,4,5,4,15.5,0,13.9,-0.3,0.79,Graduate
1,12,1,12,1,12,1,23,28,10,9,1,0,0,1,1,0,24,0,0,7,7,6,12.666666666666666,1,0,7,7,6,12.666666666666666,1,7.6,2.6,0.32,Graduate
1,1,1,15,1,1,1,1,28,5,6,0,0,0,1,1,0,18,0,0,6,6,6,12.0,0,0,6,6,6,12.5,0,12.7,3.7,-1.7,Graduate
1,8,2,6,1,1,1,13,28,10,2,1,0,1,0,1,0,19,0,0,6,10,5,12.5,0,0,6,19,2,13.5,0,12.4,0.5,1.79,Dropout
1,1,1,2,1,1,1,3,4,3,6,1,0,0,1,0,0,18,0,0,0,0,0,0.0,0,0,0,0,0,0.0,0,11.1,0.6,2.02,Graduate
1,1,2,12,1,1,1,13,14,10,11,1,0,0,1,0,0,18,0,0,7,10,7,13.128,0,0,8,13,6,13.193333333333332,0,15.5,2.8,-4.06,Graduate
1,1,2,15,1,1,1,13,1,5,6,1,0,0,1,0,0,18,0,0,6,0,0,0.0,0,0,6,0,0,0.0,0,11.1,0.6,2.02,Dropout
1,8,1,11,1,1,1,13,14,10,9,1,0,0,1,0,0,20,0,0,6,6,6,12.333333333333334,0,0,6,6,6,12.333333333333334,0,12.4,0.5,1.79,Graduate
1,8,3,6,1,1,1,1,14,5,12,0,0,0,0,0,0,21,0,0,5,8,2,11.5,0,0,5,7,2,10.5,0,7.6,2.6,0.32,Dropout
1,1,1,6,1,1,1,18,14,5,12,0,0,0,1,0,0,18,0,0,5,6,5,14.2,0,0,5,7,5,11.8,0,7.6,2.6,0.32,Graduate
1,1,3,5,1,1,1,1,28,10,8,0,0,0,1,0,1,18,0,0,6,6,6,14.333333333333334,0,0,6,7,6,14.0,0,11.1,0.6,2.02,Enrolled
1,1,6,12,1,1,1,2,1,5,5,1,0,0,1,0,0,19,0,0,8,8,7,14.1,0,0,8,8,7,14.1,0,10.8,1.4,1.74,Graduate
1,1,1,12,1,1,1,23,28,6,6,0,0,0,1,0,0,18,0,0,7,7,7,15.014285714285714,0,0,8,8,8,16.0875,0,12.4,0.5,1.79,Graduate
1,1,1,12,1,1,1,13,14,6,8,0,0,0,1,0,1,19,0,0,7,7,7,13.7,0,0,8,9,7,14.671428571428574,0,12.4,0.5,1.79,Graduate
1,4,1,3,0,15,1,13,1,6,11,1,0,1,0,0,0,23,0,7,12,12,11,14.0,0,4,10,11,8,14.625,0,13.9,-0.3,0.79,Dropout
1,8,1,8,1,1,1,1,1,5,6,0,0,0,1,0,0,18,0,0,5,7,4,12.0,0,0,5,6,5,12.0,0,7.6,2.6,0.32,Graduate
1,14,1,9,1,1,1,3,14,10,10,0,0,0,1,0,0,21,0,3,10,18,6,11.166666666666666,2,4,10,16,7,10.571428571428571,0,7.6,2.6,0.32,Enrolled
1,8,1,12,1,1,1,13,28,6,10,1,0,0,1,0,1,20,0,0,7,7,6,12.333333333333334,0,0,7,7,6,12.333333333333334,0,7.6,2.6,0.32,Graduate
1,1,3,14,1,1,1,1,1,6,6,0,0,0,1,0,0,20,0,0,5,6,5,13.333333333333334,0,0,5,6,5,13.2,0,7.6,2.6,0.32,Graduate
1,13,1,12,1,1,1,1,2,10,4,1,0,0,1,0,0,22,0,4,8,8,7,13.285714285714286,0,4,8,8,7,13.285714285714286,0,12.7,3.7,-1.7,Graduate
1,8,6,9,1,1,1,13,28,8,10,0,0,0,1,0,1,19,0,0,5,5,5,12.4,0,0,5,8,3,11.0,0,12.7,3.7,-1.7,Enrolled
1,8,3,9,1,1,1,1,14,4,6,1,0,0,1,0,0,19,0,0,5,7,3,10.333333333333334,0,0,5,11,3,14.428571428571429,0,10.8,1.4,1.74,Enrolled
1,1,1,14,1,1,1,13,27,6,8,0,0,0,1,1,0,21,0,0,5,7,4,11.5,0,0,5,6,4,11.75,0,9.4,-0.8,-3.12,Graduate
1,1,2,5,1,1,17,2,1,10,2,1,0,0,1,1,0,21,1,0,6,7,5,14.6,0,0,6,6,5,14.2,0,16.2,0.3,-0.92,Graduate
6,12,1,12,1,1,1,22,27,10,10,0,0,0,1,0,0,36,0,0,7,12,4,11.5,0,0,7,14,3,12.333333333333334,0,16.2,0.3,-0.92,Dropout
1,1,1,14,1,1,1,22,27,1,1,1,0,0,1,0,0,21,0,0,5,8,3,13.0,0,0,5,7,4,11.5,1,7.6,2.6,0.32,Graduate
1,1,2,12,1,1,1,1,1,5,11,1,0,0,1,0,0,19,0,0,8,8,7,12.764285714285714,0,0,8,8,7,12.764285714285714,0,10.8,1.4,1.74,Graduate
1,1,5,12,1,1,1,23,28,5,9,1,0,0,1,0,0,18,0,0,8,8,8,13.76375,0,0,8,8,8,13.76375,0,9.4,-0.8,-3.12,Graduate
1,1,1,10,1,1,1,13,14,10,10,0,0,0,1,0,1,18,0,0,6,8,6,13.5,0,0,6,9,6,12.833333333333334,0,11.1,0.6,2.02,Graduate
1,8,1,10,1,1,1,13,28,6,6,1,0,0,1,0,0,19,0,0,6,6,6,12.0,0,0,6,7,6,12.857142857142858,0,11.1,0.6,2.02,Graduate
1,4,1,17,0,15,1,22,27,10,8,0,0,0,1,0,0,32,0,0,5,7,5,11.6,0,0,5,8,5,12.333333333333334,0,12.4,0.5,1.79,Graduate
1,8,2,7,1,1,1,1,14,10,9,0,0,0,1,1,1,18,0,0,5,8,4,13.5,0,0,6,10,6,13.625,0,11.1,0.6,2.02,Enrolled
1,8,1,9,1,1,1,1,14,4,5,0,0,0,1,1,0,19,0,0,5,7,3,12.333333333333334,0,0,5,5,0,0.0,0,8.9,1.4,3.51,Dropout
1,8,3,9,1,1,1,13,28,6,8,1,0,0,1,0,1,18,0,0,5,5,5,13.4,0,0,5,6,5,12.2,0,12.7,3.7,-1.7,Graduate
1,1,2,12,1,1,1,22,27,10,10,1,0,0,1,0,0,18,0,0,7,7,6,14.333333333333334,0,0,7,7,6,14.333333333333334,0,7.6,2.6,0.32,Graduate
1,1,4,12,1,1,1,1,1,4,4,1,0,0,1,0,0,21,0,0,7,8,7,14.69625,0,0,8,9,8,14.622222222222224,0,12.4,0.5,1.79,Graduate
1,1,1,12,1,1,1,1,1,4,11,0,0,0,1,0,0,18,0,0,7,7,7,13.7,0,0,8,9,8,13.994444444444444,0,11.1,0.6,2.02,Graduate
1,1,1,8,1,1,1,3,1,2,4,0,0,0,0,0,0,23,0,0,5,9,0,0.0,3,1,5,10,1,12.0,3,10.8,1.4,1.74,Dropout
1,1,1,10,1,1,1,1,14,6,10,0,0,0,1,1,0,18,0,0,6,8,6,12.0,0,0,6,7,6,11.714285714285714,0,15.5,2.8,-4.06,Graduate
1,4,1,13,1,3,1,1,27,5,9,0,0,0,0,1,0,23,0,3,7,7,3,13.666666666666666,0,3,8,8,3,11.333333333333334,4,10.8,1.4,1.74,Dropout
1,12,1,12,1,1,1,23,14,10,10,1,0,0,0,1,0,32,0,0,7,0,0,0.0,0,0,8,0,0,0.0,0,16.2,0.3,-0.92,Dropout
1,1,1,8,1,1,1,13,27,2,10,1,0,0,1,1,0,22,0,0,5,9,2,10.5,0,0,5,5,0,0.0,0,12.7,3.7,-1.7,Dropout
1,8,5,12,1,1,1,23,1,10,8,1,0,0,1,0,1,18,0,0,7,8,7,13.15,0,0,8,9,8,15.06875,0,13.9,-0.3,0.79,Graduate
1,14,1,14,1,1,9,22,27,10,10,1,0,0,1,1,0,23,1,3,9,11,6,10.5,0,4,10,10,10,11.7,0,9.4,-0.8,-3.12,Graduate
1,8,5,6,1,1,1,13,14,12,8,0,0,0,0,0,0,18,0,0,6,0,0,0.0,0,0,6,0,0,0.0,0,12.7,3.7,-1.7,Dropout
1,8,4,16,1,1,1,22,27,10,6,1,0,0,1,0,0,18,0,0,6,7,5,11.8,0,0,6,7,5,11.4,0,10.8,1.4,1.74,Dropout
1,8,1,15,1,1,1,13,28,10,8,1,0,0,1,0,1,21,0,0,6,6,5,13.0,0,0,6,7,6,12.833333333333334,0,8.9,1.4,3.51,Graduate
1,1,3,12,1,1,1,23,28,6,8,1,0,0,1,0,1,18,0,0,8,11,7,12.90857142857143,0,0,8,11,7,12.90857142857143,0,10.8,1.4,1.74,Graduate
1,1,2,12,1,1,1,1,28,10,10,1,0,0,1,0,1,18,0,0,7,9,6,12.816666666666668,0,0,8,11,6,12.875,0,11.1,0.6,2.02,Enrolled
1,6,1,7,1,1,13,1,3,21,31,0,0,1,1,0,0,19,1,0,6,11,2,13.5,1,0,5,11,2,11.0,0,8.9,1.4,3.51,Enrolled
1,1,1,7,1,1,1,3,1,3,4,0,0,0,1,1,0,20,0,0,5,9,4,11.6,0,0,5,7,4,12.25,2,7.6,2.6,0.32,Enrolled
1,1,1,14,1,1,1,2,28,21,35,1,0,0,1,1,0,19,0,0,6,10,4,12.5,0,0,6,12,1,10.0,3,16.2,0.3,-0.92,Enrolled
1,8,2,11,1,1,1,13,14,5,4,1,0,0,1,1,0,20,0,0,6,8,6,11.833333333333334,0,0,6,9,5,10.4,0,7.6,2.6,0.32,Enrolled
1,14,4,3,0,1,1,19,24,1,1,0,0,0,1,1,0,21,0,9,11,11,11,12.454545454545457,0,3,11,17,8,12.75,0,9.4,-0.8,-3.12,Graduate
1,1,2,14,1,1,1,3,1,3,7,1,0,0,1,1,1,21,0,0,6,8,6,15.166666666666666,0,0,6,7,6,14.428571428571429,0,8.9,1.4,3.51,Graduate
1,4,1,12,1,5,1,13,1,5,2,1,0,0,0,0,0,39,0,0,7,0,0,0.0,0,0,8,0,0,0.0,0,12.4,0.5,1.79,Dropout
1,1,1,2,1,1,1,3,2,3,3,1,0,0,1,1,0,18,0,0,0,0,0,0.0,0,0,0,0,0,0.0,0,7.6,2.6,0.32,Enrolled
1,6,1,11,1,1,12,13,1,10,8,1,0,0,0,0,0,21,1,0,6,6,6,11.5,0,0,6,10,4,13.25,0,13.9,-0.3,0.79,Graduate
1,9,5,16,1,1,1,23,14,8,8,1,0,1,0,0,0,20,0,0,6,14,2,12.0,0,0,6,14,3,11.666666666666666,0,10.8,1.4,1.74,Dropout
2,1,1,3,0,1,1,22,27,10,10,1,0,0,1,0,0,45,0,8,12,14,12,14.0,0,2,7,12,7,13.857142857142858,0,7.6,2.6,0.32,Enrolled
1,1,1,15,1,1,1,22,27,10,8,1,0,0,1,1,1,21,0,0,6,6,6,13.5,0,0,6,6,6,14.166666666666666,0,12.7,3.7,-1.7,Graduate
1,1,1,2,1,1,1,17,28,10,9,1,0,0,1,1,0,20,0,0,0,0,0,0.0,0,0,0,0,0,0.0,0,7.6,2.6,0.32,Graduate
1,1,3,2,1,1,1,23,27,10,4,1,0,1,0,1,1,19,0,0,0,0,0,0.0,0,0,0,0,0,0.0,0,9.4,-0.8,-3.12,Dropout
1,8,1,10,1,1,1,22,27,8,8,1,0,0,1,1,0,18,0,0,6,10,4,12.0,0,0,6,7,5,11.8,0,9.4,-0.8,-3.12,Dropout
1,12,1,3,0,11,1,19,24,1,1,1,0,0,0,0,0,37,0,0,5,9,0,0.0,0,0,5,5,0,0.0,5,9.4,-0.8,-3.12,Dropout
1,1,2,16,1,1,1,1,1,3,10,1,0,0,1,0,0,20,0,0,6,6,6,13.5,0,0,6,6,0,0.0,0,12.7,3.7,-1.7,Dropout
1,1,1,9,1,1,1,3,14,2,5,0,0,0,1,0,0,19,0,0,5,6,5,13.4,0,0,5,6,5,13.0,0,16.2,0.3,-0.92,Graduate
1,15,1,5,1,14,1,1,28,5,7,0,0,1,0,0,0,22,0,2,7,9,5,11.6,0,5,9,9,5,10.0,0,12.4,0.5,1.79,Dropout
1,8,1,3,0,1,1,22,27,6,9,0,0,1,1,0,1,22,0,1,6,7,4,12.75,0,1,6,8,5,13.0,0,13.9,-0.3,0.79,Graduate
1,12,1,17,0,1,1,1,1,5,3,0,0,0,1,0,0,25,0,0,5,12,4,12.5,0,0,5,10,4,11.0,0,13.9,-0.3,0.79,Enrolled
1,4,1,13,1,3,1,3,3,3,3,0,0,1,0,1,0,38,0,0,7,8,3,12.666666666666666,0,0,5,5,0,0.0,0,13.9,-0.3,0.79,Dropout
1,1,1,2,1,1,1,13,1,10,10,1,0,0,1,1,0,20,0,0,0,0,0,0.0,0,0,0,0,0,0.0,0,10.8,1.4,1.74,Enrolled
1,1,5,2,1,1,1,1,1,5,5,0,0,0,1,1,0,18,0,0,0,0,0,0.0,0,0,0,0,0,0.0,0,12.7,3.7,-1.7,Dropout
1,8,2,12,1,1,1,1,14,5,11,1,0,0,1,0,0,19,0,0,8,8,8,13.3425,0,0,8,8,8,13.3425,0,9.4,-0.8,-3.12,Graduate
1,15,1,7,1,14,1,13,3,6,3,0,0,0,1,1,0,20,0,0,5,16,0,0.0,0,0,5,12,2,10.5,0,12.7,3.7,-1.7,Enrolled
1,15,1,8,1,14,1,1,27,5,9,1,0,0,0,0,0,22,0,1,6,10,3,12.666666666666666,0,0,6,7,0,0.0,0,15.5,2.8,-4.06,Dropout
1,1,2,15,1,1,1,1,1,10,10,1,0,0,1,0,1,19,0,0,6,7,6,13.5,0,0,6,7,6,14.428571428571429,0,16.2,0.3,-0.92,Graduate
1,12,1,17,0,1,1,3,5,3,3,0,0,1,1,1,0,29,0,1,5,9,3,11.0,0,0,5,11,2,13.5,0,12.7,3.7,-1.7,Dropout
1,14,2,14,1,1,1,13,1,5,5,1,0,0,1,1,0,22,0,4,6,6,6,11.833333333333334,0,0,6,11,4,11.142857142857142,0,10.8,1.4,1.74,Dropout
2,16,1,12,1,1,1,22,27,6,6,0,0,0,1,1,0,44,0,0,7,11,5,12.1,0,0,7,10,5,12.6,0,11.1,0.6,2.02,Dropout
1,1,1,10,1,1,1,3,3,4,4,0,0,0,1,0,0,20,0,0,6,6,6,14.5,0,0,6,6,6,12.666666666666666,0,12.4,0.5,1.79,Graduate
1,1,1,10,1,1,1,23,1,6,8,0,0,0,1,0,1,18,0,0,6,7,6,13.285714285714286,0,0,6,6,6,14.333333333333334,0,12.4,0.5,1.79,Graduate
1,1,1,9,1,1,1,23,27,6,7,0,0,0,1,0,1,18,0,0,5,11,4,11.571428571428571,0,0,5,9,5,12.0,0,13.9,-0.3,0.79,Enrolled
1,1,1,10,1,1,1,23,28,29,43,0,0,1,1,0,1,20,0,0,6,7,5,11.4,0,0,6,9,6,11.5,0,8.9,1.4,3.51,Graduate
1,12,1,5,1,1,1,1,14,5,5,1,0,0,1,0,0,24,0,0,6,6,6,15.166666666666666,0,0,6,6,2,15.5,0,15.5,2.8,-4.06,Graduate
1,1,1,9,1,1,1,1,28,4,7,0,0,0,1,1,1,18,0,0,5,5,5,11.8,0,0,5,8,3,11.0,0,9.4,-0.8,-3.12,Graduate
1,1,2,12,1,1,1,5,5,3,3,0,0,0,1,1,0,19,0,0,7,10,6,13.492857142857144,0,0,8,9,8,12.68888888888889,0,12.4,0.5,1.79,Graduate
2,12,1,7,1,1,1,13,14,1,6,0,0,1,1,1,0,30,0,0,5,5,0,0.0,0,0,5,5,0,0.0,0,7.6,2.6,0.32,Dropout
1,1,1,11,1,1,1,1,1,6,5,1,0,0,0,1,0,20,0,0,6,14,2,10.5,0,0,6,16,0,0.0,0,10.8,1.4,1.74,Dropout
1,8,1,5,1,1,1,22,28,10,6,1,0,0,1,1,0,18,0,0,6,6,6,11.833333333333334,0,0,6,6,6,13.166666666666666,0,7.6,2.6,0.32,Graduate
1,12,1,17,0,1,1,22,27,10,7,0,0,1,0,1,0,31,0,0,5,9,0,0.0,0,0,5,6,0,0.0,0,12.4,0.5,1.79,Dropout
1,1,1,15,1,1,1,13,9,1,1,1,0,0,1,1,0,19,0,0,6,6,6,11.666666666666666,0,0,6,10,3,12.666666666666666,0,7.6,2.6,0.32,Graduate
1,8,1,14,1,1,1,19,3,8,3,1,0,1,0,1,0,23,0,0,5,5,0,0.0,0,0,5,5,0,0.0,0,7.6,2.6,0.32,Dropout
1,12,1,3,0,1,1,19,24,1,1,1,0,0,1,1,0,29,0,0,6,10,0,0.0,1,0,5,10,0,0.0,0,7.6,2.6,0.32,Dropout
1,12,1,4,1,1,1,22,27,10,5,0,0,0,1,1,0,35,0,0,6,16,4,12.0,0,0,6,11,3,10.333333333333334,0,13.9,-0.3,0.79,Dropout
2,14,1,15,1,1,1,22,27,6,1,0,0,1,0,1,0,51,0,0,4,4,0,0.0,0,0,4,4,0,0.0,0,12.7,3.7,-1.7,Dropout
1,1,1,2,1,1,1,2,3,5,9,1,0,0,1,0,0,18,0,0,0,0,0,0.0,0,0,0,0,0,0.0,0,12.4,0.5,1.79,Enrolled
1,1,1,6,1,1,1,13,27,9,9,0,1,0,1,0,0,21,0,0,6,13,4,12.0,0,0,6,17,2,11.5,0,11.1,0.6,2.02,Enrolled
1,13,1,6,1,1,1,1,7,5,5,0,0,0,1,0,0,24,0,5,11,29,9,12.0,6,4,10,21,9,12.555555555555555,0,9.4,-0.8,-3.12,Graduate
1,1,2,14,1,1,1,3,14,5,6,1,0,0,1,0,0,18,0,0,6,8,5,13.0,0,0,6,8,5,14.0,0,13.9,-0.3,0.79,Graduate
1,8,1,14,1,1,1,1,28,5,8,0,0,1,1,0,1,18,0,0,6,7,1,14.0,0,0,6,6,0,0.0,0,15.5,2.8,-4.06,Dropout
1,12,1,12,1,12,1,13,27,10,5,0,0,0,1,0,1,25,0,0,8,8,8,13.3675,0,0,8,8,8,13.3675,0,9.4,-0.8,-3.12,Graduate
1,1,2,15,1,1,1,1,14,5,8,1,0,0,1,0,1,19,0,0,6,7,6,13.857142857142858,0,0,6,7,6,13.142857142857142,0,13.9,-0.3,0.79,Dropout
1,9,1,12,1,1,1,13,1,10,5,0,0,0,1,0,1,20,0,0,8,8,0,0.0,8,0,8,8,0,0.0,8,9.4,-0.8,-3.12,Enrolled
1,1,1,11,1,1,1,13,7,1,1,1,0,0,1,0,1,20,0,0,6,12,0,0.0,0,0,6,12,0,0.0,0,7.6,2.6,0.32,Dropout
1,8,1,15,1,1,1,22,27,10,10,0,0,0,1,0,0,18,0,0,6,7,6,12.857142857142858,0,0,6,6,6,13.333333333333334,0,13.9,-0.3,0.79,Graduate
2,12,1,17,0,1,1,22,27,10,5,0,0,0,1,0,0,44,0,0,5,5,5,11.8,0,0,5,5,5,12.4,0,15.5,2.8,-4.06,Graduate
2,12,1,17,0,1,1,22,27,10,11,0,0,0,1,0,0,34,0,0,5,12,2,11.5,0,0,5,9,4,11.75,0,9.4,-0.8,-3.12,Enrolled
1,1,1,12,1,1,1,13,27,5,10,1,0,0,1,0,1,19,0,0,7,7,6,12.966666666666669,0,0,7,7,6,12.966666666666669,0,7.6,2.6,0.32,Graduate
1,8,5,13,1,1,1,13,14,10,9,1,0,0,1,0,1,19,0,0,7,8,7,13.385714285714286,0,0,8,8,8,13.3875,0,10.8,1.4,1.74,Graduate
1,1,5,11,1,1,1,13,1,8,11,1,0,0,1,0,1,18,0,0,6,7,6,13.428571428571429,0,0,6,6,6,12.666666666666666,0,8.9,1.4,3.51,Graduate
1,8,2,12,1,1,1,3,3,4,7,1,0,0,1,0,0,18,0,0,7,8,7,12.5,0,0,8,9,7,13.042857142857144,0,13.9,-0.3,0.79,Graduate
1,1,3,12,1,1,1,13,14,5,9,1,0,0,1,0,1,20,0,0,7,7,6,12.633333333333333,0,0,7,7,6,12.633333333333333,0,7.6,2.6,0.32,Graduate
1,1,6,12,1,1,1,22,27,10,9,1,0,0,1,0,1,18,0,0,7,8,7,13.26,0,0,8,8,8,14.28625,0,15.5,2.8,-4.06,Graduate
1,1,1,6,1,1,1,13,27,4,8,0,0,0,1,0,0,18,0,0,6,13,6,12.0,0,0,6,16,4,12.75,0,11.1,0.6,2.02,Enrolled
1,8,5,12,1,1,1,1,1,6,5,1,0,0,1,0,0,18,0,0,7,9,7,12.385714285714286,0,0,8,9,7,12.728571428571428,0,13.9,-0.3,0.79,Enrolled
2,12,1,3,0,9,1,22,27,8,10,0,0,0,1,0,0,42,0,0,6,6,6,11.666666666666666,0,0,6,6,6,13.666666666666666,0,10.8,1.4,1.74,Graduate
1,1,1,5,1,1,1,22,27,10,7,0,0,0,1,0,1,19,0,0,6,7,5,13.4,0,0,6,6,6,12.833333333333334,0,15.5,2.8,-4.06,Graduate
1,13,1,10,1,1,1,1,14,5,10,0,0,0,1,0,0,21,0,10,13,21,11,13.272727272727272,0,6,11,13,9,13.0,0,7.6,2.6,0.32,Graduate
1,1,1,5,1,1,1,23,14,23,44,1,1,0,1,0,0,19,0,0,6,6,6,14.666666666666666,0,0,6,7,6,15.142857142857142,0,8.9,1.4,3.51,Graduate
1,1,4,12,1,1,1,1,3,2,3,0,0,0,1,0,1,20,0,0,8,8,7,14.565714285714288,0,0,8,8,7,14.565714285714288,0,10.8,1.4,1.74,Graduate
1,8,1,14,1,1,1,3,3,3,2,1,0,0,1,0,0,20,0,0,6,7,6,15.571428571428571,0,0,6,6,6,17.166666666666668,0,16.2,0.3,-0.92,Graduate
1,8,1,2,1,1,1,23,28,8,8,1,0,0,1,0,0,19,0,0,0,0,0,0.0,0,0,0,0,0,0.0,0,15.5,2.8,-4.06,Dropout
1,8,1,11,1,1,1,13,14,8,6,1,0,0,1,0,1,19,0,0,6,10,4,12.25,0,0,6,9,3,12.333333333333334,0,9.4,-0.8,-3.12,Graduate
1,1,6,12,1,1,1,13,28,6,8,1,0,0,1,0,1,18,0,0,8,8,8,13.40375,0,0,8,8,8,13.40375,0,9.4,-0.8,-3.12,Graduate
1,1,6,12,1,1,1,4,14,3,4,1,0,0,1,1,0,18,0,0,7,0,0,0.0,0,0,8,0,0,0.0,0,16.2,0.3,-0.92,Dropout
1,1,2,15,1,1,1,23,14,5,8,1,0,0,1,1,1,19,0,0,6,8,4,12.0,0,0,6,8,6,12.285714285714286,0,15.5,2.8,-4.06,Enrolled
1,12,2,13,1,1,1,1,1,10,11,0,0,0,1,1,0,24,0,0,7,18,0,0.0,0,0,7,13,0,0.0,1,11.1,0.6,2.02,Dropout
1,1,5,9,1,1,1,24,29,4,4,1,0,0,0,1,0,18,0,0,5,0,0,0.0,0,0,5,0,0,0.0,0,11.1,0.6,2.02,Dropout
1,8,2,9,1,1,1,23,28,5,8,1,0,0,1,1,1,22,0,0,5,7,3,12.333333333333334,0,0,5,9,3,10.571428571428571,0,10.8,1.4,1.74,Enrolled
1,1,3,12,1,1,1,1,1,5,5,1,0,0,1,1,0,18,0,0,8,8,7,13.1,0,0,8,8,7,13.1,0,12.7,3.7,-1.7,Graduate
1,1,1,5,1,1,1,22,1,10,9,1,0,0,1,1,0,22,0,0,6,9,6,14.666666666666666,0,0,6,12,6,14.666666666666666,0,12.7,3.7,-1.7,Graduate
1,8,4,12,1,1,1,23,27,6,8,1,0,0,1,1,1,18,0,0,7,7,7,13.462857142857144,0,0,8,8,8,13.90625,0,11.1,0.6,2.02,Graduate
1,12,1,4,1,1,1,23,28,10,10,0,0,1,0,1,0,28,0,5,11,14,11,15.090909090909092,0,5,10,11,10,15.0,0,11.1,0.6,2.02,Dropout
1,9,1,6,1,1,1,1,14,4,6,0,0,0,0,1,0,21,0,0,6,10,5,14.0,0,0,6,11,4,14.8,0,11.1,0.6,2.02,Enrolled
2,12,1,3,0,12,1,22,27,7,7,0,0,0,1,1,0,49,0,0,6,8,6,12.166666666666666,0,0,6,8,6,14.428571428571429,0,12.4,0.5,1.79,Graduate
1,16,1,15,1,1,1,1,32,6,4,1,0,0,1,1,0,23,0,0,6,7,6,13.333333333333334,0,0,6,6,4,12.75,0,11.1,0.6,2.02,Graduate
2,14,1,3,0,1,1,22,27,6,6,0,0,0,1,1,0,47,0,0,6,9,6,12.142857142857142,0,0,6,6,0,0.0,0,16.2,0.3,-0.92,Dropout
1,1,1,10,1,1,1,1,1,5,5,0,0,0,1,1,0,19,0,0,6,12,4,12.25,0,0,6,9,6,11.0,0,9.4,-0.8,-3.12,Graduate
1,12,1,7,1,12,1,1,1,5,4,0,0,1,0,1,0,31,0,0,5,9,2,13.333333333333334,0,0,5,9,2,16.0,4,16.2,0.3,-0.92,Dropout
4,12,1,10,1,1,1,13,3,10,3,0,0,0,1,1,0,50,0,0,6,7,4,12.25,0,0,6,7,0,0.0,0,8.9,1.4,3.51,Dropout
4,12,1,11,1,1,1,22,14,10,10,1,0,0,1,1,0,44,0,0,6,6,6,12.666666666666666,0,0,6,6,6,11.5,0,12.4,0.5,1.79,Graduate
1,1,1,8,1,1,1,3,3,2,3,0,0,0,1,1,0,18,0,0,5,7,4,14.0,0,0,5,5,5,14.2,0,7.6,2.6,0.32,Graduate
1,8,1,14,1,1,1,22,27,10,10,1,0,0,1,1,1,21,0,0,6,8,4,14.75,0,0,6,6,5,11.8,0,12.7,3.7,-1.7,Graduate
1,12,1,8,1,1,1,1,14,5,6,1,0,0,1,1,0,29,0,0,5,11,1,18.0,2,0,5,10,3,13.333333333333334,2,10.8,1.4,1.74,Dropout
1,8,3,2,1,1,1,3,29,3,6,1,1,0,1,1,0,22,0,0,0,0,0,0.0,0,0,0,0,0,0.0,0,10.8,1.4,1.74,Enrolled
1,4,1,7,1,15,1,1,1,5,5,0,0,0,1,1,0,27,0,4,6,6,6,13.166666666666666,0,2,5,7,5,15.142857142857142,0,11.1,0.6,2.02,Dropout
1,14,1,4,1,1,1,22,1,6,5,0,0,0,1,1,0,25,0,8,14,24,8,12.5,2,6,13,23,10,11.6,0,15.5,2.8,-4.06,Dropout
1,8,2,15,1,1,1,3,14,3,4,1,0,0,1,1,0,19,0,0,6,7,6,14.428571428571429,0,0,6,7,6,14.571428571428571,0,13.9,-0.3,0.79,Graduate
1,8,1,12,1,1,1,1,1,6,6,0,0,0,1,1,0,19,0,0,7,9,7,12.492857142857144,0,0,8,10,8,11.7125,0,16.2,0.3,-0.92,Graduate
1,1,1,12,1,1,1,23,27,6,11,1,0,0,1,1,0,19,0,0,8,8,7,15.885714285714286,0,0,8,8,7,15.885714285714286,0,10.8,1.4,1.74,Graduate
2,12,2,17,0,1,1,22,27,10,10,0,0,0,1,0,0,43,0,0,5,11,3,10.666666666666666,0,1,5,10,4,12.5,0,9.4,-0.8,-3.12,Enrolled
1,1,1,15,1,1,1,23,28,7,4,0,0,0,1,1,1,18,0,0,6,12,4,11.5,0,0,6,10,5,12.6,0,10.8,1.4,1.74,Graduate
2,12,1,4,1,3,1,3,14,5,7,0,0,0,1,1,0,32,0,0,6,8,6,18.875,0,6,12,14,12,17.692307692307693,0,16.2,0.3,-0.92,Graduate
1,12,1,5,1,1,1,22,27,8,8,0,0,0,1,1,0,55,0,0,6,6,6,14.5,0,0,6,6,6,13.5,0,11.1,0.6,2.02,Graduate
2,12,1,15,1,1,1,22,27,8,5,0,0,0,1,1,0,43,0,0,6,10,4,11.75,0,0,6,7,0,0.0,0,15.5,2.8,-4.06,Dropout
2,12,1,3,0,12,1,13,27,10,10,0,0,1,0,1,0,45,0,0,6,7,0,0.0,0,0,5,5,0,0.0,0,16.2,0.3,-0.92,Dropout
1,14,2,12,1,1,1,23,27,5,5,1,0,0,1,1,1,28,0,18,23,23,20,13.5,3,18,23,23,20,13.5,3,7.6,2.6,0.32,Graduate
1,1,1,5,1,1,1,13,14,6,6,0,0,0,1,1,1,22,0,1,6,6,6,12.666666666666666,0,1,6,6,5,12.4,0,12.4,0.5,1.79,Graduate
2,12,1,9,1,1,1,22,27,10,6,0,0,0,1,1,0,45,0,0,5,6,5,14.833333333333334,0,0,5,5,5,14.8,0,15.5,2.8,-4.06,Graduate
1,15,1,6,1,14,3,5,4,2,2,0,0,0,1,0,0,20,1,2,6,7,6,13.333333333333334,0,1,6,16,5,13.375,0,12.4,0.5,1.79,Graduate
1,1,1,13,1,1,1,13,14,5,10,1,0,0,1,0,0,18,0,0,7,9,7,11.155555555555557,0,0,8,10,8,11.425,0,12.7,3.7,-1.7,Graduate
1,8,1,2,1,1,1,13,28,10,8,0,0,0,1,1,1,23,0,0,0,0,0,0.0,0,0,0,0,0,0.0,0,9.4,-0.8,-3.12,Graduate
1,8,1,16,1,1,1,13,1,6,6,0,0,0,1,0,0,20,0,0,6,0,0,0.0,0,0,6,0,0,0.0,0,15.5,2.8,-4.06,Dropout
1,14,1,8,1,1,14,3,4,4,3,0,0,0,1,0,0,19,1,0,5,10,5,14.857142857142858,2,0,5,7,5,15.142857142857142,0,9.4,-0.8,-3.12,Enrolled
1,9,1,8,1,1,1,23,14,10,6,1,0,0,1,0,1,18,0,0,5,7,4,11.5,0,0,5,5,5,12.4,0,10.8,1.4,1.74,Graduate
1,15,1,4,1,14,1,23,28,7,4,0,0,0,1,0,0,19,0,0,6,18,3,11.666666666666666,0,0,6,14,4,11.5,0,15.5,2.8,-4.06,Enrolled
1,1,2,15,1,1,1,13,14,10,10,1,0,0,1,1,1,18,0,0,6,6,6,14.0,0,0,6,6,6,14.166666666666666,0,9.4,-0.8,-3.12,Graduate
1,1,1,3,0,1,1,23,27,6,6,0,0,0,1,0,0,19,0,0,6,6,6,12.5,0,0,6,6,6,11.5,0,12.7,3.7,-1.7,Graduate
1,8,1,17,0,1,1,19,24,1,1,1,0,1,1,1,0,33,0,0,5,8,2,10.5,0,0,5,5,0,0.0,0,7.6,2.6,0.32,Dropout
1,1,1,10,1,1,1,13,27,5,8,1,0,0,1,0,1,18,0,0,6,6,6,13.666666666666666,0,0,6,6,6,13.0,0,10.8,1.4,1.74,Graduate
1,9,2,9,1,1,1,1,27,6,6,1,0,0,1,0,0,21,0,0,5,8,3,12.0,1,0,5,9,3,12.666666666666666,0,9.4,-0.8,-3.12,Enrolled
1,14,1,2,1,1,1,13,28,10,10,0,0,0,1,0,1,18,0,0,0,0,0,0.0,0,0,0,0,0,0.0,0,13.9,-0.3,0.79,Dropout
2,14,1,17,0,1,1,22,27,10,10,0,0,0,1,0,0,34,0,3,8,9,3,11.0,0,2,7,7,2,10.0,0,9.4,-0.8,-3.12,Dropout
1,8,1,16,1,1,1,13,28,6,8,1,0,0,1,0,1,18,0,0,6,8,5,12.2,0,0,6,13,0,0.0,0,9.4,-0.8,-3.12,Dropout
1,14,1,12,1,1,1,1,1,8,5,1,0,0,1,1,0,22,0,0,8,9,8,12.55375,1,0,8,9,8,12.55375,1,9.4,-0.8,-3.12,Graduate
1,1,1,14,1,1,1,1,14,8,6,1,0,0,1,1,0,20,0,0,6,10,6,12.714285714285714,0,0,6,8,4,13.0,0,12.4,0.5,1.79,Enrolled
1,1,1,2,1,1,1,1,27,8,8,0,0,0,1,1,0,22,0,0,0,0,0,0.0,0,0,0,0,0,0.0,0,11.1,0.6,2.02,Dropout
1,14,1,5,1,1,1,3,29,4,8,0,0,0,1,1,0,26,0,5,7,8,7,13.285714285714286,0,3,8,11,7,12.142857142857142,0,12.4,0.5,1.79,Enrolled
2,12,2,9,1,1,1,22,27,6,8,0,0,0,1,1,0,43,0,0,5,14,0,0.0,1,0,5,5,0,0.0,0,9.4,-0.8,-3.12,Dropout
1,12,1,12,1,1,1,22,27,10,10,0,0,0,1,1,0,25,0,0,8,11,6,12.675,0,0,8,11,6,12.675,0,12.7,3.7,-1.7,Graduate
1,8,1,14,1,1,1,13,27,6,6,1,0,0,1,1,1,19,0,0,6,7,4,13.75,0,0,6,10,6,11.555555555555555,0,10.8,1.4,1.74,Graduate
1,14,1,17,0,1,1,22,27,10,10,0,0,0,1,1,0,31,0,1,5,6,5,13.833333333333334,0,0,5,7,5,15.4,0,9.4,-0.8,-3.12,Graduate
1,13,1,7,1,1,1,13,14,12,12,0,0,1,0,1,0,31,0,0,4,4,0,0.0,0,0,5,5,0,0.0,0,12.7,3.7,-1.7,Dropout
1,1,1,2,1,1,1,1,1,5,4,1,0,1,1,1,0,21,0,0,0,0,0,0.0,0,0,0,0,0,0.0,0,16.2,0.3,-0.92,Dropout
1,15,1,6,1,14,1,13,14,10,10,1,0,0,1,0,0,23,0,1,6,14,5,14.428571428571429,0,1,6,7,6,13.428571428571429,0,16.2,0.3,-0.92,Graduate
1,1,1,10,1,1,1,4,1,6,6,0,0,0,1,0,0,18,0,0,6,7,6,13.833333333333334,0,0,6,7,6,13.714285714285714,0,11.1,0.6,2.02,Graduate
1,8,2,9,1,1,1,23,27,7,7,0,0,0,1,0,0,18,0,0,5,11,5,11.333333333333334,0,0,5,8,5,12.0,0,13.9,-0.3,0.79,Graduate
1,12,1,11,1,1,1,13,14,5,8,0,0,1,0,0,1,28,0,0,6,6,6,10.833333333333334,0,0,6,7,5,11.0,0,13.9,-0.3,0.79,Dropout
1,12,1,12,1,4,1,3,28,4,8,1,0,0,1,1,0,26,0,2,7,8,6,13.046666666666669,0,2,8,10,7,13.30625,0,11.1,0.6,2.02,Dropout
1,1,4,12,1,1,1,22,27,10,10,1,0,0,1,0,0,18,0,0,8,8,8,13.045,0,0,8,8,8,13.045,0,9.4,-0.8,-3.12,Graduate
1,14,1,15,1,1,1,13,27,6,6,1,0,0,1,0,0,23,0,0,6,11,3,11.333333333333334,0,0,6,7,2,11.0,0,16.2,0.3,-0.92,Enrolled
1,1,1,10,1,1,1,22,27,10,8,1,0,0,1,0,0,20,0,0,6,7,5,13.2,0,0,6,6,6,12.666666666666666,0,10.8,1.4,1.74,Enrolled
1,1,1,16,1,1,1,23,27,10,10,0,0,0,1,0,1,19,0,0,6,6,6,12.5,0,0,6,6,6,12.833333333333334,0,12.7,3.7,-1.7,Graduate
2,12,1,4,1,1,1,22,27,10,7,0,0,0,1,0,0,46,0,14,19,24,19,12.210526315789474,0,11,13,13,13,11.384615384615383,0,15.5,2.8,-4.06,Graduate
1,15,1,4,1,14,1,23,28,10,7,1,0,0,1,0,0,20,0,0,6,7,6,13.571428571428571,0,0,6,9,6,12.714285714285714,0,12.4,0.5,1.79,Graduate
1,1,1,12,1,1,1,13,14,10,11,1,0,1,1,0,0,19,0,0,7,0,0,0.0,0,0,8,0,0,0.0,0,11.1,0.6,2.02,Dropout
4,14,1,3,0,9,1,19,24,1,1,1,0,0,1,0,0,48,0,0,6,9,5,13.0,0,0,6,10,4,12.5,0,7.6,2.6,0.32,Enrolled
2,12,1,9,1,1,1,22,27,10,11,0,0,0,1,0,0,41,0,0,5,14,4,14.5,1,0,5,12,5,13.0,0,9.4,-0.8,-3.12,Enrolled
2,12,1,17,0,9,1,22,24,12,12,1,0,0,1,0,0,50,0,0,5,0,0,0.0,0,0,5,0,0,0.0,0,7.6,2.6,0.32,Dropout
4,12,1,3,0,1,1,23,27,6,8,0,0,0,1,0,0,45,0,0,6,13,4,12.5,0,0,6,8,3,11.666666666666666,0,16.2,0.3,-0.92,Dropout
4,12,1,3,0,12,1,22,27,10,8,0,0,0,1,0,1,47,0,0,6,8,5,12.2,0,0,6,10,4,11.25,0,12.4,0.5,1.79,Graduate
2,12,1,3,0,1,1,22,27,10,10,0,0,0,1,0,1,43,0,0,6,7,6,12.333333333333334,0,0,6,8,6,11.5,0,8.9,1.4,3.51,Graduate
1,12,1,3,0,2,1,22,27,6,8,0,0,0,1,0,0,39,0,7,11,13,11,14.454545454545457,0,6,8,8,8,13.5,0,12.7,3.7,-1.7,Graduate
2,12,1,17,0,1,1,22,27,10,10,0,0,0,1,0,0,39,0,0,5,6,5,11.0,0,0,5,5,5,13.2,0,7.6,2.6,0.32,Graduate
1,8,1,10,1,1,1,22,27,10,8,0,0,0,1,0,1,19,0,0,6,8,6,13.75,0,0,6,7,6,11.857142857142858,0,16.2,0.3,-0.92,Graduate
2,1,4,12,1,1,1,1,27,5,10,0,0,0,1,0,1,18,0,0,7,7,6,14.066666666666668,0,0,7,7,6,14.066666666666668,0,7.6,2.6,0.32,Graduate
1,1,2,10,1,1,1,14,21,1,9,1,0,0,1,0,0,19,0,0,6,8,6,14.375,0,0,6,8,6,14.75,0,7.6,2.6,0.32,Graduate
1,15,1,3,0,14,1,1,3,5,7,0,0,1,1,0,0,20,0,3,6,6,6,13.833333333333334,0,2,6,7,6,14.571428571428571,0,12.4,0.5,1.79,Graduate
1,12,1,3,0,1,1,22,27,7,6,0,0,0,1,0,0,41,0,0,2,2,0,0.0,0,0,6,0,0,0.0,0,12.7,3.7,-1.7,Dropout
2,12,1,16,1,1,1,22,14,10,6,0,0,0,1,0,0,45,0,0,7,12,4,10.25,0,0,7,10,3,13.0,0,11.1,0.6,2.02,Dropout
1,1,3,6,1,1,1,1,1,5,9,1,0,0,1,0,0,18,0,0,6,7,6,14.666666666666666,0,0,6,12,6,13.833333333333334,0,8.9,1.4,3.51,Graduate
1,9,3,5,1,1,1,1,1,4,5,0,0,0,1,0,0,18,0,0,6,6,2,12.0,0,0,6,6,1,11.0,0,9.4,-0.8,-3.12,Dropout
1,3,1,6,1,1,1,1,1,5,5,0,0,0,1,0,0,18,0,0,5,9,3,12.0,1,0,5,6,4,13.0,0,7.6,2.6,0.32,Enrolled
1,7,1,12,1,1,1,22,27,10,10,1,0,0,1,0,0,20,0,0,7,7,6,13.755,0,0,8,9,7,13.571428571428571,0,12.4,0.5,1.79,Graduate
1,1,1,6,1,1,1,3,4,3,3,0,0,0,1,0,0,18,0,0,5,12,5,12.8,2,0,5,10,5,11.857142857142858,1,9.4,-0.8,-3.12,Graduate
1,1,1,11,1,1,1,10,1,5,5,1,0,0,1,0,0,18,0,0,6,8,6,11.333333333333334,0,0,6,11,6,10.833333333333334,0,7.6,2.6,0.32,Graduate
1,1,4,15,1,1,1,22,27,1,12,1,0,0,1,0,0,18,0,0,6,6,6,13.166666666666666,0,0,6,8,5,14.2,0,10.8,1.4,1.74,Dropout
1,8,1,6,1,1,1,23,14,1,12,0,0,0,1,0,1,19,0,0,5,5,5,12.6,0,0,5,9,3,13.0,0,7.6,2.6,0.32,Dropout
1,1,4,12,1,1,1,23,14,9,8,1,0,0,1,0,0,18,0,0,8,8,7,12.628571428571428,0,0,8,8,7,12.628571428571428,0,12.7,3.7,-1.7,Graduate
1,1,3,12,1,1,1,13,27,10,10,1,0,0,1,0,1,19,0,0,8,8,7,14.232857142857142,0,0,8,8,7,14.232857142857142,0,10.8,1.4,1.74,Graduate
1,1,2,15,1,1,1,13,14,6,7,0,0,0,1,0,0,19,0,0,6,6,6,15.0,0,0,6,7,6,14.0,0,15.5,2.8,-4.06,Enrolled
1,12,1,17,0,1,1,13,28,6,6,0,0,0,1,1,0,27,0,0,5,5,5,15.2,0,0,5,6,5,14.166666666666666,0,10.8,1.4,1.74,Graduate
1,14,1,17,0,1,1,22,27,10,10,1,0,0,1,0,0,22,0,9,15,17,15,11.2,0,9,14,15,14,12.428571428571429,0,7.6,2.6,0.32,Graduate
1,1,6,9,1,1,1,13,10,5,5,1,0,0,1,0,0,18,0,0,5,8,3,12.333333333333334,0,0,5,7,4,12.0,0,7.6,2.6,0.32,Graduate
1,13,1,2,1,1,1,1,1,2,5,1,0,0,1,0,0,19,0,0,0,0,0,0.0,0,0,0,0,0,0.0,0,12.7,3.7,-1.7,Dropout
1,1,4,15,1,1,1,13,14,10,8,1,0,0,1,0,0,20,0,0,6,7,6,13.571428571428571,0,0,6,6,6,13.333333333333334,0,13.9,-0.3,0.79,Graduate
1,1,1,15,1,1,1,13,14,5,4,0,0,0,1,0,0,19,0,0,6,6,6,13.166666666666666,0,0,6,6,6,15.0,0,16.2,0.3,-0.92,Graduate
1,14,1,4,1,1,1,1,28,5,8,1,0,0,1,0,0,21,0,9,14,23,9,12.0,2,6,12,21,8,11.25,0,15.5,2.8,-4.06,Graduate
1,1,1,6,1,1,1,13,27,10,10,1,0,0,1,0,0,19,0,0,5,9,5,13.6,1,0,5,5,5,12.4,0,12.7,3.7,-1.7,Graduate
1,1,4,12,1,1,1,13,14,10,6,1,0,0,1,0,1,19,0,0,7,9,6,12.428571428571429,0,0,8,8,8,14.0,0,13.9,-0.3,0.79,Graduate
1,1,6,9,1,1,1,1,14,2,7,1,0,0,1,1,0,19,0,0,5,6,5,12.6,0,0,5,8,3,12.666666666666666,0,8.9,1.4,3.51,Graduate
1,1,5,7,1,1,1,22,27,12,12,1,0,0,1,1,0,20,0,0,5,10,3,10.666666666666666,0,0,5,5,4,12.25,0,7.6,2.6,0.32,Graduate
1,12,1,17,0,1,1,1,27,10,9,0,0,0,1,0,0,26,0,0,1,2,0,0.0,0,0,5,8,0,0.0,0,16.2,0.3,-0.92,Dropout
2,12,1,9,1,1,1,22,27,10,10,0,0,0,1,0,0,39,0,0,5,8,4,11.25,0,0,5,8,4,11.5,0,11.1,0.6,2.02,Enrolled
1,8,3,6,1,1,1,22,28,10,10,0,0,0,1,0,0,20,0,0,6,0,0,0.0,0,0,6,0,0,0.0,0,11.1,0.6,2.02,Dropout
4,12,1,17,0,1,1,22,27,10,10,0,0,0,1,0,0,30,0,0,5,10,3,10.666666666666666,0,0,5,8,5,10.4,0,12.7,3.7,-1.7,Enrolled
1,12,1,3,0,12,1,22,27,10,10,0,0,0,1,0,0,38,0,0,6,10,3,10.25,0,0,6,7,1,12.0,0,13.9,-0.3,0.79,Dropout
4,13,1,9,1,1,1,22,27,10,10,0,0,0,1,0,0,41,0,8,14,24,11,12.25,3,5,10,12,10,13.4,0,9.4,-0.8,-3.12,Graduate
1,14,1,12,1,1,1,22,27,10,7,1,0,0,1,0,0,26,0,0,7,8,6,12.0,0,0,7,8,6,12.0,0,7.6,2.6,0.32,Enrolled
1,8,2,13,1,1,14,1,1,8,8,1,0,0,1,0,0,20,1,0,7,8,7,12.728571428571428,0,0,8,8,8,14.625,0,15.5,2.8,-4.06,Graduate
1,4,1,13,1,17,1,23,14,10,10,0,0,0,1,1,0,36,0,0,7,16,1,12.0,0,0,7,13,0,0.0,1,11.1,0.6,2.02,Dropout
2,1,1,17,0,1,1,22,14,10,10,1,0,0,1,1,0,32,0,0,5,5,5,14.8,0,0,5,5,5,14.2,0,7.6,2.6,0.32,Graduate
1,12,1,2,1,1,1,10,3,6,3,1,0,0,1,1,0,27,0,0,0,0,0,0.0,0,0,0,0,0,0.0,0,9.4,-0.8,-3.12,Dropout
1,1,1,12,1,1,1,23,27,10,10,0,0,0,1,1,1,18,0,0,8,8,8,15.3,0,0,8,8,8,15.3,0,9.4,-0.8,-3.12,Graduate
1,8,2,11,1,1,1,1,14,10,10,1,0,0,1,0,1,18,0,0,6,6,6,12.833333333333334,0,0,6,7,6,12.333333333333334,0,13.9,-0.3,0.79,Graduate
1,8,1,9,1,1,1,22,27,10,8,0,0,0,1,0,1,19,0,0,5,8,5,12.875,0,0,5,6,5,11.833333333333334,0,13.9,-0.3,0.79,Graduate
1,1,1,12,1,1,1,22,27,10,8,1,0,0,1,0,1,18,0,0,8,8,8,14.50125,0,0,8,8,8,14.50125,0,9.4,-0.8,-3.12,Graduate
1,15,1,6,1,14,1,22,28,10,7,1,0,0,1,0,0,23,0,0,6,7,0,0.0,0,0,6,7,0,0.0,0,11.1,0.6,2.02,Dropout
2,12,1,17,0,3,1,3,1,2,11,0,0,0,1,0,0,30,0,0,5,5,5,14.6,0,0,5,5,5,15.4,0,12.7,3.7,-1.7,Dropout
1,14,1,3,0,1,1,22,27,10,10,0,0,0,1,0,0,27,0,0,6,6,4,12.5,0,0,6,6,6,14.333333333333334,0,13.9,-0.3,0.79,Dropout
2,4,1,9,1,3,1,22,27,10,10,0,0,0,1,0,0,23,0,0,5,0,0,0.0,0,0,5,0,0,0.0,0,7.6,2.6,0.32,Dropout
1,1,3,12,1,1,1,1,1,5,5,1,0,0,1,0,0,18,0,0,8,8,7,14.2,0,0,8,8,7,14.2,0,12.7,3.7,-1.7,Graduate
1,14,1,17,0,1,1,22,27,10,9,1,0,0,1,0,0,29,0,8,13,16,8,10.5,0,8,12,19,9,10.333333333333334,0,9.4,-0.8,-3.12,Enrolled
1,1,1,10,1,1,1,13,1,7,6,1,0,0,1,0,0,19,0,0,6,7,6,13.714285714285714,0,0,6,6,6,13.166666666666666,0,12.7,3.7,-1.7,Graduate
1,1,2,12,1,1,1,23,27,10,8,1,0,0,1,0,1,19,0,0,7,7,6,12.9,0,0,7,7,6,12.9,0,7.6,2.6,0.32,Graduate
1,1,5,12,1,1,1,22,27,8,8,1,0,0,1,0,1,19,0,0,8,8,7,12.771428571428572,1,0,8,8,7,12.771428571428572,1,9.4,-0.8,-3.12,Enrolled
1,1,6,12,1,1,1,23,14,8,10,1,0,0,1,0,1,18,0,0,8,8,7,13.79857142857143,0,0,8,8,7,13.79857142857143,0,10.8,1.4,1.74,Graduate
2,12,1,17,0,12,1,23,28,8,9,0,0,0,1,1,0,39,0,0,5,9,0,0.0,0,0,5,5,1,10.0,0,12.7,3.7,-1.7,Dropout
1,1,1,14,1,1,1,1,1,6,10,0,0,0,1,1,1,18,0,0,6,8,6,12.166666666666666,0,0,6,7,5,13.0,0,13.9,-0.3,0.79,Graduate
1,8,6,12,1,1,1,1,1,5,4,1,0,0,1,1,1,18,0,0,7,7,7,12.718571428571428,0,0,8,11,8,12.805555555555555,0,11.1,0.6,2.02,Dropout
1,8,1,2,1,1,1,3,10,3,10,1,0,1,1,1,0,19,0,0,0,0,0,0.0,0,0,0,0,0,0.0,0,10.8,1.4,1.74,Dropout
2,12,1,17,0,1,1,1,4,5,3,0,0,0,1,1,0,34,0,0,5,5,5,14.2,0,0,5,5,5,14.6,0,12.7,3.7,-1.7,Enrolled
2,12,1,11,1,12,1,19,24,1,1,0,0,1,0,1,0,45,0,0,6,12,0,0.0,0,0,6,12,0,0.0,0,9.4,-0.8,-3.12,Dropout
1,12,1,17,0,1,1,19,24,1,1,1,0,0,1,1,0,30,0,0,5,5,2,11.0,0,0,5,5,0,0.0,0,7.6,2.6,0.32,Dropout
1,12,1,17,0,1,1,22,28,10,5,0,0,0,1,1,0,39,0,0,5,7,4,12.25,0,0,5,7,4,12.75,0,15.5,2.8,-4.06,Enrolled
2,14,1,8,1,7,1,19,24,1,1,0,0,0,1,1,0,28,0,0,5,9,0,0.0,0,0,5,5,0,0.0,0,7.6,2.6,0.32,Dropout
1,12,1,14,1,1,1,22,27,10,10,1,0,0,0,1,0,31,0,0,6,14,0,0.0,0,0,6,6,0,0.0,0,12.7,3.7,-1.7,Dropout
1,15,1,7,1,14,1,13,27,10,10,1,0,1,1,1,0,20,0,0,5,6,5,16.5,0,0,5,7,5,17.714285714285715,0,12.4,0.5,1.79,Dropout
1,15,1,4,1,14,1,13,1,10,9,1,0,0,1,1,0,21,0,0,6,12,5,13.625,0,0,6,6,5,12.6,0,13.9,-0.3,0.79,Graduate
1,15,1,4,1,14,1,13,1,2,2,0,0,0,1,1,0,22,0,0,6,12,3,13.333333333333334,0,0,6,12,3,12.75,0,15.5,2.8,-4.06,Enrolled
1,15,1,6,1,14,1,13,27,6,8,1,0,0,1,1,0,19,0,2,6,10,4,12.5,0,1,6,16,2,12.0,0,12.4,0.5,1.79,Dropout
1,8,1,10,1,1,1,13,27,10,10,1,0,0,1,0,1,21,0,0,6,7,6,13.333333333333334,0,0,6,7,6,13.5,0,12.4,0.5,1.79,Graduate
4,12,1,16,1,12,1,23,14,10,10,0,0,1,0,0,0,33,0,0,7,7,7,12.857142857142858,0,0,7,8,6,12.666666666666666,0,8.9,1.4,3.51,Enrolled
1,1,1,17,0,1,1,13,27,6,9,0,0,0,1,0,1,20,0,0,5,5,5,12.4,0,0,5,6,5,12.833333333333334,0,10.8,1.4,1.74,Graduate
1,1,1,15,1,1,1,3,3,15,20,0,0,0,1,0,0,18,0,0,6,7,6,14.285714285714286,0,0,6,8,6,13.25,0,8.9,1.4,3.51,Graduate
1,14,5,10,1,1,10,22,14,10,8,1,0,1,0,0,0,22,1,5,11,16,9,10.88888888888889,0,2,10,20,4,11.25,1,9.4,-0.8,-3.12,Graduate
5,12,1,10,1,1,1,13,28,10,11,0,0,0,1,1,0,34,0,0,6,8,5,12.6,0,0,6,11,4,11.25,0,12.4,0.5,1.79,Graduate
1,12,1,14,1,1,1,23,27,8,8,0,0,0,1,1,0,29,0,0,6,7,1,14.0,0,0,6,6,0,0.0,0,16.2,0.3,-0.92,Dropout
1,12,1,17,0,12,1,13,27,10,10,0,0,0,0,1,0,29,0,0,5,11,2,11.333333333333334,0,0,5,9,1,12.0,0,11.1,0.6,2.02,Dropout
1,14,1,11,1,1,1,22,27,10,10,0,0,0,1,1,0,21,0,0,6,6,6,12.666666666666666,0,0,6,7,5,11.4,0,9.4,-0.8,-3.12,Graduate
1,8,1,11,1,1,1,1,1,5,11,0,0,0,1,1,0,19,0,0,6,7,5,10.8,0,0,6,10,2,10.5,0,10.8,1.4,1.74,Enrolled
1,1,1,6,1,1,1,3,1,3,6,0,0,0,1,1,0,18,0,0,5,5,0,0.0,0,0,5,5,0,0.0,0,7.6,2.6,0.32,Dropout
1,9,2,14,1,1,1,22,28,5,2,1,0,0,1,1,0,19,0,0,6,6,6,14.166666666666666,0,0,6,6,6,14.0,0,13.9,-0.3,0.79,Graduate
1,16,1,3,0,2,1,13,28,10,11,0,0,0,1,1,0,42,0,8,12,12,11,14.454545454545457,0,7,11,11,10,14.2,0,11.1,0.6,2.02,Graduate
1,16,1,14,1,1,1,3,1,4,11,0,0,0,1,1,0,24,0,0,6,11,5,12.857142857142858,0,0,6,12,5,13.666666666666666,0,11.1,0.6,2.02,Dropout
1,1,3,12,1,1,1,1,14,5,6,1,0,1,1,0,0,18,0,0,7,0,0,0.0,0,0,8,0,0,0.0,0,13.9,-0.3,0.79,Dropout
1,15,1,6,1,1,1,1,1,5,4,1,0,0,1,0,0,20,0,0,6,13,5,11.8,0,0,6,19,4,12.0,0,12.4,0.5,1.79,Enrolled
1,15,1,6,1,14,1,1,1,5,5,1,0,0,1,0,0,23,0,1,6,12,4,13.4,0,1,6,17,2,13.5,0,12.4,0.5,1.79,Enrolled
1,1,1,10,1,1,1,23,28,10,9,1,0,0,1,1,0,18,0,0,6,9,5,11.0,0,0,6,12,0,0.0,0,11.1,0.6,2.02,Dropout
1,15,1,4,1,14,1,3,1,5,7,0,0,0,1,1,0,19,0,0,6,8,5,11.5,0,0,6,11,6,11.333333333333334,0,12.4,0.5,1.79,Enrolled
1,14,2,14,1,1,1,3,14,2,8,1,0,0,1,1,0,22,0,0,6,12,0,0.0,0,0,6,6,0,0.0,0,16.2,0.3,-0.92,Dropout
1,4,1,3,0,17,1,13,14,10,5,0,0,0,1,0,0,37,0,12,14,14,14,16.5,0,8,11,11,11,16.90909090909091,0,8.9,1.4,3.51,Graduate
1,14,1,10,1,1,1,11,12,12,12,1,0,0,1,0,0,20,0,8,10,14,9,12.333333333333334,0,3,7,10,7,11.77777777777778,0,7.6,2.6,0.32,Graduate
1,8,1,10,1,1,1,13,27,7,7,0,0,0,1,1,0,22,0,0,6,0,0,0.0,0,0,6,0,0,0.0,0,13.9,-0.3,0.79,Dropout
1,12,1,4,1,1,1,1,28,6,7,0,0,0,1,1,0,26,0,0,6,9,0,0.0,0,0,6,6,0,0.0,0,13.9,-0.3,0.79,Dropout
1,1,1,7,1,1,1,1,28,5,4,1,0,0,1,1,0,18,0,0,5,5,0,0.0,0,0,5,6,1,15.0,0,10.8,1.4,1.74,Enrolled
1,12,1,6,1,9,1,19,24,13,13,0,0,1,0,1,0,27,0,0,5,5,0,0.0,0,0,5,5,0,0.0,0,7.6,2.6,0.32,Dropout
2,1,1,4,1,1,1,22,27,10,10,1,0,1,1,1,0,35,0,14,17,17,14,10.642857142857142,1,12,12,12,12,10.666666666666666,0,15.5,2.8,-4.06,Dropout
1,12,1,11,1,1,1,22,27,10,10,0,0,0,1,1,0,36,0,0,6,8,6,13.571428571428571,0,0,6,9,5,13.2,0,12.7,3.7,-1.7,Graduate
1,1,2,10,1,1,1,23,14,10,8,1,0,0,1,1,0,19,0,0,6,10,6,11.125,0,0,6,7,6,11.857142857142858,0,7.6,2.6,0.32,Graduate
1,12,1,8,1,1,1,1,1,12,2,1,0,1,0,1,0,41,0,0,5,5,0,0.0,1,0,5,5,0,0.0,5,12.7,3.7,-1.7,Dropout
1,8,5,15,1,1,1,13,10,8,4,1,0,0,1,0,0,22,0,0,6,7,6,13.571428571428571,0,0,6,7,6,15.285714285714286,0,13.9,-0.3,0.79,Graduate
1,1,1,9,1,1,1,13,14,10,10,0,0,1,1,0,0,19,0,0,5,13,1,10.0,0,0,5,8,2,10.0,0,12.4,0.5,1.79,Enrolled
1,14,1,9,1,1,1,1,14,10,11,0,0,0,1,0,1,18,0,0,5,9,5,13.2,0,0,5,13,5,14.4,5,16.2,0.3,-0.92,Graduate
1,8,1,10,1,1,1,23,28,10,8,0,0,0,1,0,1,19,0,0,6,7,6,12.833333333333334,0,0,6,6,6,13.166666666666666,0,12.4,0.5,1.79,Graduate
1,8,1,5,1,1,1,22,28,10,9,1,0,0,1,0,0,20,0,0,6,6,6,12.5,0,0,6,6,6,12.666666666666666,0,7.6,2.6,0.32,Graduate
1,1,2,15,1,1,1,22,27,10,10,1,0,0,1,0,0,18,0,0,6,14,4,11.25,0,0,6,9,5,13.0,0,9.4,-0.8,-3.12,Graduate
1,8,6,12,1,1,1,1,28,5,9,1,0,0,1,0,0,20,0,0,7,9,6,13.0,0,0,8,8,8,14.2125,0,13.9,-0.3,0.79,Dropout
2,12,1,7,1,1,1,19,24,10,10,0,0,0,0,1,0,34,0,0,5,5,0,0.0,0,0,5,5,0,0.0,0,15.5,2.8,-4.06,Dropout
1,8,5,11,1,1,1,23,1,6,10,0,0,0,1,1,0,19,0,0,5,5,0,0.0,0,0,5,10,0,0.0,0,10.8,1.4,1.74,Dropout
1,16,1,12,1,1,1,22,28,4,4,1,0,0,1,0,1,20,0,2,7,7,7,16.13142857142857,0,0,8,9,8,15.52222222222222,0,11.1,0.6,2.02,Graduate
1,1,1,3,0,1,1,3,1,2,8,0,0,0,1,0,0,26,0,2,8,11,7,12.75,0,2,7,7,7,12.285714285714286,0,16.2,0.3,-0.92,Graduate
1,1,6,12,1,1,1,13,28,5,10,1,0,0,1,0,0,19,0,0,8,10,6,13.066666666666668,0,0,8,10,6,13.066666666666668,0,12.7,3.7,-1.7,Dropout
2,1,1,12,1,1,1,1,1,10,11,0,0,0,1,0,0,18,0,0,8,8,7,13.9,0,0,8,8,7,13.9,0,12.7,3.7,-1.7,Graduate
1,1,3,15,1,1,1,13,14,6,6,1,0,0,0,0,0,18,0,0,6,0,0,0.0,0,0,6,0,0,0.0,0,13.9,-0.3,0.79,Dropout
1,3,1,8,1,1,1,5,33,3,3,1,0,0,1,0,0,18,0,0,6,6,6,15.0,0,0,6,6,6,14.833333333333334,0,8.9,1.4,3.51,Graduate
1,14,1,8,1,1,1,2,1,3,4,1,0,0,1,0,0,22,0,0,5,11,4,12.25,0,0,5,9,5,13.285714285714286,0,12.7,3.7,-1.7,Graduate
1,1,2,9,1,1,1,1,14,5,10,1,0,0,1,0,0,19,0,0,5,5,5,11.2,0,0,5,11,4,11.75,0,10.8,1.4,1.74,Enrolled
1,1,1,3,0,1,1,23,28,6,3,0,0,0,1,0,0,34,0,0,6,7,6,12.333333333333334,0,0,6,6,6,11.666666666666666,0,10.8,1.4,1.74,Graduate
1,1,1,10,1,1,1,19,28,5,8,0,0,0,1,0,1,18,0,0,6,12,4,11.0,0,0,6,9,6,11.5,0,9.4,-0.8,-3.12,Graduate
1,12,1,13,1,1,1,13,28,10,9,0,0,0,1,0,0,24,0,0,7,15,5,12.4,0,0,8,14,7,12.15,0,12.4,0.5,1.79,Enrolled
1,8,1,2,1,1,1,1,1,8,4,1,0,0,1,0,0,20,0,0,0,0,0,0.0,0,0,0,0,0,0.0,0,15.5,2.8,-4.06,Enrolled
1,1,1,10,1,1,1,19,28,1,8,1,0,0,1,0,0,20,0,0,6,9,5,11.8,0,0,6,10,4,11.5,0,7.6,2.6,0.32,Dropout
1,1,1,11,1,1,1,13,14,10,10,1,0,0,1,0,1,18,0,0,6,7,6,14.166666666666666,0,0,6,10,4,14.0,0,15.5,2.8,-4.06,Graduate
1,14,1,15,1,1,1,23,14,10,10,1,0,0,1,1,1,20,0,0,6,6,6,12.333333333333334,0,0,6,7,6,14.0,0,12.4,0.5,1.79,Graduate
2,12,2,3,0,12,1,22,27,5,8,0,0,1,1,0,0,37,0,0,6,9,6,11.833333333333334,0,0,6,7,6,11.0,0,7.6,2.6,0.32,Graduate
1,12,1,12,1,1,1,1,14,5,9,0,0,0,1,0,0,24,0,0,8,8,7,12.412857142857144,0,0,8,8,7,12.412857142857144,0,10.8,1.4,1.74,Graduate
1,1,1,12,1,1,1,1,14,10,10,0,0,0,1,1,1,19,0,0,8,8,7,12.514285714285714,0,0,8,8,7,12.514285714285714,0,12.7,3.7,-1.7,Graduate
1,1,1,11,1,1,1,22,14,10,10,1,0,0,1,1,0,25,0,0,6,8,6,13.166666666666666,0,0,6,8,5,12.6,0,7.6,2.6,0.32,Enrolled
1,8,1,11,1,1,1,13,1,10,10,0,0,0,1,1,1,20,0,0,6,6,0,0.0,0,0,6,12,0,0.0,0,10.8,1.4,1.74,Dropout
1,12,2,13,1,1,1,22,14,10,9,0,0,0,1,1,1,24,0,0,7,13,6,10.857142857142858,0,0,7,7,7,11.857142857142858,0,12.7,3.7,-1.7,Enrolled
1,1,5,9,1,1,1,3,2,3,3,0,0,0,1,1,0,22,0,1,5,10,4,11.75,0,0,5,10,3,11.0,0,7.6,2.6,0.32,Enrolled
1,1,6,7,1,1,1,2,1,4,6,1,0,0,1,1,0,18,0,0,5,10,0,0.0,0,0,5,10,1,10.0,3,7.6,2.6,0.32,Enrolled
1,1,3,5,1,1,1,28,3,15,21,1,0,1,1,1,0,19,0,0,6,6,6,12.0,0,0,6,7,6,13.571428571428571,0,8.9,1.4,3.51,Graduate
1,1,1,15,1,1,7,1,1,4,6,1,0,1,0,0,0,19,1,0,6,8,5,12.2,0,0,6,6,4,11.75,0,16.2,0.3,-0.92,Dropout
1,12,1,3,0,14,1,13,27,10,9,0,0,1,0,0,0,26,0,0,6,13,4,12.0,0,0,6,7,5,13.2,0,16.2,0.3,-0.92,Dropout
1,1,2,10,1,1,1,13,28,10,9,1,0,0,1,0,1,19,0,0,6,8,6,12.714285714285714,0,0,6,12,5,11.0,0,13.9,-0.3,0.79,Dropout
1,1,1,11,1,1,1,23,14,10,11,0,0,0,1,0,0,18,0,0,6,6,6,12.5,0,0,6,6,6,12.666666666666666,0,15.5,2.8,-4.06,Graduate
1,1,1,14,1,1,1,22,27,10,7,0,0,0,1,0,1,18,0,0,5,7,3,12.666666666666666,0,0,5,5,4,12.5,0,9.4,-0.8,-3.12,Enrolled
1,13,1,12,1,1,1,3,27,3,7,1,0,0,1,0,0,25,0,0,14,14,12,13.291666666666666,1,0,14,14,12,13.291666666666666,1,7.6,2.6,0.32,Graduate
1,1,3,5,1,1,1,1,1,5,9,1,0,0,1,0,0,20,0,0,6,6,6,12.5,0,0,6,6,6,12.833333333333334,0,7.6,2.6,0.32,Graduate
1,1,1,2,1,1,1,3,1,5,5,1,0,0,1,0,0,18,0,0,0,0,0,0.0,0,0,0,0,0,0.0,0,12.4,0.5,1.79,Graduate
1,14,1,11,1,1,1,22,27,10,10,1,0,1,1,0,0,19,0,0,6,13,2,11.5,0,0,6,13,1,11.0,0,7.6,2.6,0.32,Dropout
1,1,2,10,1,1,1,1,14,5,9,0,0,0,1,0,0,20,0,0,6,13,0,0.0,0,0,5,11,0,0.0,0,9.4,-0.8,-3.12,Enrolled
2,1,1,10,1,1,1,22,24,10,8,0,0,0,0,0,0,27,0,0,6,12,2,11.0,0,0,6,14,4,10.5,0,9.4,-0.8,-3.12,Dropout
2,4,1,12,1,3,1,22,27,10,6,0,0,0,1,0,0,32,0,0,7,9,7,13.761111111111113,0,1,8,11,7,12.06375,0,15.5,2.8,-4.06,Enrolled
1,1,2,15,1,1,19,1,1,10,10,1,0,1,0,0,0,18,1,0,6,6,6,12.0,0,0,6,6,2,11.0,0,11.1,0.6,2.02,Dropout
