2,12,1,17,0,12,1,22,27,10,8,0,0,1,1,1,0,50,0,0,5,10,5,11.857142857142858,0,0,5,17,5,11.5,5,16.2,0.3,-0.92,Graduate
1,9,4,11,1,1,1,22,27,10,10,1,0,0,0,1,0,22,0,0,5,5,0,0.0,0,0,5,5,0,0.0,0,15.5,2.8,-4.06,Dropout
1,9,1,10,1,1,1,13,28,6,9,1,0,0,1,0,0,18,0,0,6,10,1,12.0,0,0,6,14,2,11.0,0,10.8,1.4,1.74,Enrolled
1,9,4,13,1,1,1,1,28,5,8,1,0,0,1,0,0,20,0,0,7,14,7,11.4375,0,0,8,9,8,11.425,0,12.7,3.7,-1.7,Enrolled
1,14,1,9,1,1,1,22,27,7,7,0,0,0,1,0,0,55,0,0,5,10,1,10.0,0,0,5,8,2,12.0,2,16.2,0.3,-0.92,Dropout
1,12,1,17,0,1,1,22,27,10,10,0,0,0,1,0,0,29,0,0,5,0,0,0.0,0,0,5,0,0,0.0,0,16.2,0.3,-0.92,Dropout
1,12,1,11,1,1,1,13,28,10,8,0,0,0,1,0,1,24,0,0,6,6,6,13.666666666666666,0,0,6,6,6,14.166666666666666,0,12.4,0.5,1.79,Graduate
1,15,1,10,1,14,1,13,1,10,10,0,0,0,1,0,1,21,0,3,6,7,6,12.0,0,2,6,7,6,12.0,0,13.9,-0.3,0.79,Graduate
1,14,1,5,1,1,1,1,1,4,4,0,0,0,1,1,0,24,0,0,6,6,0,0.0,0,0,6,6,0,0.0,0,12.7,3.7,-1.7,Enrolled
4,13,1,12,1,12,1,1,1,6,6,1,0,0,1,1,0,29,0,2,7,10,5,11.9,0,1,8,10,5,11.0,0,13.9,-0.3,0.79,Dropout
1,12,1,4,1,4,1,3,3,5,3,0,0,1,1,1,0,24,0,6,12,17,6,12.166666666666666,0,7,12,14,10,13.3,0,12.4,0.5,1.79,Dropout
1,6,1,8,1,1,14,1,1,5,5,0,0,0,1,0,0,26,1,0,6,7,2,12.0,1,0,6,6,0,0.0,0,8.9,1.4,3.51,Dropout
1,1,4,2,1,1,1,1,1,10,11,1,0,0,1,0,0,20,0,0,0,0,0,0.0,0,0,0,0,0,0.0,0,16.2,0.3,-0.92,Graduate
1,1,2,10,1,1,1,22,28,5,8,1,0,0,1,0,0,19,0,0,6,0,0,0.0,0,0,6,0,0,0.0,0,16.2,0.3,-0.92,Dropout
1,1,1,2,1,1,1,3,14,3,10,0,0,0,1,0,0,19,0,0,0,0,0,0.0,0,0,0,0,0,0.0,0,10.8,1.4,1.74,Dropout
1,1,1,16,1,1,1,13,28,10,4,1,0,0,1,0,1,18,0,0,6,8,5,12.8,0,0,6,7,5,13.4,0,9.4,-0.8,-3.12,Enrolled
1,9,1,12,1,1,1,13,1,5,9,0,0,0,1,0,0,18,0,0,7,8,7,17.125,0,0,8,8,8,17.5875,0,13.9,-0.3,0.79,Graduate
1,1,6,15,1,1,1,13,1,5,5,1,0,0,1,0,1,19,0,0,6,8,6,12.666666666666666,0,0,6,10,5,12.0,0,12.4,0.5,1.79,Graduate
1,8,5,16,1,1,1,22,28,6,7,1,0,0,1,0,1,19,0,0,6,10,5,12.0,0,0,6,9,5,10.8,0,9.4,-0.8,-3.12,Graduate
1,1,4,11,1,1,1,10,14,10,10,1,0,0,1,0,0,19,0,0,5,10,0,0.0,0,0,5,10,0,0.0,0,7.6,2.6,0.32,Dropout
1,8,1,16,1,1,1,23,28,8,7,1,0,0,1,0,0,18,0,0,6,11,3,12.333333333333334,0,0,6,10,5,10.833333333333334,0,9.4,-0.8,-3.12,Enrolled
1,1,1,16,1,1,1,23,27,7,7,0,0,0,1,0,0,19,0,0,6,8,6,12.0,0,0,6,10,4,11.5,0,7.6,2.6,0.32,Dropout
1,1,1,12,1,1,1,13,27,10,8,1,0,0,1,0,1,18,0,0,7,9,7,12.855555555555554,0,0,8,12,7,12.761111111111113,0,15.5,2.8,-4.06,Graduate
1,8,3,10,1,1,1,13,14,8,9,0,0,0,1,0,0,19,0,0,6,10,5,11.666666666666666,0,0,6,12,4,11.0,0,13.9,-0.3,0.79,Graduate
1,8,2,13,1,1,1,22,27,4,11,0,0,0,1,0,0,20,0,0,7,8,7,12.457142857142856,0,0,8,8,8,13.5625,0,15.5,2.8,-4.06,Graduate
1,1,4,12,1,1,1,13,14,8,8,1,0,0,1,0,0,18,0,0,8,8,7,12.324285714285711,0,0,8,8,7,12.324285714285711,0,10.8,1.4,1.74,Graduate
1,16,1,12,1,1,1,13,1,6,10,0,0,0,1,0,1,19,0,0,7,9,5,13.85,0,0,8,9,7,12.19285714285714,0,11.1,0.6,2.02,Graduate
1,1,1,9,1,1,1,23,14,10,11,0,0,0,1,0,1,20,0,5,10,13,9,12.9,0,4,10,12,10,12.363636363636363,0,8.9,1.4,3.51,Graduate
1,1,1,12,1,1,1,13,28,6,8,0,0,0,1,0,0,18,0,0,8,10,8,12.86,2,0,8,10,8,12.86,2,9.4,-0.8,-3.12,Graduate
1,1,1,14,1,1,1,1,14,5,11,1,0,0,1,0,0,19,0,0,6,8,4,11.0,0,0,6,9,4,11.0,0,10.8,1.4,1.74,Enrolled
1,1,1,10,1,1,1,13,28,6,10,0,0,0,1,0,1,18,0,0,6,8,6,11.285714285714286,0,0,6,10,6,11.857142857142858,0,12.4,0.5,1.79,Graduate
1,1,1,12,1,1,1,1,1,6,2,0,0,0,1,0,0,19,0,0,7,7,7,14.3,0,0,8,9,8,14.055555555555555,0,16.2,0.3,-0.92,Graduate
1,1,1,10,1,1,1,23,28,8,8,1,0,0,1,0,0,20,0,0,6,7,6,12.0,0,0,6,7,6,13.0,0,12.4,0.5,1.79,Graduate
1,1,1,3,0,1,1,22,28,10,11,0,0,0,1,0,0,19,0,0,6,6,6,12.666666666666666,0,0,6,6,6,11.666666666666666,0,12.7,3.7,-1.7,Graduate
1,13,1,9,1,1,1,22,28,10,2,1,0,0,1,0,0,26,0,3,5,5,4,13.0,0,1,5,7,2,12.0,0,9.4,-0.8,-3.12,Enrolled
1,1,1,11,1,1,1,13,14,10,10,1,0,0,1,0,0,24,0,0,6,9,4,12.6,0,0,6,6,4,11.5,0,12.7,3.7,-1.7,Dropout
1,1,1,15,1,1,1,22,28,10,8,0,0,1,1,0,0,19,0,0,6,13,3,12.666666666666666,0,0,6,12,2,10.0,0,10.8,1.4,1.74,Dropout
4,12,1,12,1,12,1,23,14,6,8,0,0,0,1,0,1,26,0,0,7,13,5,12.74,0,0,8,12,6,10.978571428571428,0,16.2,0.3,-0.92,Dropout
1,8,1,16,1,1,1,1,14,5,6,1,0,0,1,0,0,22,0,0,6,10,5,13.166666666666666,0,0,6,8,5,12.4,0,15.5,2.8,-4.06,Enrolled
1,1,1,10,1,1,1,1,28,10,8,1,0,0,1,0,1,20,0,0,6,9,6,12.333333333333334,0,0,6,6,6,11.833333333333334,0,8.9,1.4,3.51,Graduate
1,1,1,6,1,1,1,22,27,12,12,0,0,0,1,0,0,18,0,0,5,5,5,14.0,0,0,5,6,5,15.4,0,7.6,2.6,0.32,Graduate
1,1,6,12,1,1,1,3,1,4,4,1,0,0,1,0,0,19,0,0,8,8,8,13.25375,0,0,8,8,8,13.25375,0,9.4,-0.8,-3.12,Graduate
1,1,3,12,1,1,1,22,28,10,10,1,0,0,1,0,1,18,0,0,8,8,7,12.082857142857142,0,0,8,8,7,12.082857142857142,0,10.8,1.4,1.74,Graduate
1,1,5,14,1,1,1,7,1,3,5,1,0,0,1,0,0,19,0,0,6,0,0,0.0,0,0,6,0,0,0.0,0,7.6,2.6,0.32,Dropout
1,9,1,12,1,1,1,23,27,6,6,1,0,0,1,0,0,20,0,0,8,8,7,14.402857142857142,0,0,8,8,7,14.402857142857142,0,10.8,1.4,1.74,Graduate
1,1,1,12,1,1,1,3,1,4,4,0,1,0,1,0,0,18,0,0,7,10,6,11.98,0,0,8,11,7,13.225,0,16.2,0.3,-0.92,Graduate
1,12,1,14,1,1,1,1,14,6,5,0,0,0,1,0,0,31,0,2,6,13,5,11.4,0,0,6,14,4,11.75,0,13.9,-0.3,0.79,Dropout
1,1,1,14,1,1,1,22,27,6,6,0,0,0,1,0,0,19,0,0,6,7,6,14.857142857142858,0,0,6,6,6,13.333333333333334,0,12.4,0.5,1.79,Graduate
1,8,3,6,1,1,1,22,28,10,10,1,0,0,1,0,0,20,0,0,5,13,3,11.333333333333334,2,0,5,8,5,12.6,0,9.4,-0.8,-3.12,Enrolled
1,1,2,9,1,1,1,1,14,5,7,0,1,0,1,0,0,21,0,0,5,6,0,0.0,0,0,5,5,0,0.0,0,15.5,2.8,-4.06,Dropout
4,12,1,3,0,12,1,19,24,1,1,0,0,0,1,0,0,48,0,0,6,11,1,10.0,0,0,6,11,1,11.0,0,9.4,-0.8,-3.12,Dropout
1,12,1,7,1,12,1,13,14,6,4,1,0,0,1,1,0,24,0,0,5,9,1,12.0,0,0,5,6,3,10.5,0,10.8,1.4,1.74,Enrolled
1,8,2,9,1,1,1,13,28,10,8,1,0,0,1,1,0,19,0,0,5,8,5,13.25,0,0,5,8,5,11.0,0,13.9,-0.3,0.79,Graduate
1,15,1,11,1,14,1,24,29,32,44,1,0,1,1,1,0,23,0,0,6,12,3,11.5,0,0,6,12,3,10.666666666666666,0,8.9,1.4,3.51,Enrolled
1,1,1,8,1,1,1,1,1,4,4,1,0,0,1,1,0,20,0,0,5,14,2,11.0,3,0,5,9,3,12.666666666666666,0,9.4,-0.8,-3.12,Enrolled
1,1,4,5,1,1,1,22,27,10,9,1,0,0,1,0,0,20,0,0,6,6,4,13.5,0,0,6,8,6,13.625,0,10.8,1.4,1.74,Graduate
1,8,1,14,1,1,1,1,14,9,8,1,0,0,1,0,0,19,0,0,6,6,6,14.833333333333334,0,0,6,8,6,13.285714285714286,0,8.9,1.4,3.51,Enrolled
1,8,1,6,1,1,1,23,14,12,12,0,0,0,1,0,0,19,0,0,5,7,3,12.0,0,0,5,7,5,13.2,0,7.6,2.6,0.32,Graduate
1,1,3,11,1,1,1,22,27,10,4,1,0,0,1,0,0,19,0,0,6,12,6,11.666666666666666,0,0,6,14,3,12.0,0,7.6,2.6,0.32,Graduate
1,1,1,12,1,1,1,3,14,3,9,0,0,0,1,0,0,19,0,0,7,12,4,12.45,0,0,7,11,5,11.7,0,16.2,0.3,-0.92,Enrolled
1,8,1,14,1,1,1,13,27,8,5,0,1,0,1,0,0,20,0,0,6,7,6,12.666666666666666,0,0,6,9,6,13.77777777777778,0,10.8,1.4,1.74,Graduate
1,8,1,8,1,1,1,13,3,4,3,1,0,1,1,0,1,19,0,0,5,7,0,0.0,0,0,5,5,0,0.0,0,7.6,2.6,0.32,Dropout
1,1,6,12,1,1,1,1,27,10,10,1,0,0,1,0,1,18,0,0,8,8,7,13.857142857142858,0,0,8,8,7,13.857142857142858,0,12.7,3.7,-1.7,Graduate
1,8,2,10,1,3,1,22,27,8,9,1,0,0,1,0,1,20,0,0,6,6,6,12.333333333333334,0,0,6,6,6,10.666666666666666,0,9.4,-0.8,-3.12,Graduate
1,8,4,5,1,1,1,23,27,10,10,0,0,0,1,0,1,23,0,0,6,6,6,13.333333333333334,0,0,6,8,3,12.666666666666666,0,11.1,0.6,2.02,Dropout
1,1,1,12,1,1,1,1,14,6,8,0,0,0,1,0,1,19,0,0,7,8,7,12.8375,0,0,8,8,8,15.5,0,13.9,-0.3,0.79,Graduate
1,8,3,10,1,1,1,1,1,5,6,0,0,0,1,0,0,19,0,0,6,11,5,11.2,0,0,6,13,5,11.6,0,15.5,2.8,-4.06,Graduate
1,1,1,10,1,1,1,22,14,6,11,0,0,1,1,0,0,18,0,0,6,10,5,10.6,0,0,6,14,2,10.0,0,7.6,2.6,0.32,Enrolled
1,15,1,4,1,14,1,1,3,5,3,0,0,0,1,0,0,21,0,0,6,6,6,15.833333333333334,0,0,6,8,6,15.5,0,15.5,2.8,-4.06,Graduate
1,8,2,15,1,1,1,22,28,6,6,1,0,1,0,0,0,18,0,0,6,9,5,12.2,0,0,6,9,4,11.75,0,10.8,1.4,1.74,Dropout
4,12,1,10,1,12,1,22,27,10,11,0,0,0,0,0,0,44,0,0,6,0,0,0.0,0,0,6,0,0,0.0,0,13.9,-0.3,0.79,Dropout
1,12,1,6,1,14,1,22,27,2,10,1,0,0,0,1,0,41,0,3,3,3,3,12.333333333333334,0,2,2,2,2,11.0,0,12.4,0.5,1.79,Dropout
4,12,1,8,1,12,1,22,28,10,5,0,0,0,1,1,0,48,0,0,6,0,0,0.0,0,0,6,0,0,0.0,0,15.5,2.8,-4.06,Dropout
2,12,1,8,1,12,1,2,1,3,10,1,0,0,1,1,0,44,0,1,5,13,4,14.0,3,1,5,9,4,15.5,2,10.8,1.4,1.74,Graduate
1,12,1,17,0,1,1,22,27,10,10,0,0,0,1,1,0,35,0,0,5,5,0,0.0,0,0,5,5,0,0.0,0,11.1,0.6,2.02,Dropout
1,1,1,15,1,1,1,13,27,10,10,0,0,1,0,1,1,18,0,0,6,11,5,12.166666666666666,0,0,6,15,3,12.0,0,13.9,-0.3,0.79,Dropout
1,1,1,11,1,1,1,1,14,7,7,1,0,0,1,1,0,21,0,0,6,9,6,12.0,0,0,6,8,5,11.6,0,13.9,-0.3,0.79,Graduate
2,14,2,9,1,1,1,22,27,10,10,1,0,0,1,0,0,46,0,4,9,18,8,11.375,2,0,5,11,5,11.8,0,9.4,-0.8,-3.12,Graduate
1,6,1,9,1,1,8,1,3,30,4,0,0,1,1,1,0,40,1,0,5,10,1,11.0,0,0,5,10,1,10.0,0,11.1,0.6,2.02,Enrolled
2,15,1,3,0,14,1,1,1,6,6,0,0,0,1,1,0,37,0,12,16,17,16,14.125,0,6,11,14,10,13.0,0,12.4,0.5,1.79,Graduate
1,1,2,10,1,1,1,23,1,5,11,1,0,0,1,0,0,18,0,0,6,7,6,12.333333333333334,0,0,6,7,6,12.166666666666666,0,9.4,-0.8,-3.12,Graduate
1,15,1,6,1,14,1,1,1,5,8,1,0,1,1,0,0,22,0,2,6,9,6,12.0,0,1,6,12,3,12.0,0,13.9,-0.3,0.79,Dropout
1,8,1,16,1,1,1,3,3,18,24,0,0,0,1,0,0,20,0,0,7,9,6,11.833333333333334,0,0,7,7,6,14.333333333333334,0,11.1,0.6,2.02,Enrolled
1,8,1,10,1,1,1,1,30,10,3,0,0,0,1,0,1,19,0,0,6,7,6,11.333333333333334,0,0,6,7,6,12.428571428571429,0,11.1,0.6,2.02,Graduate
1,1,1,8,1,1,1,3,3,3,11,0,0,1,0,0,0,23,0,0,6,10,6,14.0,0,0,6,11,4,13.0,0,11.1,0.6,2.02,Enrolled
1,1,4,15,1,1,1,1,3,5,8,1,0,0,1,0,0,20,0,0,4,4,0,0.0,0,0,6,0,0,0.0,0,8.9,1.4,3.51,Dropout
1,8,1,12,1,1,1,13,28,10,10,0,0,0,1,0,1,18,0,0,7,7,7,14.145714285714286,0,0,8,9,8,13.627777777777778,0,11.1,0.6,2.02,Graduate
1,1,1,16,1,1,1,13,3,5,5,0,0,0,1,0,0,18,0,0,7,7,7,15.714285714285714,0,0,7,7,7,15.0,0,11.1,0.6,2.02,Graduate
1,7,1,5,1,1,1,1,1,5,5,1,0,0,1,0,0,18,0,0,6,6,6,14.5,0,0,6,6,6,12.833333333333334,0,12.4,0.5,1.79,Graduate
1,1,1,9,1,1,1,13,14,10,10,1,0,0,1,0,1,18,0,0,5,10,5,12.0,0,0,5,8,4,11.6,0,13.9,-0.3,0.79,Graduate
1,12,1,10,1,7,1,19,24,1,1,0,0,0,1,0,0,47,0,0,6,12,0,0.0,0,0,5,10,0,0.0,0,7.6,2.6,0.32,Dropout
2,12,1,8,1,1,1,22,27,10,7,0,0,0,1,1,0,31,0,1,6,11,2,12.0,1,1,6,12,1,10.0,1,16.2,0.3,-0.92,Dropout
1,1,1,9,1,1,14,3,3,10,10,0,0,1,0,0,0,19,1,0,5,14,0,0.0,0,0,5,5,0,0.0,0,8.9,1.4,3.51,Dropout
1,1,3,12,1,1,1,22,28,10,6,1,0,0,1,0,0,18,0,0,7,7,6,14.016666666666666,0,0,7,7,6,14.016666666666666,0,7.6,2.6,0.32,Graduate
2,12,1,17,0,1,1,1,1,32,23,0,0,0,1,0,0,34,0,0,5,12,5,10.4,0,0,5,11,5,12.0,0,12.4,0.5,1.79,Graduate
1,12,2,9,1,9,1,13,28,10,10,1,0,1,0,1,0,28,0,0,5,5,0,0.0,0,0,5,5,0,0.0,0,9.4,-0.8,-3.12,Dropout
1,15,1,6,1,14,1,1,1,6,5,1,1,0,0,1,0,19,0,2,6,6,6,14.0,0,1,6,11,6,13.5,0,12.4,0.5,1.79,Dropout
1,12,1,7,1,3,1,1,28,12,12,0,0,0,1,1,0,29,0,0,3,3,0,0.0,3,0,5,0,0,0.0,0,10.8,1.4,1.74,Dropout
1,1,1,4,1,1,1,1,14,32,45,0,0,1,1,1,0,18,0,0,6,6,5,15.0,0,0,6,8,4,14.5,0,8.9,1.4,3.51,Graduate
1,8,1,5,1,1,1,23,14,10,10,0,0,0,1,1,1,21,0,0,6,8,4,11.5,0,0,6,7,5,11.0,0,15.5,2.8,-4.06,Dropout
1,7,2,12,1,1,1,2,28,5,10,1,0,0,1,0,1,19,0,0,8,12,7,12.599999999999998,0,0,8,12,7,12.599999999999998,0,10.8,1.4,1.74,Graduate
4,12,1,3,0,1,1,22,27,10,8,0,0,0,1,0,0,42,0,0,6,8,5,11.2,0,0,6,6,6,12.0,0,8.9,1.4,3.51,Graduate
1,6,1,15,1,1,12,13,14,5,6,1,0,0,1,0,0,22,1,0,6,6,6,13.0,0,0,6,6,6,13.666666666666666,0,12.4,0.5,1.79,Graduate
4,12,1,3,0,12,1,22,27,10,4,0,0,0,1,0,1,29,0,0,6,11,4,11.75,0,0,6,9,5,10.4,0,10.8,1.4,1.74,Graduate
1,14,1,9,1,1,1,22,27,10,10,0,0,0,1,1,0,24,0,10,15,16,15,13.466666666666669,1,10,14,14,14,13.642857142857142,0,9.4,-0.8,-3.12,Graduate
1,14,1,14,1,1,1,19,24,1,1,0,0,0,1,1,0,25,0,0,5,5,4,13.75,0,0,5,5,4,14.75,0,7.6,2.6,0.32,Graduate
1,1,1,12,1,1,1,13,14,4,4,0,0,0,1,1,0,19,0,0,8,8,7,13.714285714285714,0,0,8,8,7,13.714285714285714,0,12.7,3.7,-1.7,Graduate
1,8,3,15,1,1,1,1,1,5,10,1,0,1,1,0,1,19,0,0,6,6,6,11.833333333333334,0,0,6,7,6,12.285714285714286,0,15.5,2.8,-4.06,Graduate
1,1,2,9,1,1,1,1,14,5,4,1,0,0,1,0,1,18,0,0,5,13,3,10.6,0,0,5,12,3,10.5,0,13.9,-0.3,0.79,Graduate
1,8,1,10,1,1,1,1,28,10,8,0,0,0,1,0,0,18,0,0,6,0,0,0.0,0,0,6,0,0,0.0,0,11.1,0.6,2.02,Dropout
1,1,1,12,1,1,1,13,14,5,11,0,0,0,1,0,0,20,0,0,8,8,7,12.685714285714283,0,0,8,8,7,12.685714285714283,0,12.7,3.7,-1.7,Graduate
1,1,1,16,1,1,1,23,27,6,6,0,0,0,1,0,0,19,0,0,6,9,4,12.5,0,0,6,9,5,12.5,0,9.4,-0.8,-3.12,Enrolled
1,9,4,15,1,1,1,13,14,5,5,1,0,0,1,0,0,20,0,0,6,12,5,12.0,0,0,6,8,6,11.571428571428571,0,15.5,2.8,-4.06,Dropout
1,15,1,4,1,14,1,22,28,10,10,0,0,1,1,0,1,19,0,0,6,8,6,13.0,0,0,6,11,5,13.0,0,15.5,2.8,-4.06,Graduate
1,1,6,12,1,1,1,23,14,6,7,1,0,0,1,0,0,18,0,0,7,11,7,13.37,0,0,8,13,7,12.833333333333334,0,15.5,2.8,-4.06,Graduate
1,1,2,3,0,1,1,13,9,1,1,1,0,0,1,0,0,22,0,0,6,7,5,13.4,0,0,6,9,5,12.2,0,7.6,2.6,0.32,Graduate
1,1,1,5,1,1,1,10,14,5,6,0,1,0,1,0,1,18,0,0,6,6,6,12.0,0,0,6,8,6,11.285714285714286,0,8.9,1.4,3.51,Graduate
1,1,1,12,1,1,1,23,1,10,5,1,0,0,1,0,0,19,0,0,7,10,5,12.94,0,0,7,7,5,13.76,0,16.2,0.3,-0.92,Enrolled
1,1,1,9,1,1,1,1,2,11,11,1,0,0,1,0,0,19,0,0,5,9,4,12.25,0,0,5,10,4,12.0,0,8.9,1.4,3.51,Enrolled
4,4,1,12,1,15,1,22,27,4,4,1,0,0,1,0,0,32,0,0,7,16,4,13.625,0,0,7,8,7,12.6375,0,12.4,0.5,1.79,Enrolled
4,12,1,3,0,1,1,22,27,4,5,0,0,0,1,0,1,35,0,0,6,9,6,11.333333333333334,0,0,6,6,6,11.333333333333334,0,15.5,2.8,-4.06,Graduate
1,13,1,7,1,1,1,19,24,1,1,0,0,0,1,1,0,18,0,0,5,6,1,10.0,0,0,5,7,1,12.0,0,10.8,1.4,1.74,Dropout
1,12,1,17,0,1,1,1,1,5,11,0,0,0,1,1,0,24,0,0,5,5,4,12.0,0,0,5,6,5,12.666666666666666,0,12.4,0.5,1.79,Enrolled
4,12,1,12,1,1,1,22,27,10,10,0,0,1,1,0,0,38,0,0,7,13,3,11.833333333333334,0,0,7,14,2,10.0,0,16.2,0.3,-0.92,Dropout
1,17,1,6,1,16,1,13,28,10,10,0,0,1,0,0,0,21,0,7,10,15,8,13.75,0,4,9,17,5,13.2,0,8.9,1.4,3.51,Dropout
1,1,1,14,1,1,1,1,14,5,5,0,0,0,1,0,1,18,0,0,6,8,6,14.0,0,0,6,7,6,13.142857142857142,0,11.1,0.6,2.02,Graduate
1,1,1,9,1,1,1,7,14,5,4,0,0,0,1,0,0,23,0,0,5,8,3,10.666666666666666,0,0,5,8,5,11.6,0,7.6,2.6,0.32,Graduate
2,12,1,16,1,1,1,22,27,6,6,0,0,0,1,0,0,34,0,0,7,11,1,10.0,0,0,7,7,1,13.0,0,16.2,0.3,-0.92,Dropout
1,12,1,14,1,1,1,22,27,7,7,0,0,0,1,0,0,28,0,0,6,8,1,10.0,0,0,6,9,0,0.0,0,10.8,1.4,1.74,Dropout
1,8,1,10,1,1,1,13,27,10,10,1,0,0,1,0,1,20,0,0,6,7,6,11.714285714285714,0,0,6,8,6,12.625,0,13.9,-0.3,0.79,Graduate
1,1,1,12,1,1,1,23,28,10,10,0,0,0,1,1,0,19,0,0,8,8,7,14.285714285714286,0,0,8,8,7,14.285714285714286,0,12.7,3.7,-1.7,Graduate
1,1,1,6,1,1,1,22,27,10,7,1,0,0,1,0,1,18,0,0,6,13,6,16.46153846153846,0,0,6,8,6,13.875,0,15.5,2.8,-4.06,Graduate
1,8,3,9,1,1,1,3,28,3,11,1,0,0,1,0,0,18,0,0,5,16,4,10.666666666666666,0,0,5,11,2,12.0,0,13.9,-0.3,0.79,Enrolled
1,9,1,12,1,1,1,22,28,8,9,1,0,0,1,0,1,19,0,0,8,8,7,11.4,0,0,8,8,7,11.4,0,10.8,1.4,1.74,Graduate
1,1,5,15,1,1,1,13,14,10,10,1,0,0,1,0,0,18,0,0,6,7,5,12.8,0,0,6,10,4,12.2,0,10.8,1.4,1.74,Graduate
1,1,3,6,1,1,1,1,3,5,5,1,0,0,1,0,0,18,0,0,6,8,6,14.0,0,0,6,9,6,13.333333333333334,0,8.9,1.4,3.51,Graduate
1,1,3,12,1,1,1,1,1,8,8,1,0,0,1,0,1,19,0,0,7,10,5,13.04,0,0,7,7,7,12.5,0,12.4,0.5,1.79,Enrolled
1,12,1,6,1,12,1,13,14,5,10,1,0,0,1,0,1,24,0,1,6,7,6,12.5,0,0,6,11,6,12.833333333333334,0,8.9,1.4,3.51,Graduate
1,8,1,2,1,1,1,1,1,5,11,0,0,0,0,1,0,19,0,0,0,0,0,0.0,0,0,0,0,0,0.0,0,10.8,1.4,1.74,Dropout
1,1,4,7,1,1,1,3,1,15,31,0,0,0,1,1,0,18,0,0,5,9,1,13.0,0,0,5,5,0,0.0,0,8.9,1.4,3.51,Dropout
1,12,1,14,1,7,1,6,16,4,4,0,0,1,0,1,0,26,0,0,5,5,0,0.0,0,0,5,5,0,0.0,5,9.4,-0.8,-3.12,Dropout
1,8,1,16,1,1,1,13,14,10,9,0,0,0,1,0,1,19,0,0,7,7,7,14.428571428571429,0,0,7,7,7,14.142857142857142,0,16.2,0.3,-0.92,Graduate
1,12,1,8,1,1,1,23,28,10,11,0,0,0,1,0,0,24,0,0,6,9,6,12.571428571428571,0,0,6,10,5,12.833333333333334,0,11.1,0.6,2.02,Dropout
1,7,3,5,1,1,1,1,28,5,9,1,0,0,1,0,0,19,0,0,6,6,6,15.333333333333334,0,0,6,9,6,15.833333333333334,0,12.7,3.7,-1.7,Graduate
1,8,1,4,1,1,1,1,4,10,6,1,0,1,0,1,0,26,0,0,6,8,0,0.0,0,0,6,10,0,0.0,0,16.2,0.3,-0.92,Dropout
1,9,2,10,1,1,1,13,27,6,8,1,0,0,1,1,1,20,0,1,7,9,6,12.0,0,2,6,6,6,11.166666666666666,0,10.8,1.4,1.74,Graduate
1,1,1,9,1,1,1,1,14,5,6,0,0,0,1,1,0,20,0,0,5,9,5,12.0,0,0,5,9,4,13.0,0,8.9,1.4,3.51,Enrolled
1,1,6,12,1,1,1,1,1,4,8,1,0,0,1,1,0,18,0,0,7,8,6,13.976666666666668,0,0,8,12,6,12.041666666666666,1,11.1,0.6,2.02,Enrolled
1,8,1,15,1,1,1,22,27,1,5,1,0,0,1,1,0,19,0,0,6,12,0,0.0,1,0,6,0,0,0.0,0,9.4,-0.8,-3.12,Dropout
1,17,1,6,1,16,1,1,1,10,5,1,0,0,1,1,1,22,0,1,7,11,5,12.166666666666666,0,4,8,14,5,14.8,0,8.9,1.4,3.51,Dropout
2,12,1,17,0,1,1,22,14,10,11,0,0,0,1,1,0,47,0,0,5,8,4,10.0,0,0,5,8,4,12.5,0,9.4,-0.8,-3.12,Enrolled
1,8,1,2,1,1,1,13,27,6,10,1,0,0,1,1,1,19,0,0,0,0,0,0.0,0,0,0,0,0,0.0,0,11.1,0.6,2.02,Graduate
1,1,1,2,1,1,1,13,27,10,8,1,0,0,1,0,1,21,0,15,17,18,17,13.38888888888889,0,15,17,18,17,14.88888888888889,0,11.1,0.6,2.02,Graduate
1,1,1,6,1,1,1,1,28,10,10,1,0,0,1,0,0,18,0,0,5,7,5,14.4,1,0,5,5,5,13.6,0,12.7,3.7,-1.7,Graduate
1,4,1,8,1,2,3,27,1,5,10,0,0,0,1,1,0,35,1,0,7,8,0,0.0,1,0,6,9,0,0.0,0,8.9,1.4,3.51,Dropout
1,1,4,9,1,1,1,1,1,4,5,1,0,0,1,0,1,22,0,0,5,6,3,14.0,0,0,5,8,5,12.4,0,11.1,0.6,2.02,Graduate
1,15,1,8,1,14,1,13,14,6,6,1,0,1,0,0,0,20,0,1,6,11,3,12.0,0,0,6,11,2,11.0,0,12.4,0.5,1.79,Enrolled
1,14,1,8,1,1,3,22,27,10,7,0,0,0,1,0,0,37,1,0,6,0,0,0.0,0,0,6,0,0,0.0,0,13.9,-0.3,0.79,Dropout
1,12,1,17,0,1,1,13,27,6,6,0,0,0,1,0,0,28,0,0,5,9,4,11.25,0,0,5,7,4,13.0,0,7.6,2.6,0.32,Enrolled
1,8,2,7,1,1,1,1,2,4,4,1,0,0,1,1,0,21,0,0,5,10,5,11.166666666666666,0,0,5,10,3,10.8,0,12.4,0.5,1.79,Enrolled
1,8,1,11,1,1,1,22,27,6,5,1,0,0,1,1,0,19,0,0,6,13,2,10.5,0,0,6,11,1,12.0,0,10.8,1.4,1.74,Dropout
1,15,1,4,1,14,1,13,28,7,7,1,0,0,1,1,0,19,0,0,6,8,6,12.142857142857142,0,0,6,11,5,13.6,0,12.4,0.5,1.79,Graduate
1,1,1,9,1,1,1,1,28,5,8,1,0,0,1,1,0,18,0,0,5,10,3,10.666666666666666,1,0,5,11,2,12.5,0,9.4,-0.8,-3.12,Dropout
1,13,1,14,1,1,1,1,1,10,11,1,0,0,1,0,1,20,0,3,7,10,6,12.833333333333334,0,2,8,8,5,11.8,0,12.7,3.7,-1.7,Graduate
2,12,1,13,1,1,1,22,27,10,5,0,0,0,0,0,0,50,0,0,7,18,6,10.25,0,0,7,14,4,11.25,0,12.7,3.7,-1.7,Dropout
1,1,2,5,1,1,1,23,28,10,8,1,0,0,1,0,0,18,0,0,6,7,6,14.166666666666666,0,0,6,7,6,14.857142857142858,0,9.4,-0.8,-3.12,Graduate
1,14,1,12,1,1,1,1,28,5,8,0,0,0,1,0,1,18,0,0,7,8,7,13.6375,0,0,8,8,8,14.3875,0,13.9,-0.3,0.79,Graduate
1,1,1,15,1,1,1,1,1,5,5,1,0,0,1,0,0,19,0,0,6,7,6,14.0,0,0,6,7,5,15.0,0,11.1,0.6,2.02,Enrolled
1,4,1,7,1,1,1,19,24,1,1,0,0,0,1,1,0,24,0,0,5,0,0,0.0,0,0,5,0,0,0.0,0,7.6,2.6,0.32,Dropout
1,1,1,12,1,1,1,22,28,10,10,1,0,0,1,1,1,19,0,0,7,7,7,13.7,0,0,8,9,8,14.022222222222222,0,16.2,0.3,-0.92,Graduate
1,12,1,7,1,3,1,3,3,4,11,0,0,0,1,1,0,31,0,0,5,0,0,0.0,0,0,5,0,0,0.0,0,10.8,1.4,1.74,Dropout
1,1,1,15,1,1,1,1,1,6,6,1,0,0,1,1,0,18,0,0,6,6,6,13.666666666666666,0,0,6,6,6,14.5,0,12.7,3.7,-1.7,Graduate
1,1,4,14,1,1,1,4,14,3,6,1,0,0,1,0,0,19,0,0,6,7,6,14.428571428571429,0,0,6,8,6,15.0,2,16.2,0.3,-0.92,Graduate
1,8,1,2,1,1,14,1,1,6,8,1,0,0,1,0,1,18,1,0,0,0,0,0.0,0,0,0,0,0,0.0,0,12.7,3.7,-1.7,Dropout
1,7,3,16,1,1,1,22,14,10,6,1,0,0,1,0,1,23,0,0,6,10,4,14.25,1,0,6,8,5,12.0,0,7.6,2.6,0.32,Enrolled
2,12,1,17,0,1,1,22,10,10,10,0,0,1,1,1,0,35,0,0,5,6,5,10.8,0,0,5,7,5,12.0,2,9.4,-0.8,-3.12,Dropout
1,1,1,9,1,1,1,22,28,8,8,1,0,0,1,1,0,23,0,0,5,8,4,11.4,0,0,5,7,4,11.0,0,11.1,0.6,2.02,Graduate
1,1,1,12,1,1,1,22,14,10,10,1,0,0,1,1,0,19,0,0,7,7,7,13.725714285714286,0,0,8,8,8,14.5,0,11.1,0.6,2.02,Graduate
1,4,2,12,1,3,1,22,28,10,10,0,0,0,1,1,0,28,0,0,7,7,7,14.114285714285714,0,0,8,9,8,15.91111111111111,0,16.2,0.3,-0.92,Dropout
1,8,1,6,1,1,1,1,1,5,8,1,0,0,1,1,0,22,0,0,6,16,0,0.0,0,0,6,7,0,0.0,0,16.2,0.3,-0.92,Dropout
1,1,1,10,1,1,1,23,27,10,8,1,0,0,1,0,1,18,0,0,6,7,6,12.833333333333334,0,0,6,6,6,12.166666666666666,0,10.8,1.4,1.74,Graduate
1,1,5,7,1,1,1,1,14,5,8,0,0,0,0,1,1,18,0,0,5,6,5,12.2,0,0,5,8,4,12.0,0,8.9,1.4,3.51,Enrolled
1,16,1,17,0,1,1,1,1,6,4,1,0,0,1,1,0,27,0,2,6,6,6,12.333333333333334,0,0,5,5,5,13.0,0,11.1,0.6,2.02,Graduate
1,9,1,5,1,1,1,1,27,5,8,1,0,0,1,1,0,20,0,0,6,6,0,0.0,0,0,6,6,0,0.0,0,9.4,-0.8,-3.12,Dropout
2,12,1,17,0,1,1,21,12,10,11,1,0,0,1,1,0,41,0,0,5,9,4,10.75,0,0,5,7,2,10.0,0,9.4,-0.8,-3.12,Dropout
1,15,1,4,1,14,1,3,3,3,11,1,0,0,1,1,0,20,0,0,6,7,6,14.0,0,0,6,7,6,14.666666666666666,0,12.4,0.5,1.79,Graduate
1,1,1,8,1,1,1,7,14,5,5,0,0,0,1,1,1,26,0,0,5,9,0,0.0,0,0,5,6,0,0.0,0,7.6,2.6,0.32,Dropout
1,1,3,2,1,1,1,22,14,10,9,1,0,0,1,1,1,20,0,6,12,12,12,14.583333333333334,0,4,11,14,11,14.333333333333334,0,8.9,1.4,3.51,Graduate
1,12,1,13,1,12,1,27,1,4,8,0,0,0,1,1,0,37,0,0,7,15,0,0.0,0,0,7,13,0,0.0,1,11.1,0.6,2.02,Dropout
1,1,5,12,1,1,1,23,27,8,8,1,0,0,1,0,1,18,0,0,8,8,8,13.435,0,0,8,8,8,13.435,0,9.4,-0.8,-3.12,Graduate
1,9,1,2,1,1,1,1,1,5,4,1,0,0,1,0,0,23,0,15,17,18,17,11.5,0,16,17,17,17,12.176470588235292,0,12.4,0.5,1.79,Graduate
1,1,1,15,1,1,1,3,3,3,3,1,0,1,0,0,0,18,0,0,6,7,5,12.2,0,0,6,11,4,11.5,0,11.1,0.6,2.02,Dropout
1,1,4,12,1,1,1,1,27,5,9,1,0,0,1,0,0,18,0,0,7,7,6,13.45,0,0,7,7,6,13.45,0,7.6,2.6,0.32,Graduate
1,8,5,12,1,1,1,13,28,6,9,1,0,0,1,0,1,18,0,0,7,7,6,12.6,0,0,7,7,6,12.6,0,7.6,2.6,0.32,Graduate
1,1,4,12,1,1,1,13,28,10,11,1,0,0,1,0,0,20,0,0,7,7,7,12.485714285714286,0,0,8,12,8,12.9375,0,16.2,0.3,-0.92,Graduate
1,1,4,11,1,1,1,1,28,6,7,1,0,0,1,0,1,18,0,0,6,7,6,12.285714285714286,0,0,6,6,6,12.0,0,8.9,1.4,3.51,Graduate
1,1,2,12,1,1,1,1,1,5,5,1,0,0,1,0,1,20,0,0,7,8,7,12.725,0,0,8,8,8,13.7125,0,13.9,-0.3,0.79,Graduate
1,4,1,4,1,4,1,3,1,3,5,1,0,0,1,0,0,31,0,8,12,12,11,13.818181818181818,0,4,12,16,12,13.461538461538462,0,15.5,2.8,-4.06,Graduate
1,8,1,9,1,1,1,13,14,5,7,0,0,0,1,0,1,21,0,0,5,6,5,11.4,0,0,5,6,5,12.2,0,12.7,3.7,-1.7,Graduate
1,14,1,2,1,2,1,22,27,10,10,1,0,0,1,0,0,34,0,0,0,0,0,0.0,0,0,0,0,0,0.0,0,10.8,1.4,1.74,Dropout
1,1,1,10,1,1,1,23,27,10,6,0,0,0,1,0,1,18,0,0,6,6,6,13.833333333333334,0,0,6,7,0,0.0,0,15.5,2.8,-4.06,Dropout
1,1,1,11,1,1,1,13,14,6,6,1,0,0,1,0,0,21,0,0,6,8,5,11.6,0,0,6,6,5,13.0,0,12.4,0.5,1.79,Enrolled
1,8,2,12,1,1,1,13,14,10,11,1,0,0,1,0,0,19,0,0,7,7,7,14.125714285714285,0,0,8,8,8,14.36875,0,11.1,0.6,2.02,Graduate
2,12,2,17,0,1,1,22,27,10,10,1,0,0,1,1,0,51,0,0,4,4,0,0.0,0,0,5,0,0,0.0,0,12.7,3.7,-1.7,Dropout
2,12,1,15,1,12,1,22,27,7,7,0,0,1,1,1,1,49,0,0,6,8,6,12.285714285714286,0,0,6,7,6,14.166666666666666,0,10.8,1.4,1.74,Graduate
1,1,3,11,1,1,1,1,14,10,10,1,0,0,1,0,0,19,0,0,6,6,6,12.5,0,0,6,6,6,12.166666666666666,0,12.4,0.5,1.79,Graduate
1,1,2,12,1,1,1,22,27,10,9,1,0,0,1,0,0,21,0,0,7,11,7,14.072222222222225,0,0,8,8,8,14.0475,0,15.5,2.8,-4.06,Graduate
1,1,3,15,1,1,1,3,1,3,4,1,0,0,1,0,0,18,0,0,6,7,6,14.857142857142858,0,0,6,6,6,14.666666666666666,0,13.9,-0.3,0.79,Graduate
1,1,4,15,1,1,1,13,27,13,12,0,0,0,0,0,0,18,0,0,4,4,0,0.0,0,0,4,4,0,0.0,0,12.7,3.7,-1.7,Dropout
1,1,2,10,1,1,1,23,1,8,8,1,0,0,1,0,0,21,0,0,6,8,5,12.4,0,0,6,6,6,12.0,0,12.4,0.5,1.79,Graduate
1,8,1,6,1,1,1,13,14,5,10,1,0,1,0,0,1,21,0,0,6,16,2,13.0,0,0,6,8,0,0.0,0,15.5,2.8,-4.06,Dropout
1,1,1,16,1,1,1,1,14,4,4,1,0,0,1,0,0,20,0,0,7,7,7,13.857142857142858,0,0,7,7,7,13.285714285714286,0,11.1,0.6,2.02,Graduate
1,1,2,15,1,1,1,3,1,3,5,0,0,0,1,1,0,19,0,0,6,9,5,12.6,0,6,10,16,8,11.0,1,8.9,1.4,3.51,Enrolled
1,7,2,9,1,1,1,13,14,5,10,1,0,0,1,1,0,19,0,0,5,8,5,11.6,0,0,5,9,3,11.0,0,10.8,1.4,1.74,Dropout
1,1,2,12,1,1,1,1,3,6,11,1,0,0,1,1,0,19,0,0,7,9,7,11.975,0,0,8,9,7,13.12857142857143,0,13.9,-0.3,0.79,Graduate
1,8,2,11,1,1,1,13,14,6,8,0,0,0,1,1,1,18,0,0,6,12,3,10.666666666666666,0,0,6,9,4,12.0,0,15.5,2.8,-4.06,Enrolled
1,1,1,11,1,1,1,23,14,10,5,0,0,0,1,1,0,19,0,0,6,10,4,12.75,0,0,6,12,2,13.0,0,10.8,1.4,1.74,Enrolled
1,12,1,11,1,12,1,23,27,5,6,0,0,1,0,1,0,24,0,0,6,7,0,0.0,0,0,6,7,0,0.0,0,16.2,0.3,-0.92,Dropout
1,1,1,8,1,1,1,1,1,5,11,1,0,0,1,1,0,18,0,0,5,5,5,13.6,0,0,5,6,4,13.25,1,10.8,1.4,1.74,Graduate
1,12,1,7,1,9,1,19,24,1,1,0,0,0,0,1,0,49,0,0,5,5,0,0.0,0,0,5,6,0,0.0,0,10.8,1.4,1.74,Dropout
1,8,2,5,1,1,1,22,28,10,11,1,0,0,1,1,1,23,0,0,6,8,6,13.333333333333334,0,0,6,7,5,12.8,0,9.4,-0.8,-3.12,Graduate
1,13,1,7,1,1,1,5,5,3,3,0,0,0,1,1,0,30,0,1,6,9,2,15.0,0,1,6,7,2,13.5,0,15.5,2.8,-4.06,Dropout
1,1,1,10,1,1,1,4,5,3,3,0,0,0,1,1,0,22,0,0,6,10,5,11.4,0,0,6,8,5,11.0,0,10.8,1.4,1.74,Graduate
1,1,1,9,1,1,1,22,27,10,10,0,0,1,1,1,1,22,0,0,5,8,5,10.666666666666666,0,0,5,11,2,11.0,0,15.5,2.8,-4.06,Enrolled
1,1,3,5,1,1,1,22,27,10,10,1,0,0,1,1,1,22,0,0,6,6,6,11.666666666666666,0,0,6,6,6,12.166666666666666,0,7.6,2.6,0.32,Enrolled
1,1,1,10,1,1,1,1,1,4,5,0,0,0,1,1,0,19,0,0,6,7,6,12.166666666666666,0,0,6,6,6,12.166666666666666,0,12.4,0.5,1.79,Graduate
1,12,1,4,1,1,1,13,27,10,8,1,0,0,1,1,0,31,0,0,6,8,0,0.0,0,0,6,10,0,0.0,0,16.2,0.3,-0.92,Dropout
1,8,5,7,1,1,1,23,28,6,10,1,0,1,1,1,0,20,0,0,5,5,4,14.5,0,0,6,8,3,13.333333333333334,0,11.1,0.6,2.02,Dropout
1,9,1,7,1,1,1,1,1,5,4,1,0,0,1,1,0,20,0,0,5,7,5,12.166666666666666,0,0,5,7,5,15.285714285714286,0,12.4,0.5,1.79,Graduate
1,12,1,4,1,1,1,3,3,3,3,0,0,0,1,1,0,31,0,0,6,8,6,15.125,0,0,6,10,6,14.6,0,16.2,0.3,-0.92,Graduate
1,9,1,15,1,1,1,1,1,5,8,1,0,0,1,1,0,19,0,0,6,6,6,13.833333333333334,0,0,6,6,6,14.5,0,8.9,1.4,3.51,Graduate
1,12,1,9,1,1,1,22,27,10,10,0,0,0,0,1,0,32,0,0,5,9,0,0.0,1,0,5,5,0,0.0,0,9.4,-0.8,-3.12,Dropout
1,1,3,5,1,1,1,13,28,6,8,1,0,0,1,1,1,19,0,0,6,6,6,15.166666666666666,0,0,6,6,6,12.333333333333334,0,12.4,0.5,1.79,Graduate
1,14,1,15,1,1,1,13,28,10,8,1,0,0,1,1,0,22,0,0,6,17,3,11.333333333333334,3,0,6,14,3,12.333333333333334,0,15.5,2.8,-4.06,Enrolled
1,8,2,5,1,1,1,22,27,10,10,1,1,0,1,1,1,25,0,0,6,8,4,10.25,0,0,6,6,4,11.25,0,12.7,3.7,-1.7,Dropout
2,12,1,17,0,12,1,22,27,6,6,1,0,0,1,1,0,41,0,0,5,5,0,0.0,0,0,5,5,0,0.0,0,7.6,2.6,0.32,Dropout
1,13,1,7,1,1,1,23,27,6,9,1,0,0,1,1,0,21,0,0,5,10,5,13.0,0,0,5,10,5,12.6,0,9.4,-0.8,-3.12,Graduate
1,6,1,2,1,1,12,1,1,3,10,0,0,0,1,1,0,21,1,6,12,12,12,15.083333333333334,0,4,11,15,11,13.083333333333334,0,8.9,1.4,3.51,Enrolled
1,9,1,7,1,1,1,3,14,4,6,0,0,0,1,1,1,18,0,0,5,5,0,0.0,0,0,5,5,0,0.0,0,9.4,-0.8,-3.12,Dropout
1,1,1,9,1,1,1,13,27,10,10,0,0,0,1,1,0,18,0,0,5,5,5,11.6,0,0,5,5,5,13.2,0,12.4,0.5,1.79,Graduate
1,14,1,5,1,1,1,23,27,9,8,1,0,0,1,1,0,20,0,3,6,6,4,12.75,0,3,9,12,3,12.666666666666666,0,12.4,0.5,1.79,Dropout
1,1,1,15,1,1,1,3,14,3,6,0,0,0,1,1,0,20,0,0,6,6,6,14.333333333333334,0,0,6,7,6,15.0,0,15.5,2.8,-4.06,Graduate
1,1,2,9,1,1,1,1,1,10,7,0,0,0,1,1,0,19,0,0,5,9,5,10.8,0,0,5,13,2,13.5,0,8.9,1.4,3.51,Enrolled
2,12,1,12,1,1,1,3,1,6,6,0,0,0,1,0,1,34,0,0,7,7,6,12.513333333333334,0,0,8,9,7,13.071428571428571,0,12.4,0.5,1.79,Graduate
1,8,4,7,1,1,15,1,1,29,36,1,0,0,1,1,0,20,1,0,5,10,4,14.25,0,0,5,14,1,10.0,0,8.9,1.4,3.51,Enrolled
1,8,1,5,1,1,1,1,1,2,6,0,0,0,1,0,1,22,0,0,6,7,6,12.166666666666666,0,0,6,9,4,12.0,0,9.4,-0.8,-3.12,Graduate
1,1,1,10,1,1,1,23,1,3,5,0,0,0,1,0,0,20,0,0,6,11,1,12.0,0,0,5,10,0,0.0,0,9.4,-0.8,-3.12,Enrolled
1,12,1,9,1,9,1,22,27,10,8,0,0,1,1,0,0,41,0,0,5,6,5,11.6,0,0,5,8,5,12.2,0,7.6,2.6,0.32,Enrolled
1,1,1,10,1,1,1,1,1,5,11,0,0,1,1,0,0,23,0,0,6,8,6,12.625,0,0,6,6,6,14.166666666666666,0,12.7,3.7,-1.7,Graduate
1,1,1,16,1,1,1,13,27,10,10,1,0,1,0,0,0,22,0,0,7,10,6,11.5,0,0,7,8,6,13.166666666666666,0,11.1,0.6,2.02,Enrolled
1,12,1,13,1,1,1,13,14,5,6,0,0,0,1,0,0,26,0,0,7,12,6,12.166666666666666,0,0,8,8,8,11.675,0,13.9,-0.3,0.79,Dropout
1,8,1,11,1,1,1,1,14,6,5,0,0,0,1,0,1,19,0,0,6,7,5,11.0,0,0,6,7,5,12.8,0,12.4,0.5,1.79,Graduate
1,16,1,3,0,16,1,13,27,19,44,1,0,1,1,0,1,21,0,13,13,13,11,12.727272727272728,0,9,11,11,10,12.6,0,8.9,1.4,3.51,Graduate
1,8,5,14,1,1,1,3,4,3,3,0,0,0,1,1,0,20,0,0,6,6,3,12.333333333333334,0,0,6,9,0,0.0,0,10.8,1.4,1.74,Dropout
1,1,1,11,1,1,1,22,27,2,2,0,0,0,1,1,0,27,0,0,6,6,6,10.666666666666666,0,0,6,8,4,11.25,0,10.8,1.4,1.74,Enrolled
1,1,1,8,1,1,1,23,28,6,9,1,0,0,1,0,0,20,0,0,5,9,4,12.0,1,0,5,6,5,13.4,0,9.4,-0.8,-3.12,Graduate
1,1,4,6,1,1,1,22,1,10,10,1,0,0,1,0,1,19,0,0,5,7,4,14.5,0,0,5,5,5,13.6,0,10.8,1.4,1.74,Graduate
2,12,1,3,0,12,1,13,27,7,9,0,0,0,1,1,0,48,0,0,6,6,0,0.0,0,0,5,6,0,0.0,0,12.4,0.5,1.79,Dropout
1,14,1,3,0,1,1,22,27,10,6,0,0,0,1,0,0,45,0,5,9,13,8,11.0,0,3,7,10,6,10.833333333333334,0,12.7,3.7,-1.7,Enrolled
1,7,4,12,1,1,1,1,1,5,5,1,0,0,1,0,0,18,0,0,8,8,8,13.11,0,0,8,8,8,13.11,0,9.4,-0.8,-3.12,Graduate
1,14,2,14,1,1,1,3,3,6,6,1,0,0,1,0,0,19,0,0,5,5,4,13.75,0,0,6,9,5,12.6,0,12.7,3.7,-1.7,Enrolled
1,12,1,15,1,7,1,23,1,6,5,1,0,0,1,1,0,28,0,0,6,11,3,13.0,0,0,6,15,1,12.0,0,7.6,2.6,0.32,Dropout
1,1,3,14,1,1,1,22,27,8,8,1,0,0,1,1,0,19,0,0,5,7,3,11.333333333333334,0,0,5,7,4,11.0,0,9.4,-0.8,-3.12,Enrolled
1,12,1,2,1,1,1,22,27,10,8,0,0,1,1,1,1,33,0,0,0,0,0,0.0,0,0,0,0,0,0.0,0,15.5,2.8,-4.06,Dropout
1,1,1,6,1,1,1,23,14,10,4,0,0,0,1,1,0,19,0,0,6,7,6,14.857142857142858,0,0,6,8,6,14.142857142857142,0,11.1,0.6,2.02,Graduate
1,1,1,12,1,1,1,13,14,10,7,0,0,0,1,0,0,19,0,0,7,7,6,14.266666666666666,0,0,7,7,6,14.266666666666666,0,7.6,2.6,0.32,Graduate
2,4,1,3,0,3,1,22,24,1,1,0,0,0,1,0,0,30,0,8,10,11,9,12.666666666666666,0,3,7,7,7,12.428571428571429,1,7.6,2.6,0.32,Graduate
1,14,1,15,1,1,1,13,1,6,6,1,0,0,1,0,0,18,0,0,6,6,0,0.0,0,0,6,10,3,11.0,0,16.2,0.3,-0.92,Enrolled
1,1,2,14,1,1,1,22,27,10,10,0,0,0,1,0,0,22,0,0,5,8,3,12.0,0,0,5,9,2,11.0,1,7.6,2.6,0.32,Enrolled
1,12,1,6,1,1,1,22,27,7,7,0,0,0,1,0,1,25,0,0,6,13,3,11.666666666666666,0,0,6,14,2,11.333333333333334,0,11.1,0.6,2.02,Enrolled
2,12,2,13,1,9,1,19,24,13,13,0,0,0,1,0,0,39,0,0,3,7,1,14.0,0,0,2,4,0,0.0,0,11.1,0.6,2.02,Dropout
1,15,1,6,1,14,1,3,3,5,3,1,0,0,1,0,0,19,0,0,6,8,4,14.4,0,0,6,6,5,13.0,0,13.9,-0.3,0.79,Graduate
1,14,1,16,1,1,1,22,27,7,7,0,0,1,1,0,0,41,0,20,21,23,21,12.333333333333334,0,19,19,19,19,12.105263157894736,0,12.4,0.5,1.79,Graduate
1,8,2,2,1,1,1,2,1,4,4,1,0,0,1,0,0,20,0,0,0,0,0,0.0,0,0,0,0,0,0.0,0,9.4,-0.8,-3.12,Graduate
2,14,1,17,0,2,1,22,27,10,9,0,0,0,1,0,0,36,0,8,12,21,11,11.5,0,7,12,22,12,11.4375,0,9.4,-0.8,-3.12,Enrolled
1,1,3,12,1,1,1,1,1,5,5,1,0,0,1,0,0,19,0,0,8,10,1,13.67,7,0,8,10,1,13.67,7,9.4,-0.8,-3.12,Enrolled
1,1,1,8,1,1,1,6,6,1,5,1,0,1,1,0,0,29,0,0,5,10,1,13.0,4,0,5,14,0,0.0,8,10.8,1.4,1.74,Dropout
1,15,1,16,1,14,1,3,27,3,8,0,0,0,1,0,0,19,0,0,6,0,0,0.0,0,0,6,0,0,0.0,0,12.4,0.5,1.79,Dropout
1,1,1,6,1,1,1,3,2,2,2,1,0,0,0,0,0,22,0,0,5,12,4,14.6,3,0,5,5,4,12.75,1,9.4,-0.8,-3.12,Dropout
1,8,1,2,1,1,1,3,3,4,4,1,0,0,0,0,0,19,0,6,12,12,12,13.0,0,4,11,14,11,13.25,0,8.9,1.4,3.51,Graduate
1,1,1,6,1,1,1,2,2,7,7,0,0,0,1,0,0,18,0,0,6,11,5,12.285714285714286,0,0,6,19,3,14.0,1,12.4,0.5,1.79,Dropout
1,1,1,12,1,1,1,3,3,2,6,0,0,0,1,0,0,18,0,0,7,7,7,13.677142857142858,0,0,8,9,8,14.533333333333331,0,11.1,0.6,2.02,Graduate
1,7,2,6,1,1,1,22,27,10,10,1,0,0,1,0,1,19,0,0,5,8,5,13.166666666666666,2,0,5,5,5,12.8,0,9.4,-0.8,-3.12,Graduate
1,8,6,10,1,1,1,3,3,2,3,1,0,0,1,0,0,19,0,0,6,11,5,10.8,0,0,6,12,5,11.333333333333334,0,15.5,2.8,-4.06,Graduate
1,1,2,2,1,1,1,23,14,10,10,1,0,0,1,0,1,24,0,0,0,0,0,0.0,0,0,0,0,0,0.0,0,11.1,0.6,2.02,Graduate
1,1,2,12,1,1,1,3,3,3,3,1,0,0,0,0,0,19,0,0,7,0,0,0.0,0,0,8,0,0,0.0,0,12.7,3.7,-1.7,Dropout
1,8,4,14,1,1,1,1,27,8,8,1,0,0,0,0,0,18,0,0,6,6,6,12.333333333333334,0,0,6,8,5,13.6,0,8.9,1.4,3.51,Graduate
1,8,2,16,1,1,1,1,1,4,10,1,0,0,1,0,0,19,0,0,6,8,5,13.0,0,0,6,8,4,10.75,0,9.4,-0.8,-3.12,Graduate
1,1,1,9,1,1,1,1,14,4,4,0,0,0,1,0,1,18,0,0,5,7,5,13.333333333333334,0,0,5,6,5,13.6,0,12.7,3.7,-1.7,Graduate
1,1,1,3,0,1,1,19,24,1,1,0,0,0,1,0,0,32,0,0,6,0,0,0.0,0,0,6,0,0,0.0,0,7.6,2.6,0.32,Dropout
1,15,1,5,1,14,1,1,1,5,11,1,0,0,1,0,0,19,0,2,7,11,6,12.0,0,5,9,9,8,12.75,0,16.2,0.3,-0.92,Graduate
1,1,3,12,1,1,3,2,3,6,3,1,0,0,1,0,0,19,1,0,7,9,5,12.32,0,0,7,9,5,11.9,0,12.4,0.5,1.79,Enrolled
1,8,1,3,0,1,1,13,27,5,8,0,0,0,1,0,0,24,0,0,6,12,1,12.0,0,0,6,12,0,0.0,0,10.8,1.4,1.74,Dropout
2,12,1,6,1,1,1,13,14,2,5,0,0,0,1,0,0,29,0,0,5,8,5,15.333333333333334,2,0,5,6,5,15.4,0,9.4,-0.8,-3.12,Dropout
1,1,1,9,1,1,1,1,28,4,10,0,0,0,1,0,1,18,0,0,5,6,5,16.333333333333332,0,0,5,5,5,15.4,0,15.5,2.8,-4.06,Graduate
1,8,4,11,1,1,1,1,1,5,5,1,0,0,1,0,0,19,0,0,6,7,6,11.666666666666666,0,0,6,6,6,12.333333333333334,0,13.9,-0.3,0.79,Dropout
1,1,1,10,1,1,1,13,28,6,9,0,0,0,1,0,1,19,0,0,6,6,6,15.0,0,0,6,6,6,13.333333333333334,0,8.9,1.4,3.51,Graduate
1,8,1,11,1,1,1,13,14,4,11,0,0,0,1,0,0,20,0,0,6,8,5,10.8,0,0,6,9,4,11.5,0,9.4,-0.8,-3.12,Graduate
1,1,1,6,1,1,1,23,27,2,2,1,0,0,1,0,0,21,0,0,5,8,3,11.333333333333334,1,0,5,8,3,13.333333333333334,0,12.7,3.7,-1.7,Enrolled
1,1,1,15,1,1,1,1,28,5,10,0,0,0,1,0,1,18,0,0,6,6,6,12.666666666666666,0,0,6,6,6,12.833333333333334,0,11.1,0.6,2.02,Graduate
1,1,1,8,1,1,1,1,1,10,10,1,0,0,1,0,0,20,0,0,5,10,4,12.5,0,0,5,12,2,13.0,0,12.7,3.7,-1.7,Enrolled
1,1,2,9,1,1,1,22,27,10,10,0,0,0,1,0,0,18,0,0,5,8,2,10.0,0,0,5,9,3,11.333333333333334,0,7.6,2.6,0.32,Enrolled
1,1,4,12,1,1,1,13,28,10,10,1,0,0,1,0,0,19,0,0,8,8,7,14.328571428571427,0,0,8,8,7,14.328571428571427,0,10.8,1.4,1.74,Graduate
1,1,1,6,1,1,1,1,1,3,8,1,0,0,1,0,1,18,0,0,5,12,5,12.857142857142858,2,0,5,8,4,13.25,0,9.4,-0.8,-3.12,Graduate
1,8,1,9,1,1,1,1,27,5,9,1,0,0,1,1,1,20,0,0,5,11,4,12.0,0,0,5,5,5,12.8,0,11.1,0.6,2.02,Graduate
1,1,1,14,1,1,1,13,27,10,10,0,0,0,1,1,0,18,0,0,6,7,4,12.6,0,0,6,6,4,13.0,0,12.4,0.5,1.79,Dropout
1,1,1,15,1,1,1,5,3,5,5,1,0,0,1,1,0,20,0,0,6,7,6,12.166666666666666,0,0,6,9,3,12.0,0,12.4,0.5,1.79,Enrolled
1,8,1,15,1,1,1,3,3,3,4,1,0,0,1,1,0,19,0,0,6,12,4,10.8,0,0,6,14,3,11.0,0,13.9,-0.3,0.79,Dropout
1,15,1,4,1,14,1,3,14,3,7,0,0,0,1,1,0,20,0,0,6,6,0,0.0,0,0,6,8,0,0.0,0,15.5,2.8,-4.06,Dropout
1,1,4,5,1,1,1,3,3,3,3,1,0,0,1,1,0,18,0,0,6,7,6,14.5,0,0,6,6,6,15.166666666666666,0,9.4,-0.8,-3.12,Graduate
1,8,2,11,1,1,1,3,3,3,3,0,0,0,0,1,0,18,0,0,6,9,5,11.2,0,0,6,14,2,10.0,0,9.4,-0.8,-3.12,Dropout
1,1,3,5,1,1,1,23,27,6,6,1,0,0,1,0,0,18,0,0,6,6,6,14.166666666666666,0,0,6,6,6,14.0,0,16.2,0.3,-0.92,Graduate
1,6,1,6,1,1,14,3,3,5,3,0,0,0,1,0,0,18,1,0,6,13,6,13.0,0,0,6,15,6,12.25,0,11.1,0.6,2.02,Graduate
1,1,1,6,1,1,1,2,1,5,11,1,0,0,1,0,0,19,0,0,5,7,4,12.75,0,0,5,5,5,12.0,0,10.8,1.4,1.74,Graduate
1,12,1,4,1,12,1,22,27,10,10,0,0,0,1,0,0,44,0,0,6,10,1,12.0,0,0,6,6,0,0.0,0,11.1,0.6,2.02,Dropout
2,14,1,11,1,3,1,23,27,10,4,1,0,0,1,0,0,33,0,9,12,22,10,13.3,0,9,11,11,11,13.727272727272728,0,9.4,-0.8,-3.12,Graduate
5,12,1,7,1,1,1,22,27,10,10,0,0,1,1,1,1,34,0,0,5,14,1,17.0,0,0,5,10,2,11.0,0,9.4,-0.8,-3.12,Enrolled
1,14,1,14,1,1,1,19,24,13,13,0,0,0,0,1,0,35,0,6,10,10,7,12.142857142857142,0,4,9,9,4,12.25,0,7.6,2.6,0.32,Dropout
1,1,1,5,1,1,1,3,14,5,5,1,0,0,1,1,1,20,0,0,6,6,6,12.833333333333334,0,0,6,8,6,12.666666666666666,2,16.2,0.3,-0.92,Graduate
1,12,1,9,1,9,1,22,27,10,10,0,0,0,1,1,0,29,0,0,5,0,0,0.0,0,0,5,0,0,0.0,0,9.4,-0.8,-3.12,Dropout
1,16,1,14,1,12,1,2,1,4,11,0,0,1,1,1,0,32,0,1,6,15,2,12.0,0,0,6,7,0,0.0,0,11.1,0.6,2.02,Dropout
1,8,4,14,1,1,1,1,1,5,8,0,0,0,0,0,0,19,0,0,6,7,3,12.666666666666666,0,0,6,10,5,13.125,0,10.8,1.4,1.74,Dropout
1,1,1,15,1,1,1,13,1,10,10,1,0,0,1,0,1,18,0,0,6,6,6,13.5,0,0,6,6,6,14.0,0,8.9,1.4,3.51,Graduate
2,1,1,9,1,1,1,13,27,10,10,0,0,0,1,0,0,19,0,0,5,6,4,11.25,0,0,5,10,3,11.714285714285714,0,10.8,1.4,1.74,Enrolled
1,10,1,9,1,2,1,19,24,1,1,1,0,0,1,0,0,31,0,13,15,17,13,11.615384615384617,0,11,14,14,11,12.545454545454543,0,7.6,2.6,0.32,Dropout
1,8,1,10,1,1,1,22,28,10,9,1,0,0,1,0,1,18,0,0,6,6,6,15.166666666666666,0,0,6,7,6,14.142857142857142,0,11.1,0.6,2.02,Graduate
4,4,1,9,1,3,1,13,1,6,6,0,0,0,1,0,0,35,0,0,5,5,0,0.0,0,0,5,5,0,0.0,0,11.1,0.6,2.02,Dropout
1,1,1,10,1,1,1,23,28,10,10,1,1,0,1,0,1,18,0,0,6,8,6,11.714285714285714,0,0,6,6,6,14.666666666666666,0,12.7,3.7,-1.7,Graduate
1,8,3,12,1,1,1,1,14,8,9,1,0,0,1,0,1,18,0,0,7,8,6,13.271666666666668,0,0,8,11,7,12.94375,0,12.4,0.5,1.79,Graduate
1,1,1,11,1,1,1,23,14,4,4,0,0,0,1,0,0,21,0,0,6,16,2,11.0,0,0,6,12,0,0.0,0,12.7,3.7,-1.7,Dropout
1,1,1,15,1,1,1,1,28,5,8,0,0,0,1,0,1,18,0,0,6,7,6,13.428571428571429,0,0,6,10,6,13.5,0,13.9,-0.3,0.79,Graduate
1,12,1,17,0,1,1,22,27,10,10,0,0,0,1,0,0,24,0,0,5,9,5,12.285714285714286,0,0,5,8,5,12.125,0,16.2,0.3,-0.92,Enrolled
1,8,1,10,1,1,1,4,3,2,2,0,0,0,1,0,0,18,0,0,6,9,5,11.571428571428571,0,0,6,8,6,12.142857142857142,0,16.2,0.3,-0.92,Graduate
1,1,1,9,1,1,1,23,14,4,11,1,0,0,1,0,0,20,0,0,5,5,4,12.0,0,0,4,4,2,11.5,0,7.6,2.6,0.32,Enrolled
1,12,1,10,1,1,1,23,1,10,4,0,0,1,1,1,0,28,0,2,8,15,7,11.0,0,0,6,17,1,10.0,0,10.8,1.4,1.74,Enrolled
1,12,1,12,1,1,1,22,27,8,8,0,0,0,0,1,0,38,0,0,7,11,5,12.18,0,0,7,11,4,11.8125,0,11.1,0.6,2.02,Dropout
1,4,1,7,1,3,1,22,27,10,10,0,0,0,0,1,0,33,0,0,5,6,0,0.0,0,0,5,5,0,0.0,0,12.7,3.7,-1.7,Dropout
1,8,3,9,1,1,1,22,27,6,8,0,0,0,1,1,0,18,0,0,5,10,0,0.0,1,0,5,13,0,0.0,0,9.4,-0.8,-3.12,Dropout
1,14,1,15,1,1,1,1,1,5,6,1,0,0,1,1,0,23,0,0,6,15,1,13.0,0,0,6,8,4,11.25,0,9.4,-0.8,-3.12,Enrolled
1,1,3,14,1,1,1,3,1,3,4,1,0,0,1,1,0,19,0,0,6,6,6,13.333333333333334,0,0,6,9,5,13.8,0,8.9,1.4,3.51,Graduate
1,16,1,17,0,14,1,1,4,5,11,0,0,0,1,1,0,28,0,13,15,17,13,12.0,0,9,13,13,9,11.333333333333334,0,8.9,1.4,3.51,Dropout
1,12,1,17,0,1,1,22,27,10,10,0,0,0,1,1,0,40,0,0,5,0,0,0.0,0,0,5,0,0,0.0,0,12.7,3.7,-1.7,Dropout
1,12,2,9,1,12,1,23,14,5,11,0,0,0,0,1,0,32,0,0,5,5,0,0.0,0,0,5,9,0,0.0,0,10.8,1.4,1.74,Dropout
1,1,1,12,1,1,1,2,14,4,10,0,0,0,1,1,0,23,0,0,7,7,6,13.483333333333334,0,0,7,7,6,13.483333333333334,0,7.6,2.6,0.32,Graduate
1,15,1,7,1,14,1,3,28,3,4,0,0,1,0,1,0,24,0,2,6,6,2,16.0,0,2,7,7,2,16.0,0,8.9,1.4,3.51,Dropout
1,8,1,7,1,1,1,1,28,5,6,0,0,0,1,1,0,18,0,0,5,6,5,16.2,0,0,5,8,5,16.0,0,8.9,1.4,3.51,Graduate
1,1,1,8,1,1,1,4,3,4,4,0,0,0,1,1,0,18,0,0,6,7,6,14.285714285714286,0,0,6,9,6,14.857142857142858,0,11.1,0.6,2.02,Graduate
1,1,3,9,1,1,1,1,1,6,4,1,0,0,1,1,0,19,0,0,5,6,0,0.0,0,0,5,6,0,0.0,0,7.6,2.6,0.32,Enrolled
1,14,1,9,1,1,1,4,14,3,2,0,0,0,1,0,0,23,0,7,11,18,11,15.090909090909092,1,2,6,7,6,14.5,0,9.4,-0.8,-3.12,Dropout
1,13,1,12,1,6,1,22,1,10,5,0,0,0,1,0,0,21,0,12,21,33,18,14.933333333333334,12,12,21,33,18,14.933333333333334,12,7.6,2.6,0.32,Graduate
1,1,1,14,1,1,1,1,14,5,5,0,0,0,1,0,1,18,0,0,6,8,6,14.0,0,0,6,7,6,13.285714285714286,0,11.1,0.6,2.02,Graduate
1,8,2,3,0,1,1,13,1,2,2,0,0,0,1,0,1,20,0,0,6,6,6,11.666666666666666,0,0,6,12,5,14.0,0,10.8,1.4,1.74,Graduate
1,8,1,6,1,1,1,1,27,5,10,1,0,0,1,0,1,19,0,0,5,6,4,12.0,0,0,5,8,5,13.333333333333334,1,10.8,1.4,1.74,Graduate
1,15,1,10,1,14,1,1,1,4,6,0,0,0,1,0,1,20,0,3,6,6,6,12.833333333333334,0,2,6,6,6,12.833333333333334,0,13.9,-0.3,0.79,Graduate
1,1,1,6,1,1,1,23,28,10,11,1,0,0,1,0,0,18,0,0,5,7,3,12.333333333333334,0,0,5,9,5,12.6,0,10.8,1.4,1.74,Graduate
1,13,1,9,1,1,1,19,24,13,13,1,0,0,0,1,0,23,0,0,3,3,0,0.0,0,0,2,2,0,0.0,0,7.6,2.6,0.32,Dropout
1,1,1,2,1,1,1,22,28,10,10,1,0,1,1,1,0,18,0,0,0,0,0,0.0,0,0,0,0,0,0.0,0,7.6,2.6,0.32,Dropout
1,1,1,9,1,1,1,19,24,13,13,0,0,1,1,1,1,21,0,0,5,5,5,12.6,0,0,5,9,3,12.833333333333334,0,10.8,1.4,1.74,Enrolled
1,1,1,9,1,1,1,23,1,6,6,1,0,0,1,1,1,22,0,0,5,8,5,11.2,0,0,5,13,4,11.25,0,12.7,3.7,-1.7,Graduate
1,12,1,9,1,1,1,1,14,5,8,0,0,0,1,1,0,27,0,0,5,13,3,10.75,0,0,5,9,3,10.333333333333334,0,15.5,2.8,-4.06,Dropout
1,9,4,12,1,1,1,3,1,4,5,1,0,0,1,0,0,18,0,0,7,8,7,13.6875,0,0,8,9,8,15.622222222222222,0,13.9,-0.3,0.79,Dropout
1,9,3,5,1,1,1,23,27,10,8,1,0,0,1,0,1,19,0,0,6,6,6,12.666666666666666,0,0,6,6,6,13.0,0,15.5,2.8,-4.06,Graduate
1,1,3,16,1,1,1,3,3,3,3,1,0,0,1,0,0,23,0,0,6,8,5,13.6,0,0,6,8,5,11.6,0,7.6,2.6,0.32,Enrolled
1,12,1,6,1,12,1,22,27,10,10,1,0,1,0,0,1,26,0,0,6,7,0,0.0,0,0,6,6,0,0.0,0,13.9,-0.3,0.79,Dropout
1,1,3,7,1,1,1,4,28,3,8,1,0,0,1,1,0,18,0,0,5,8,5,14.0,0,0,5,6,5,13.2,0,8.9,1.4,3.51,Graduate
1,1,1,11,1,1,1,1,14,5,5,0,0,0,1,1,0,18,0,0,6,8,6,13.571428571428571,0,0,6,7,5,11.8,0,8.9,1.4,3.51,Graduate
1,8,1,16,1,1,1,19,14,1,4,1,0,0,1,0,1,21,0,0,6,12,0,0.0,0,0,6,12,0,0.0,0,7.6,2.6,0.32,Dropout
2,12,1,3,0,1,1,19,24,1,1,0,0,0,1,0,0,54,0,0,6,8,4,12.75,0,0,6,12,5,12.6,0,7.6,2.6,0.32,Dropout
1,8,1,14,1,1,1,22,27,10,10,1,0,0,1,1,0,19,0,0,6,7,5,13.2,0,0,6,10,5,13.25,0,10.8,1.4,1.74,Enrolled
1,8,1,15,1,1,1,1,23,4,4,0,0,0,0,1,0,20,0,0,6,10,0,0.0,0,0,5,10,0,0.0,0,10.8,1.4,1.74,Dropout
4,12,1,15,1,9,1,22,27,5,10,0,0,0,0,1,0,55,0,0,6,8,5,11.4,0,0,6,9,5,12.4,0,10.8,1.4,1.74,Dropout
1,9,1,15,1,1,1,23,28,7,8,1,0,0,1,1,1,18,0,0,6,6,1,11.0,0,0,6,0,0,0.0,0,8.9,1.4,3.51,Dropout
1,12,1,6,1,1,1,1,1,5,5,0,0,1,0,1,0,31,0,0,5,13,4,13.5,1,0,5,12,3,11.666666666666666,1,9.4,-0.8,-3.12,Dropout
1,1,2,5,1,1,1,13,14,4,4,1,1,0,0,1,0,19,0,0,6,9,4,12.5,0,0,6,6,0,0.0,0,9.4,-0.8,-3.12,Dropout
1,14,1,12,1,12,1,19,24,1,1,1,0,0,1,1,0,27,0,0,7,7,0,0.0,6,0,7,7,0,0.0,6,7.6,2.6,0.32,Dropout
1,8,1,12,1,1,1,1,1,5,11,0,0,0,1,0,0,19,0,0,7,7,7,13.44285714285714,0,0,8,8,7,13.771428571428572,0,13.9,-0.3,0.79,Dropout
1,9,2,12,1,1,10,1,1,5,4,1,0,0,1,0,1,20,1,0,8,8,8,14.2,0,0,8,8,8,14.2,0,9.4,-0.8,-3.12,Graduate
1,9,1,10,1,1,1,23,28,10,8,0,0,1,1,0,1,18,0,0,6,9,6,10.833333333333334,0,0,6,8,6,12.0,0,11.1,0.6,2.02,Graduate
1,1,3,9,1,1,1,1,1,6,8,1,0,0,1,0,1,18,0,0,5,11,4,14.25,0,0,5,7,4,12.5,0,12.7,3.7,-1.7,Graduate
1,1,1,12,1,1,1,23,27,10,8,1,0,0,1,1,1,18,0,0,7,7,6,13.183333333333332,0,0,7,7,6,13.183333333333332,0,7.6,2.6,0.32,Graduate
2,14,1,17,0,3,1,22,14,10,5,0,0,1,1,0,0,34,0,4,10,25,5,12.2,0,3,9,18,8,12.22222222222222,0,16.2,0.3,-0.92,Dropout
1,1,5,10,1,1,1,23,1,10,6,1,0,0,1,0,1,19,0,0,6,8,6,11.0,0,0,6,13,3,11.0,0,9.4,-0.8,-3.12,Graduate
1,8,4,12,1,1,1,23,14,6,8,0,0,0,1,0,1,19,0,0,7,8,6,13.579999999999998,0,0,8,8,8,12.93625,0,15.5,2.8,-4.06,Graduate
1,1,1,2,1,1,1,13,14,6,5,1,0,1,1,1,0,21,0,6,12,12,11,11.545454545454543,0,4,11,18,9,11.7,1,8.9,1.4,3.51,Enrolled
1,1,1,15,1,1,2,1,1,6,10,0,0,0,1,0,1,18,1,0,6,6,6,13.333333333333334,0,0,6,6,6,14.166666666666666,0,12.7,3.7,-1.7,Graduate
1,1,1,8,1,1,1,22,27,10,10,1,0,1,1,0,0,20,0,0,5,10,2,12.0,2,0,5,9,4,11.0,0,9.4,-0.8,-3.12,Dropout
1,12,1,16,1,12,1,13,4,10,5,1,0,0,1,0,0,29,0,0,7,14,0,0.0,0,0,6,6,0,0.0,0,11.1,0.6,2.02,Dropout
1,8,1,15,1,1,1,22,27,10,9,1,0,0,1,0,1,18,0,0,6,7,6,13.857142857142858,0,0,6,7,6,14.285714285714286,0,13.9,-0.3,0.79,Graduate
1,1,3,9,1,1,1,23,14,10,11,1,0,0,1,0,0,18,0,0,5,6,5,12.8,1,0,5,6,5,12.6,0,9.4,-0.8,-3.12,Graduate
1,8,4,12,1,1,1,13,14,4,11,1,0,0,1,0,0,18,0,0,7,7,7,13.971428571428572,0,0,8,8,8,15.75,0,13.9,-0.3,0.79,Graduate
1,12,1,17,0,1,1,22,27,10,10,0,0,0,1,0,0,31,0,0,5,8,4,11.0,0,0,5,6,5,11.2,0,7.6,2.6,0.32,Graduate
1,1,1,16,1,1,1,13,14,4,8,1,0,0,1,0,1,18,0,0,7,7,7,14.857142857142858,0,0,7,7,7,15.142857142857142,0,13.9,-0.3,0.79,Graduate
1,3,1,9,1,1,1,13,28,6,7,1,0,0,1,0,0,19,0,0,5,15,3,10.8,0,0,5,6,3,10.5,0,13.9,-0.3,0.79,Enrolled
1,1,1,14,1,1,1,3,1,2,8,0,0,0,1,0,0,22,0,0,5,6,3,11.333333333333334,0,0,5,5,0,0.0,0,9.4,-0.8,-3.12,Dropout
1,9,1,9,1,1,1,13,14,6,9,1,0,0,1,0,1,19,0,0,5,6,5,12.6,0,0,5,8,5,11.25,0,10.8,1.4,1.74,Graduate
1,4,1,12,1,3,1,13,3,5,3,1,0,0,1,0,0,29,0,0,8,8,6,12.25,1,0,8,8,6,12.25,1,12.7,3.7,-1.7,Dropout
1,1,1,5,1,1,1,1,28,5,6,0,0,1,1,0,0,19,0,0,6,6,6,13.833333333333334,0,0,6,8,6,13.875,0,10.8,1.4,1.74,Graduate
1,1,1,2,1,1,1,13,28,10,9,1,0,0,1,1,1,19,0,6,12,12,12,13.333333333333334,0,4,11,15,10,12.818181818181818,0,8.9,1.4,3.51,Enrolled
1,1,1,2,1,1,1,3,3,3,3,1,0,0,1,1,0,19,0,0,0,0,0,0.0,0,0,0,0,0,0.0,0,16.2,0.3,-0.92,Dropout
1,1,3,6,1,1,1,1,14,10,10,1,0,0,1,0,1,18,0,0,6,7,6,15.666666666666666,0,0,6,8,6,15.285714285714286,0,8.9,1.4,3.51,Graduate
1,1,1,16,1,1,1,3,14,3,4,0,0,0,1,0,0,18,0,0,7,9,7,11.857142857142858,0,0,7,7,7,11.857142857142858,0,16.2,0.3,-0.92,Graduate
1,1,1,15,1,1,1,13,14,10,10,1,0,0,1,0,0,18,0,0,6,6,5,12.6,0,0,6,8,6,12.0,0,11.1,0.6,2.02,Graduate
1,8,2,10,1,1,1,2,3,4,4,1,0,0,1,0,0,19,0,0,6,7,6,11.166666666666666,0,0,6,9,6,11.666666666666666,0,9.4,-0.8,-3.12,Graduate
2,12,1,17,0,1,1,23,14,5,9,0,0,0,1,0,0,33,0,0,5,5,5,12.8,0,0,5,6,5,15.333333333333334,0,10.8,1.4,1.74,Graduate
1,4,1,17,0,3,1,3,14,3,4,0,0,0,1,0,0,28,0,0,5,7,5,13.714285714285714,0,0,5,7,5,13.142857142857142,0,16.2,0.3,-0.92,Graduate
2,12,1,3,0,1,1,19,24,1,1,0,0,0,1,0,0,33,0,0,6,10,5,11.4,0,1,6,7,6,11.166666666666666,0,7.6,2.6,0.32,Graduate
1,1,4,12,1,1,1,23,27,10,9,1,0,0,1,0,1,19,0,0,7,7,6,15.433333333333332,0,0,7,7,6,15.433333333333332,0,7.6,2.6,0.32,Graduate
1,9,1,10,1,1,1,23,24,5,1,0,0,0,1,0,0,18,0,0,1,1,0,0.0,1,0,6,0,0,0.0,0,10.8,1.4,1.74,Dropout
1,1,2,10,1,1,1,1,14,5,6,0,0,0,1,0,0,18,0,0,6,10,4,11.0,0,0,6,8,5,11.2,0,10.8,1.4,1.74,Graduate
1,1,1,12,1,1,1,23,14,10,6,1,0,0,1,0,1,20,0,0,8,8,7,15.798571428571426,0,0,8,8,7,15.798571428571426,0,10.8,1.4,1.74,Graduate
1,1,3,12,1,1,1,13,27,10,10,1,0,0,1,0,0,20,0,0,7,7,7,13.775714285714288,0,0,8,8,8,15.599999999999998,0,12.4,0.5,1.79,Graduate
1,4,1,6,1,15,1,1,1,5,5,1,0,0,1,0,0,22,0,0,6,7,6,17.0,0,0,6,7,6,16.285714285714285,0,11.1,0.6,2.02,Graduate
1,1,3,6,1,1,1,23,14,10,6,0,0,0,1,0,0,19,0,0,5,7,3,12.0,0,0,5,7,4,13.5,0,7.6,2.6,0.32,Enrolled
1,8,5,6,1,1,1,23,28,10,10,1,0,0,1,0,0,19,0,0,12,22,6,15.307692307692308,0,0,10,13,6,13.875,0,15.5,2.8,-4.06,Graduate
1,1,1,3,0,1,1,23,28,10,8,1,0,0,1,0,0,28,0,0,6,8,5,12.8,0,0,6,8,5,11.0,0,9.4,-0.8,-3.12,Graduate
1,8,2,16,1,1,1,22,27,6,1,0,0,0,1,0,0,18,0,0,6,11,3,12.333333333333334,0,0,6,11,4,13.5,0,7.6,2.6,0.32,Dropout
1,1,1,9,1,1,1,22,27,10,10,1,0,0,1,0,0,20,0,0,5,9,2,10.0,0,0,5,10,2,11.0,0,7.6,2.6,0.32,Enrolled
1,1,1,10,1,1,1,22,27,6,7,0,0,0,1,0,1,21,0,0,6,6,6,13.333333333333334,0,0,6,8,6,13.166666666666666,0,9.4,-0.8,-3.12,Graduate
1,8,2,16,1,1,1,22,27,6,7,1,0,0,1,0,0,22,0,0,6,9,4,12.25,0,0,6,8,5,11.6,0,10.8,1.4,1.74,Enrolled
1,8,2,15,1,1,1,1,1,5,9,1,0,0,1,0,0,19,0,0,6,6,6,13.333333333333334,0,0,6,6,6,14.666666666666666,0,12.4,0.5,1.79,Graduate
1,1,1,10,1,1,1,22,27,10,10,0,0,0,1,0,0,18,0,0,6,10,6,17.0,0,0,6,11,6,16.0,0,12.4,0.5,1.79,Graduate
1,1,6,10,1,1,1,23,1,8,5,1,0,0,1,0,1,19,0,0,6,6,6,13.5,0,0,6,7,6,13.285714285714286,0,11.1,0.6,2.02,Graduate
2,14,1,12,1,1,1,3,3,3,3,0,0,0,1,0,0,28,0,0,7,8,7,14.95,0,0,8,8,8,14.7375,0,13.9,-0.3,0.79,Graduate
1,12,1,17,0,1,1,23,14,10,6,0,0,1,1,0,0,25,0,0,5,10,4,11.25,0,0,5,9,4,12.0,0,12.7,3.7,-1.7,Enrolled
1,1,5,12,1,1,1,23,28,10,6,1,0,0,1,0,0,19,0,0,8,8,7,14.992857142857142,0,0,8,8,7,14.992857142857142,0,10.8,1.4,1.74,Graduate
4,12,1,12,1,12,1,22,27,6,8,0,0,0,0,0,0,40,0,0,8,11,5,11.832,4,0,8,11,5,11.832,4,9.4,-0.8,-3.12,Dropout
1,15,1,4,1,14,1,22,14,10,10,0,0,0,1,1,1,24,0,0,6,9,6,13.555555555555555,0,0,6,7,6,12.666666666666666,0,13.9,-0.3,0.79,Graduate
1,8,5,15,1,1,1,1,14,10,6,1,0,0,1,1,0,19,0,0,6,6,6,13.166666666666666,0,0,6,8,6,12.428571428571429,0,16.2,0.3,-0.92,Graduate
1,1,1,6,1,1,1,3,1,5,10,1,0,0,1,1,0,21,0,0,6,15,3,11.25,0,0,6,9,0,0.0,0,12.4,0.5,1.79,Enrolled
1,1,1,10,1,1,1,13,1,8,4,1,0,0,1,1,0,18,0,0,6,10,5,11.6,0,0,6,6,6,11.166666666666666,0,10.8,1.4,1.74,Graduate
1,12,1,17,0,14,1,13,14,10,10,0,0,0,1,1,0,24,0,0,5,7,3,11.333333333333334,0,0,5,6,0,0.0,0,10.8,1.4,1.74,Dropout
1,1,5,9,1,1,1,13,3,10,10,1,0,0,1,1,0,18,0,0,5,14,4,11.0,0,0,5,9,5,10.5,0,13.9,-0.3,0.79,Dropout
1,14,1,16,1,1,1,2,29,3,6,0,0,0,1,1,0,37,0,19,21,21,21,12.476190476190476,0,13,19,19,19,12.210526315789474,0,12.4,0.5,1.79,Graduate
1,1,1,11,1,1,1,1,3,5,2,1,0,0,1,1,0,18,0,0,6,15,3,11.666666666666666,0,0,6,14,2,12.5,0,10.8,1.4,1.74,Dropout
2,4,1,3,0,3,1,13,28,4,8,0,0,0,1,0,0,32,0,8,14,18,13,12.846153846153848,0,7,11,19,10,12.8,0,10.8,1.4,1.74,Graduate
2,12,1,9,1,9,1,22,27,10,10,0,0,0,1,0,0,25,0,0,5,0,0,0.0,0,0,5,0,0,0.0,0,9.4,-0.8,-3.12,Dropout
1,1,1,6,1,1,1,1,14,5,10,1,0,0,1,0,0,24,0,0,5,6,5,13.0,1,0,5,9,4,13.25,0,12.7,3.7,-1.7,Graduate
1,1,5,12,1,1,1,23,14,10,7,1,0,0,1,0,0,20,0,0,8,12,7,12.471428571428572,0,0,8,12,7,12.471428571428572,0,12.7,3.7,-1.7,Graduate
1,8,4,12,1,1,1,13,27,5,9,1,0,0,1,0,0,19,0,0,7,7,6,11.966666666666669,0,0,7,7,6,11.966666666666669,0,7.6,2.6,0.32,Graduate
1,1,1,14,1,1,1,3,14,4,10,1,0,0,1,1,0,18,0,0,6,9,6,13.571428571428571,0,0,6,11,4,14.0,0,12.4,0.5,1.79,Graduate
1,12,1,9,1,1,1,23,28,8,10,0,1,0,1,0,1,26,0,0,5,8,4,13.0,0,0,5,10,4,12.25,2,16.2,0.3,-0.92,Graduate
1,1,6,15,1,1,1,1,1,6,5,0,0,0,1,1,0,19,0,0,6,7,5,13.6,0,0,6,8,5,12.666666666666666,0,15.5,2.8,-4.06,Graduate
