1,17,1,11,1,16,1,1,1,5,8,1,0,0,1,0,1,21,0,0,6,7,6,10.571428571428571,0,0,6,8,5,11.0,0,8.9,1.4,3.51,Graduate
1,1,1,6,1,1,1,23,27,6,6,1,0,0,1,0,1,18,0,0,5,7,4,13.25,0,0,5,5,5,12.0,0,10.8,1.4,1.74,Graduate
1,1,2,9,1,1,1,3,14,3,8,1,0,0,1,0,0,22,0,0,5,5,5,14.8,0,0,5,5,5,15.8,0,8.9,1.4,3.51,Graduate
1,1,6,12,1,1,1,1,3,3,3,1,1,0,1,0,0,22,0,0,7,9,5,13.928,0,0,8,9,7,14.342857142857142,0,11.1,0.6,2.02,Graduate
1,8,1,17,0,1,1,23,28,5,6,0,0,0,1,0,0,24,0,0,5,9,2,11.5,0,0,5,11,3,14.333333333333334,1,7.6,2.6,0.32,Enrolled
1,8,1,12,1,1,1,23,28,8,11,1,0,0,1,0,0,18,0,0,8,8,8,14.935,0,0,8,8,8,14.935,0,9.4,-0.8,-3.12,Graduate
1,1,2,12,1,1,1,13,14,10,10,0,0,0,1,0,0,18,0,0,7,8,6,13.133333333333333,0,0,8,12,7,12.221428571428572,0,16.2,0.3,-0.92,Graduate
1,1,3,2,1,1,1,13,14,6,4,1,0,0,1,1,1,19,0,0,0,0,0,0.0,0,0,0,0,0,0.0,0,10.8,1.4,1.74,Graduate
2,12,1,3,0,1,1,22,27,10,7,1,0,0,1,0,0,33,0,0,6,7,6,11.0,0,0,6,11,5,11.0,0,9.4,-0.8,-3.12,Graduate
1,8,1,5,1,1,1,13,28,5,1,1,0,0,1,1,0,20,0,0,6,9,6,10.666666666666666,1,0,6,6,5,11.2,0,7.6,2.6,0.32,Graduate
1,1,1,6,1,1,1,1,2,10,2,1,0,0,1,0,0,19,0,0,5,7,5,14.2,2,0,5,7,5,13.8,0,12.7,3.7,-1.7,Enrolled
1,16,1,9,1,1,1,3,1,4,4,1,0,1,0,0,0,22,0,0,5,8,0,0.0,0,0,5,7,0,0.0,0,8.9,1.4,3.51,Enrolled
1,1,1,12,1,1,1,1,14,10,10,0,0,0,1,0,1,20,0,0,7,8,6,13.863333333333337,0,0,8,9,7,14.178571428571429,0,11.1,0.6,2.02,Graduate
1,1,2,12,1,1,1,13,14,10,10,1,0,0,1,0,0,18,0,0,7,8,7,14.91875,0,0,8,8,8,15.355,0,15.5,2.8,-4.06,Graduate
1,14,1,10,1,1,1,13,14,5,9,1,0,0,1,0,0,21,0,0,6,13,3,12.0,0,0,6,12,2,11.333333333333334,0,16.2,0.3,-0.92,Dropout
1,12,1,15,1,12,1,13,14,4,5,0,0,1,0,0,0,27,0,0,6,6,5,12.0,0,0,6,6,0,0.0,0,11.1,0.6,2.02,Dropout
1,9,2,9,1,1,1,3,3,6,8,1,0,1,0,0,0,20,0,0,5,9,3,10.0,0,0,5,9,3,10.571428571428571,0,10.8,1.4,1.74,Dropout
1,8,3,12,1,1,1,23,1,10,5,1,0,0,1,0,1,18,0,0,7,7,6,13.05,0,0,7,7,6,13.05,0,7.6,2.6,0.32,Graduate
1,16,1,16,1,1,1,1,1,5,11,0,0,0,1,0,0,21,0,0,6,0,0,0.0,0,0,6,0,0,0.0,0,12.4,0.5,1.79,Dropout
1,1,1,10,1,1,1,19,24,1,1,1,0,0,1,0,0,18,0,0,6,9,4,11.0,0,0,6,9,4,10.75,0,7.6,2.6,0.32,Graduate
1,9,1,9,1,1,1,13,3,6,6,1,0,0,1,0,1,19,0,0,5,7,5,11.6,0,0,5,5,5,11.6,0,12.4,0.5,1.79,Graduate
1,1,1,11,1,1,1,1,27,10,10,0,0,0,1,0,1,21,0,0,6,9,5,11.0,0,0,6,8,5,12.0,0,15.5,2.8,-4.06,Graduate
1,1,1,8,1,1,1,13,1,10,10,1,0,0,0,0,0,25,0,0,5,14,4,13.5,2,0,5,10,4,14.25,0,9.4,-0.8,-3.12,Dropout
1,1,3,15,1,1,1,23,27,8,8,1,0,0,1,0,1,18,0,0,6,6,6,15.0,0,0,6,6,6,12.833333333333334,0,8.9,1.4,3.51,Dropout
1,1,1,10,1,1,1,1,1,5,5,0,0,0,1,0,0,18,0,0,6,7,6,14.0,0,0,6,7,6,14.0,0,10.8,1.4,1.74,Graduate
1,15,1,4,1,14,1,22,27,10,5,0,0,0,1,0,0,24,0,0,6,10,6,11.428571428571429,0,0,6,12,5,13.0,0,12.4,0.5,1.79,Enrolled
1,1,1,5,1,1,1,23,27,4,7,1,0,0,1,0,1,19,0,0,6,9,5,12.0,0,0,6,10,2,11.333333333333334,0,8.9,1.4,3.51,Dropout
1,8,2,15,1,1,1,13,28,10,9,1,0,0,1,0,1,18,0,0,6,6,6,14.166666666666666,0,0,6,6,6,13.666666666666666,0,12.4,0.5,1.79,Graduate
1,8,4,13,1,1,1,1,1,5,11,1,0,0,1,0,0,20,0,0,7,7,7,12.5,0,0,8,8,8,13.1375,0,12.4,0.5,1.79,Graduate
1,1,3,6,1,1,1,9,9,12,12,0,0,0,1,0,0,19,0,0,5,5,5,15.2,0,0,5,6,5,13.2,0,7.6,2.6,0.32,Graduate
1,8,1,16,1,1,1,19,24,1,1,1,0,0,1,0,0,21,0,0,6,12,3,11.333333333333334,0,0,6,10,3,11.333333333333334,0,7.6,2.6,0.32,Dropout
1,14,1,12,1,6,1,1,27,10,10,1,0,0,1,0,0,19,0,0,7,7,6,13.333333333333334,0,0,7,7,6,13.333333333333334,0,7.6,2.6,0.32,Graduate
1,15,1,7,1,14,1,13,27,5,8,0,0,1,1,0,0,26,0,0,5,6,0,0.0,0,0,5,5,0,0.0,0,16.2,0.3,-0.92,Dropout
1,1,1,10,1,1,1,19,27,5,10,1,0,0,1,0,1,18,0,0,6,6,6,12.166666666666666,0,0,6,9,6,13.666666666666666,0,9.4,-0.8,-3.12,Graduate
1,12,1,4,1,3,1,3,3,2,3,0,0,0,1,0,0,35,0,0,6,10,6,14.0,0,0,6,11,6,13.1,0,16.2,0.3,-0.92,Graduate
1,1,1,15,1,1,1,13,14,8,6,1,0,0,1,0,0,18,0,0,6,7,6,13.5,0,0,6,8,6,12.5,0,9.4,-0.8,-3.12,Graduate
1,12,1,17,0,1,1,22,27,12,9,0,0,0,1,0,0,33,0,0,5,0,0,0.0,0,0,5,0,0,0.0,0,12.7,3.7,-1.7,Dropout
1,8,4,16,1,1,1,13,28,5,2,1,0,0,1,0,0,18,0,0,6,7,6,11.666666666666666,0,0,6,10,6,11.833333333333334,0,10.8,1.4,1.74,Graduate
1,1,1,6,1,1,1,22,28,8,6,1,0,0,1,0,1,21,0,0,6,13,6,16.153846153846153,0,0,6,10,6,15.75,0,15.5,2.8,-4.06,Graduate
1,1,6,12,1,1,1,13,14,10,6,1,0,0,1,0,0,18,0,0,8,8,7,13.414285714285716,0,0,8,8,7,13.414285714285716,0,12.7,3.7,-1.7,Dropout
1,17,1,9,1,16,1,3,4,3,2,0,0,0,1,0,0,20,0,6,11,19,9,12.555555555555555,0,3,9,14,8,11.11111111111111,0,8.9,1.4,3.51,Graduate
1,1,1,10,1,1,1,19,24,1,1,0,0,0,1,0,0,19,0,0,6,8,6,11.5,0,0,6,7,6,11.166666666666666,0,7.6,2.6,0.32,Graduate
1,8,1,9,1,1,1,23,27,7,5,1,0,0,1,0,0,19,0,0,5,10,3,10.666666666666666,0,0,5,9,0,0.0,3,16.2,0.3,-0.92,Dropout
1,8,4,5,1,1,1,1,3,4,4,0,0,0,1,0,1,18,0,0,6,9,5,11.6,0,0,6,8,4,11.2,0,8.9,1.4,3.51,Enrolled
1,1,4,12,1,1,1,1,14,5,6,0,0,0,1,0,0,18,0,0,7,0,0,0.0,0,0,8,0,0,0.0,0,12.7,3.7,-1.7,Dropout
1,1,1,12,1,1,1,3,1,3,2,0,0,0,1,0,1,19,0,0,7,8,7,14.4125,0,0,8,8,8,16.05,0,13.9,-0.3,0.79,Graduate
2,12,1,3,0,1,1,19,24,13,13,0,0,0,1,0,0,44,0,0,6,9,6,11.166666666666666,0,1,6,15,2,11.0,1,7.6,2.6,0.32,Graduate
1,1,1,8,1,1,1,3,3,4,3,1,0,0,1,0,0,20,0,0,5,5,5,16.4,0,0,5,5,5,14.6,0,12.7,3.7,-1.7,Graduate
1,12,1,9,1,12,1,3,1,4,6,1,0,1,1,0,0,24,0,0,5,8,5,10.2,0,0,5,6,5,12.2,0,12.4,0.5,1.79,Graduate
1,8,1,10,1,1,1,1,1,5,10,0,0,0,1,0,0,20,0,0,6,11,5,10.6,0,0,6,11,4,10.4,0,15.5,2.8,-4.06,Enrolled
1,14,6,10,1,1,1,19,24,1,1,0,0,0,1,0,1,23,0,15,16,18,16,13.0,0,11,13,15,13,13.266666666666667,0,9.4,-0.8,-3.12,Graduate
1,8,1,10,1,1,1,23,14,29,39,1,0,0,1,0,1,21,0,0,6,8,5,13.2,0,0,6,7,5,11.8,0,8.9,1.4,3.51,Enrolled
1,1,6,12,1,1,1,1,3,4,3,1,0,0,1,0,0,20,0,0,7,7,6,12.6,0,0,7,7,6,12.6,0,7.6,2.6,0.32,Graduate
1,1,1,5,1,1,1,1,1,5,5,0,0,0,0,0,0,18,0,1,6,10,5,12.2,1,0,6,11,4,10.833333333333334,0,13.9,-0.3,0.79,Enrolled
1,4,2,6,1,3,1,3,3,2,2,0,0,0,0,0,0,28,0,0,5,9,1,12.0,1,0,4,10,0,0.0,4,10.8,1.4,1.74,Dropout
1,1,1,8,1,1,1,5,5,3,3,0,0,0,1,0,0,18,0,0,5,12,4,13.0,2,0,5,6,5,14.0,0,9.4,-0.8,-3.12,Dropout
1,1,2,5,1,1,1,4,1,3,4,1,0,0,1,0,0,18,0,0,6,8,4,10.75,0,0,6,9,0,0.0,0,9.4,-0.8,-3.12,Enrolled
1,1,1,13,1,1,18,5,3,2,2,1,0,0,1,0,0,18,1,0,7,8,4,12.0,0,0,8,8,0,0.0,0,16.2,0.3,-0.92,Dropout
1,1,1,8,1,1,1,3,3,3,3,1,0,1,1,1,0,18,0,0,6,11,5,13.625,0,0,6,9,4,11.75,0,16.2,0.3,-0.92,Dropout
1,1,5,7,1,1,1,10,14,5,6,1,0,0,1,1,0,19,0,0,5,12,3,12.0,0,0,5,10,3,12.0,0,12.4,0.5,1.79,Dropout
1,8,3,7,1,1,1,1,2,4,3,1,0,0,1,1,0,19,0,0,5,10,2,11.0,0,0,6,10,0,0.0,0,11.1,0.6,2.02,Dropout
1,1,6,5,1,6,1,1,1,10,10,1,0,0,1,1,0,22,0,0,6,6,6,14.166666666666666,0,0,6,8,6,13.625,0,10.8,1.4,1.74,Graduate
1,8,4,7,1,1,1,19,26,1,6,1,0,0,1,1,0,18,0,0,5,9,3,11.666666666666666,0,0,5,10,3,11.333333333333334,4,7.6,2.6,0.32,Dropout
1,1,2,14,1,1,1,13,1,10,4,1,0,0,1,0,0,18,0,0,6,6,6,13.833333333333334,0,0,6,11,6,14.555555555555555,0,10.8,1.4,1.74,Graduate
1,12,1,3,0,1,1,1,1,5,5,0,0,0,1,0,0,27,0,0,6,6,6,12.5,0,1,6,6,6,12.333333333333334,0,15.5,2.8,-4.06,Graduate
1,1,2,16,1,1,1,22,27,29,41,1,0,1,1,0,1,20,0,0,7,7,7,13.857142857142858,0,0,7,8,7,12.571428571428571,0,8.9,1.4,3.51,Graduate
1,8,2,12,1,1,1,13,27,5,8,1,0,0,1,0,1,19,0,0,7,9,6,12.339999999999998,0,0,8,9,8,13.01875,0,11.1,0.6,2.02,Graduate
1,15,1,6,1,14,1,3,1,3,4,1,0,0,1,0,0,19,0,0,6,10,5,12.666666666666666,0,0,6,19,4,11.75,0,12.4,0.5,1.79,Enrolled
1,8,5,10,1,1,1,22,27,8,6,1,0,0,1,0,1,19,0,0,6,8,6,12.125,0,0,6,7,6,12.714285714285714,0,16.2,0.3,-0.92,Graduate
1,17,1,6,1,16,1,1,1,6,6,1,0,0,0,0,0,23,0,7,12,19,9,13.666666666666666,0,4,9,15,6,13.5,0,8.9,1.4,3.51,Enrolled
1,14,1,5,1,1,1,1,14,6,11,0,0,0,1,0,0,20,0,0,6,6,5,12.4,0,0,6,9,5,12.4,0,12.7,3.7,-1.7,Graduate
1,13,1,12,1,1,1,13,27,6,8,1,0,0,1,0,0,28,0,12,17,21,17,13.394736842105264,0,11,17,19,17,13.554736842105264,0,16.2,0.3,-0.92,Graduate
1,1,1,10,1,1,1,22,1,10,10,1,0,0,1,0,1,20,0,0,6,8,6,14.25,0,0,6,8,6,11.0,0,12.7,3.7,-1.7,Graduate
1,15,1,10,1,14,14,1,1,5,7,0,0,1,1,0,1,23,1,3,6,7,6,13.142857142857142,0,2,6,6,6,14.0,0,12.4,0.5,1.79,Graduate
2,12,1,3,0,1,1,13,1,5,9,0,0,0,1,1,0,41,0,6,10,10,10,12.5,0,3,7,7,7,12.142857142857142,0,10.8,1.4,1.74,Graduate
1,12,1,7,1,1,1,22,27,10,9,0,0,1,0,1,0,45,0,0,5,5,0,0.0,0,0,5,5,0,0.0,0,15.5,2.8,-4.06,Dropout
2,12,1,6,1,1,1,22,27,7,7,0,0,0,1,1,0,43,0,0,5,8,5,13.5,2,0,5,5,5,14.4,0,9.4,-0.8,-3.12,Graduate
1,8,2,14,1,1,1,3,3,5,11,1,0,0,1,1,0,21,0,0,6,10,6,11.875,0,0,6,8,5,12.0,0,11.1,0.6,2.02,Graduate
1,14,1,15,1,1,1,3,27,4,8,0,0,0,1,1,0,32,0,6,11,15,7,11.285714285714286,0,5,7,10,6,12.333333333333334,0,13.9,-0.3,0.79,Enrolled
1,16,1,15,1,1,1,1,14,9,9,1,0,0,1,1,0,20,0,1,7,7,6,13.833333333333334,0,1,6,7,5,13.0,0,8.9,1.4,3.51,Dropout
1,1,1,11,1,1,1,3,3,3,3,0,0,0,1,1,0,19,0,0,6,7,6,14.428571428571429,0,0,6,6,6,12.5,0,8.9,1.4,3.51,Graduate
1,3,1,2,1,1,1,3,14,2,11,1,0,0,1,1,0,20,0,0,0,0,0,0.0,0,0,0,0,0,0.0,0,16.2,0.3,-0.92,Enrolled
1,1,3,12,1,1,1,3,3,2,4,1,0,0,1,0,0,18,0,0,8,9,6,13.345,2,0,8,9,6,13.345,2,9.4,-0.8,-3.12,Enrolled
1,1,2,15,1,1,1,1,24,10,10,1,0,0,1,0,1,20,0,0,6,7,5,12.8,0,0,6,6,6,12.333333333333334,0,12.4,0.5,1.79,Graduate
1,3,3,6,1,1,1,22,27,1,12,0,0,1,1,0,1,18,0,0,5,5,5,14.4,0,0,5,5,5,14.0,0,7.6,2.6,0.32,Dropout
1,1,1,8,1,1,1,1,27,10,10,1,0,0,1,0,1,19,0,0,6,8,6,13.333333333333334,0,0,6,7,6,13.666666666666666,0,8.9,1.4,3.51,Graduate
1,1,3,16,1,1,1,1,3,6,4,0,0,0,1,0,0,19,0,0,7,7,7,13.857142857142858,0,0,7,7,7,14.285714285714286,0,11.1,0.6,2.02,Graduate
1,8,2,9,1,1,1,13,1,10,4,1,0,1,1,0,0,20,0,0,5,10,2,11.5,0,0,5,8,3,10.0,0,11.1,0.6,2.02,Enrolled
1,1,1,10,1,1,1,1,1,10,5,1,0,1,0,0,1,22,0,0,6,0,0,0.0,0,0,6,0,0,0.0,0,12.4,0.5,1.79,Dropout
1,14,1,8,1,1,3,1,3,10,3,0,0,1,1,0,0,21,1,2,5,9,5,13.2,2,0,5,7,2,12.5,2,10.8,1.4,1.74,Enrolled
1,15,1,8,1,14,1,3,1,3,9,0,0,0,0,1,0,22,0,0,5,5,0,0.0,0,0,5,5,0,0.0,0,12.7,3.7,-1.7,Dropout
1,1,1,10,1,1,1,23,24,10,10,1,0,0,1,0,0,18,0,0,6,9,5,11.4,0,0,6,8,5,10.8,0,9.4,-0.8,-3.12,Graduate
1,1,1,2,1,1,1,22,27,10,9,1,0,1,0,0,1,23,0,0,0,0,0,0.0,0,0,0,0,0,0.0,0,9.4,-0.8,-3.12,Dropout
1,8,1,9,1,1,1,13,14,10,10,0,0,0,1,0,0,19,0,0,5,11,3,10.666666666666666,0,0,5,9,4,10.25,0,11.1,0.6,2.02,Graduate
1,8,4,7,1,1,1,13,14,6,6,1,0,1,0,1,0,18,0,0,5,12,0,0.0,0,0,5,8,0,0.0,0,9.4,-0.8,-3.12,Enrolled
1,1,3,15,1,1,1,1,29,5,2,1,1,0,1,1,0,21,0,0,6,6,5,11.8,0,0,6,9,0,0.0,0,16.2,0.3,-0.92,Dropout
1,1,4,12,1,1,1,1,1,5,11,1,0,0,1,1,1,18,0,0,7,7,7,14.682857142857143,0,0,8,9,8,15.055555555555555,0,12.4,0.5,1.79,Graduate
1,13,1,15,1,6,1,19,24,1,1,1,0,0,1,0,0,34,0,8,10,11,10,12.2,0,5,10,12,9,12.333333333333334,0,7.6,2.6,0.32,Graduate
1,1,2,12,1,1,1,22,1,10,5,1,0,0,1,0,1,18,0,0,7,7,6,12.95,0,0,7,7,6,12.95,0,7.6,2.6,0.32,Graduate
1,1,3,12,1,1,1,1,1,6,6,1,0,0,1,0,1,19,0,0,7,7,7,13.094285714285714,0,0,8,8,8,12.55,0,12.4,0.5,1.79,Graduate
1,8,5,10,1,1,1,13,1,6,6,1,0,0,1,0,0,20,0,0,6,8,4,11.25,0,0,6,15,3,10.0,0,9.4,-0.8,-3.12,Enrolled
2,15,1,4,1,14,1,22,28,10,5,0,0,0,1,0,0,43,0,0,6,8,6,14.166666666666666,0,0,6,9,6,15.0,0,15.5,2.8,-4.06,Graduate
1,1,1,10,1,1,1,13,27,1,1,1,0,0,1,0,0,19,0,0,6,10,0,0.0,4,0,6,0,0,0.0,0,7.6,2.6,0.32,Dropout
1,4,1,6,1,3,1,1,14,10,11,0,0,0,1,0,0,34,0,0,6,0,0,0.0,0,0,6,0,0,0.0,0,15.5,2.8,-4.06,Dropout
1,8,1,15,1,1,1,13,27,10,10,0,0,0,1,1,1,19,0,0,6,6,6,12.0,0,0,6,7,6,11.666666666666666,0,16.2,0.3,-0.92,Graduate
1,1,1,9,1,1,1,1,14,6,6,1,0,0,1,1,1,19,0,0,5,6,5,13.2,0,0,5,6,5,12.666666666666666,0,16.2,0.3,-0.92,Graduate
1,12,1,14,1,1,1,19,24,1,1,1,0,0,0,1,0,28,0,0,5,7,3,11.666666666666666,0,0,5,8,2,11.5,1,7.6,2.6,0.32,Dropout
1,12,1,17,0,12,1,13,27,8,6,1,0,1,0,1,0,39,0,0,5,6,5,10.6,0,0,5,7,5,14.666666666666666,0,10.8,1.4,1.74,Dropout
1,15,2,10,1,14,1,3,14,5,10,1,0,0,1,0,0,19,0,3,6,6,6,14.166666666666666,0,2,6,6,6,13.5,0,12.4,0.5,1.79,Graduate
2,4,1,10,1,3,1,22,27,29,43,0,0,0,1,0,0,31,0,1,6,12,5,12.5,0,0,6,10,5,14.6,0,12.7,3.7,-1.7,Graduate
1,8,1,11,1,1,1,1,14,4,4,1,0,0,1,0,0,19,0,0,6,8,6,12.666666666666666,0,0,6,8,5,13.4,0,11.1,0.6,2.02,Graduate
1,1,3,5,1,1,1,19,24,1,1,1,0,0,1,0,0,18,0,0,6,6,6,12.5,0,0,6,6,6,13.0,0,7.6,2.6,0.32,Dropout
1,16,1,5,1,1,1,3,1,4,6,0,0,0,1,0,1,19,0,5,11,11,11,13.181818181818182,0,5,11,11,11,12.909090909090908,0,11.1,0.6,2.02,Graduate
1,8,2,12,1,1,1,13,14,10,5,1,0,0,1,0,0,18,0,0,7,8,7,13.175,0,0,8,8,8,14.875,0,13.9,-0.3,0.79,Graduate
1,1,1,10,1,1,1,1,3,5,3,0,0,0,1,0,0,18,0,0,6,6,6,14.0,0,0,6,6,6,13.166666666666666,0,10.8,1.4,1.74,Graduate
1,1,6,12,1,1,1,23,28,10,10,1,0,0,1,0,1,18,0,0,7,11,6,11.994444444444444,0,0,8,11,7,12.43142857142857,0,15.5,2.8,-4.06,Graduate
1,8,2,12,1,1,1,13,27,5,8,1,0,0,1,0,0,19,0,0,7,8,7,14.05,0,0,8,8,8,15.1,0,13.9,-0.3,0.79,Graduate
1,1,1,12,1,1,1,13,1,5,5,0,0,0,1,0,0,18,0,0,8,8,8,14.445,0,0,8,8,8,14.445,0,9.4,-0.8,-3.12,Graduate
1,1,6,12,1,1,1,23,27,6,7,1,0,0,1,0,1,19,0,0,7,7,6,13.416666666666666,0,0,7,7,6,13.416666666666666,0,7.6,2.6,0.32,Graduate
1,15,1,10,1,14,1,13,14,9,9,1,0,0,1,0,1,19,0,3,6,7,6,13.142857142857142,0,2,6,6,6,14.333333333333334,0,12.4,0.5,1.79,Graduate
1,1,1,6,1,1,1,3,3,2,12,0,0,0,1,0,0,18,0,0,5,6,4,13.75,0,0,5,8,5,14.857142857142858,0,7.6,2.6,0.32,Graduate
1,8,2,8,1,1,1,3,1,3,2,0,0,0,1,0,0,19,0,0,6,0,0,0.0,0,0,6,0,0,0.0,0,15.5,2.8,-4.06,Dropout
1,1,1,12,1,1,1,13,1,10,6,0,0,0,1,0,1,18,0,0,7,7,7,14.071428571428571,0,0,8,8,8,15.1625,0,13.9,-0.3,0.79,Graduate
1,1,1,12,1,1,1,13,14,5,5,0,0,0,1,0,0,18,0,0,8,8,7,13.485714285714284,0,0,8,8,7,13.485714285714284,0,12.7,3.7,-1.7,Graduate
1,8,3,12,1,1,1,23,1,10,6,1,0,0,1,0,0,18,0,0,8,8,7,14.652857142857142,0,0,8,8,7,14.652857142857142,0,10.8,1.4,1.74,Graduate
1,1,1,2,1,1,1,13,14,8,8,1,0,0,1,0,1,18,0,0,0,0,0,0.0,0,0,0,0,0,0.0,0,13.9,-0.3,0.79,Graduate
2,12,1,4,1,1,1,23,27,10,10,0,0,0,1,0,0,29,0,13,18,20,18,15.444444444444445,0,11,13,13,13,15.307692307692308,0,15.5,2.8,-4.06,Graduate
1,1,1,10,1,1,1,1,14,5,5,0,0,0,0,0,0,18,0,0,6,6,6,14.5,0,0,6,6,6,15.166666666666666,0,10.8,1.4,1.74,Graduate
1,14,1,13,1,1,1,22,27,10,10,1,0,0,0,0,0,32,0,0,7,7,0,0.0,7,0,8,8,0,0.0,7,10.8,1.4,1.74,Dropout
1,8,1,10,1,1,1,1,1,10,10,0,0,0,1,0,1,20,0,0,6,11,4,10.75,0,0,6,13,5,11.5,0,15.5,2.8,-4.06,Enrolled
1,15,1,3,0,14,1,13,27,8,7,1,0,0,1,0,0,22,0,3,6,6,6,12.5,0,2,6,7,6,13.285714285714286,0,12.4,0.5,1.79,Graduate
1,8,1,10,1,1,1,23,28,8,8,1,0,0,1,0,1,18,0,0,6,7,6,15.142857142857142,0,0,6,6,6,15.833333333333334,0,12.7,3.7,-1.7,Graduate
1,9,1,7,1,1,1,1,27,8,8,1,0,0,1,1,0,18,0,0,5,5,1,16.0,0,0,5,5,0,0.0,0,9.4,-0.8,-3.12,Dropout
1,12,1,7,1,12,1,1,14,5,6,0,0,0,1,1,0,25,0,0,5,13,1,11.0,0,0,5,11,1,10.0,0,13.9,-0.3,0.79,Enrolled
4,12,1,8,1,1,1,3,1,6,6,1,0,0,1,0,1,30,0,0,6,7,0,0.0,0,0,6,16,1,10.0,0,11.1,0.6,2.02,Dropout
2,12,1,16,1,1,1,22,14,8,4,0,0,1,1,0,1,34,0,0,6,7,6,16.142857142857142,0,0,6,10,6,16.2,0,9.4,-0.8,-3.12,Graduate
1,12,1,3,0,1,1,1,10,5,6,0,0,0,1,1,1,24,0,0,6,6,4,12.25,0,0,6,10,4,11.5,0,12.4,0.5,1.79,Enrolled
1,8,5,11,1,1,1,1,14,5,8,1,0,0,0,1,0,18,0,0,6,12,0,0.0,0,0,6,0,0,0.0,0,9.4,-0.8,-3.12,Dropout
1,1,1,12,1,1,1,13,14,10,8,1,0,0,1,1,0,22,0,0,7,8,6,14.333333333333334,0,0,8,9,7,13.771428571428572,0,11.1,0.6,2.02,Graduate
1,15,1,4,1,14,1,1,14,10,8,0,0,0,1,1,0,22,0,2,6,15,3,11.75,0,0,6,12,2,10.0,0,13.9,-0.3,0.79,Dropout
1,16,1,14,1,1,1,3,3,2,11,0,0,1,1,1,0,21,0,5,11,12,10,12.1,0,2,8,9,8,13.333333333333334,0,11.1,0.6,2.02,Graduate
1,1,3,12,1,1,1,23,28,10,10,1,0,0,1,0,0,19,0,0,8,8,7,11.98857142857143,0,0,8,8,7,11.98857142857143,0,10.8,1.4,1.74,Graduate
1,16,1,7,1,1,1,1,14,4,6,1,0,0,1,1,0,20,0,4,9,12,9,13.454545454545457,0,2,7,9,6,13.875,0,11.1,0.6,2.02,Dropout
1,1,6,12,1,1,1,23,28,10,10,1,0,0,1,1,0,19,0,0,8,8,7,12.2,0,0,8,8,7,12.2,0,12.7,3.7,-1.7,Graduate
1,1,1,12,1,1,1,1,1,10,10,0,0,0,1,1,0,20,0,0,8,8,7,15.028571428571428,0,0,8,8,7,15.028571428571428,0,12.7,3.7,-1.7,Graduate
1,4,1,4,1,3,1,1,14,5,2,1,0,0,1,1,0,27,0,14,18,21,18,11.421052631578949,0,10,13,16,13,11.076923076923077,1,15.5,2.8,-4.06,Graduate
1,1,1,12,1,1,1,13,28,10,9,1,0,0,1,1,0,18,0,0,7,7,6,13.35,0,0,7,7,6,13.35,0,7.6,2.6,0.32,Graduate
1,1,2,6,1,1,1,1,14,4,4,1,0,0,1,1,0,21,0,0,5,7,4,11.5,0,0,5,15,3,10.6,4,10.8,1.4,1.74,Enrolled
1,8,1,10,1,1,1,1,14,5,10,1,0,0,1,0,0,19,0,0,6,7,6,12.857142857142858,0,0,6,7,6,13.666666666666666,0,13.9,-0.3,0.79,Graduate
1,1,2,2,1,1,1,1,3,4,4,1,0,0,1,0,0,18,0,0,0,0,0,0.0,0,0,0,0,0,0.0,0,12.4,0.5,1.79,Enrolled
1,8,3,10,1,1,1,13,28,10,8,1,0,0,1,0,1,19,0,0,6,8,6,11.333333333333334,0,0,6,6,6,11.833333333333334,0,8.9,1.4,3.51,Graduate
1,1,5,16,1,1,1,1,10,5,10,1,0,0,1,0,0,20,0,0,6,12,4,12.0,0,0,6,11,1,10.0,0,10.8,1.4,1.74,Dropout
1,1,1,6,1,1,1,23,27,10,7,1,0,0,1,1,0,18,0,0,5,6,4,11.75,0,0,5,10,5,12.571428571428571,1,10.8,1.4,1.74,Graduate
1,1,1,2,1,1,1,1,1,10,10,1,0,0,1,1,0,25,0,16,17,19,17,11.61111111111111,0,14,17,22,17,12.055555555555555,0,12.4,0.5,1.79,Graduate
1,1,3,11,1,1,1,1,1,5,4,1,0,0,1,1,0,18,0,0,6,8,6,12.333333333333334,0,0,6,6,6,13.666666666666666,0,11.1,0.6,2.02,Graduate
1,1,1,14,1,1,1,1,1,12,12,1,0,1,1,1,0,20,0,0,6,10,1,12.0,1,0,6,0,0,0.0,0,10.8,1.4,1.74,Dropout
1,12,1,12,1,15,1,22,27,10,8,0,0,0,1,0,0,27,0,3,8,12,7,12.457142857142856,0,3,8,12,7,12.457142857142856,0,12.7,3.7,-1.7,Enrolled
1,8,1,15,1,1,1,1,1,6,2,0,0,1,0,1,0,19,0,0,6,6,6,12.5,0,0,6,10,4,12.6,0,15.5,2.8,-4.06,Dropout
1,8,3,12,1,1,1,23,1,10,6,1,0,0,1,0,0,18,0,0,7,7,6,13.033333333333331,0,0,7,7,6,13.033333333333331,0,7.6,2.6,0.32,Graduate
1,8,1,5,1,1,1,1,27,5,10,1,0,0,1,0,0,19,0,0,6,10,4,12.0,1,0,6,6,6,12.5,0,7.6,2.6,0.32,Graduate
6,12,1,17,0,9,1,22,27,12,12,1,0,0,0,1,0,55,0,0,5,5,0,0.0,0,0,5,5,0,0.0,0,7.6,2.6,0.32,Dropout
1,8,6,14,1,1,1,1,14,5,11,0,0,0,1,1,0,21,0,0,6,10,6,12.285714285714286,0,0,6,11,4,14.25,0,15.5,2.8,-4.06,Enrolled
1,1,2,11,1,1,1,1,14,5,2,1,0,0,1,1,0,18,0,0,6,12,5,11.0,0,0,6,11,3,10.333333333333334,0,9.4,-0.8,-3.12,Enrolled
1,14,1,3,0,1,1,23,3,18,20,0,0,0,1,1,0,54,0,9,13,14,13,13.307692307692308,0,7,11,12,11,12.818181818181818,0,12.7,3.7,-1.7,Enrolled
1,1,1,2,1,1,1,3,3,2,3,1,0,0,1,0,0,20,0,0,0,0,0,0.0,0,0,0,0,0,0.0,0,13.9,-0.3,0.79,Enrolled
1,9,3,5,1,1,1,1,27,5,8,1,0,0,0,1,0,19,0,0,6,0,0,0.0,0,0,6,0,0,0.0,0,12.7,3.7,-1.7,Dropout
1,1,1,12,1,1,1,1,1,6,6,1,0,0,1,1,0,18,0,0,7,7,7,16.142857142857142,0,0,8,9,0,0.0,0,16.2,0.3,-0.92,Dropout
1,1,1,7,1,1,1,3,1,5,2,0,0,0,1,1,0,18,0,0,5,10,2,14.0,0,0,5,7,3,11.0,1,7.6,2.6,0.32,Enrolled
1,1,4,9,1,1,1,1,28,9,10,1,0,0,1,1,0,19,0,0,5,5,4,10.75,0,0,5,6,4,12.25,0,12.4,0.5,1.79,Enrolled
1,15,1,17,0,14,1,22,27,10,10,0,0,0,1,0,0,31,0,2,6,12,4,12.25,0,3,7,9,7,12.0,0,9.4,-0.8,-3.12,Enrolled
1,15,1,6,1,14,1,1,3,10,5,0,0,1,0,0,0,24,0,2,6,11,4,12.5,0,1,6,18,2,11.5,0,12.4,0.5,1.79,Enrolled
1,1,1,2,1,1,1,13,14,4,11,1,0,0,1,0,0,21,0,13,17,20,17,12.0,0,14,17,18,17,12.666666666666666,0,11.1,0.6,2.02,Graduate
1,15,1,6,1,14,1,1,1,5,5,1,1,0,1,1,0,26,0,2,6,20,4,12.5,0,1,6,16,3,10.0,0,15.5,2.8,-4.06,Dropout
1,14,1,9,1,1,1,22,28,8,8,0,0,0,1,1,0,25,0,0,5,12,3,11.0,1,0,5,12,4,11.5,0,9.4,-0.8,-3.12,Enrolled
1,12,1,4,1,12,1,22,28,5,10,0,0,1,0,0,0,40,0,0,6,12,5,12.8,0,0,6,16,3,13.333333333333334,0,11.1,0.6,2.02,Dropout
1,8,2,9,1,1,1,22,14,10,9,1,0,0,1,0,1,18,0,0,5,8,5,11.8,0,0,5,10,5,11.6,3,16.2,0.3,-0.92,Graduate
1,12,1,6,1,1,1,22,27,12,12,0,0,1,0,1,0,35,0,0,5,7,2,11.5,0,0,5,8,2,10.5,0,7.6,2.6,0.32,Dropout
1,1,6,12,1,1,1,1,1,5,5,1,0,0,1,1,1,20,0,0,7,14,1,13.0,0,0,7,15,0,0.0,0,11.1,0.6,2.02,Dropout
1,1,1,2,1,1,1,1,14,11,6,1,0,0,1,1,0,18,0,0,0,0,0,0.0,0,0,0,0,0,0.0,0,10.8,1.4,1.74,Graduate
1,1,2,13,1,1,1,23,1,10,4,1,0,0,1,0,0,18,0,0,7,8,7,13.428571428571429,0,0,8,8,8,15.3125,0,16.2,0.3,-0.92,Graduate
1,1,1,16,1,1,1,13,1,10,2,0,0,0,1,0,0,18,0,0,6,8,5,12.8,0,0,6,14,3,10.0,0,9.4,-0.8,-3.12,Enrolled
1,8,1,8,1,1,1,4,1,3,11,1,0,0,1,0,0,19,0,0,6,8,6,13.0,0,0,6,9,4,12.8,0,13.9,-0.3,0.79,Graduate
2,1,1,12,1,1,1,13,28,5,6,0,0,0,1,0,0,18,0,0,7,7,6,13.683333333333332,0,0,7,7,6,13.683333333333332,0,7.6,2.6,0.32,Graduate
1,1,2,15,1,1,1,3,3,4,5,1,0,0,1,0,0,21,0,0,6,8,5,12.8,0,0,6,7,5,11.2,0,11.1,0.6,2.02,Graduate
1,8,1,6,1,1,1,1,14,5,11,1,0,0,1,0,0,18,0,0,5,8,4,11.0,1,0,5,8,3,14.0,0,12.7,3.7,-1.7,Graduate
1,9,1,12,1,1,1,23,27,6,6,0,0,0,1,0,0,20,0,0,7,13,6,11.7725,0,0,8,9,7,12.33,0,15.5,2.8,-4.06,Graduate
1,1,1,11,1,1,1,23,28,5,8,0,0,0,1,0,0,19,0,0,6,0,0,0.0,0,0,6,0,0,0.0,0,11.1,0.6,2.02,Dropout
1,17,1,6,1,16,1,13,1,10,10,1,0,1,0,0,0,24,0,7,9,9,8,13.125,0,4,9,13,6,13.0,0,8.9,1.4,3.51,Enrolled
1,16,1,10,1,1,1,13,3,6,3,0,0,1,1,0,0,20,0,5,11,18,8,12.625,0,4,10,10,3,11.0,0,11.1,0.6,2.02,Enrolled
1,1,4,12,1,1,1,13,14,4,4,1,0,0,1,0,0,19,0,0,7,12,4,12.85,0,0,7,7,7,12.62142857142857,0,11.1,0.6,2.02,Enrolled
1,15,1,10,1,14,1,1,14,29,15,0,0,0,1,0,0,20,0,3,6,6,6,13.5,0,2,6,9,5,12.5,0,13.9,-0.3,0.79,Graduate
1,8,1,10,1,1,1,13,14,8,8,1,0,0,1,0,1,18,0,0,6,9,6,11.333333333333334,0,0,6,9,6,11.833333333333334,0,8.9,1.4,3.51,Graduate
1,1,2,12,1,1,1,13,27,4,4,1,0,0,1,0,1,23,0,0,7,8,6,12.993333333333334,0,0,8,9,8,12.66875,0,11.1,0.6,2.02,Graduate
1,8,1,6,1,1,1,3,27,5,9,1,0,0,1,0,0,18,0,0,6,8,6,13.857142857142858,0,0,6,15,6,13.1,0,12.4,0.5,1.79,Graduate
1,12,1,11,1,1,1,1,1,10,7,1,0,1,0,0,0,24,0,0,6,14,6,11.285714285714286,0,0,6,16,3,10.333333333333334,0,8.9,1.4,3.51,Dropout
1,9,1,16,1,1,1,22,27,10,6,0,0,0,1,0,1,18,0,0,7,9,6,12.333333333333334,0,0,7,7,6,12.666666666666666,0,11.1,0.6,2.02,Graduate
1,12,1,11,1,1,1,3,1,7,7,1,0,0,1,0,0,24,0,0,6,8,5,12.6,0,0,6,7,5,12.2,0,9.4,-0.8,-3.12,Graduate
1,1,2,15,1,1,1,1,1,5,10,1,0,0,1,1,1,19,0,0,6,7,6,13.666666666666666,0,0,6,6,6,13.833333333333334,0,12.7,3.7,-1.7,Graduate
1,12,1,16,1,1,1,13,1,10,5,0,0,0,0,0,0,30,0,0,6,0,0,0.0,0,0,6,0,0,0.0,0,12.7,3.7,-1.7,Dropout
1,8,4,12,1,1,1,3,1,3,6,1,0,0,1,0,0,18,0,0,7,7,7,13.457142857142856,0,0,8,8,8,15.125,0,13.9,-0.3,0.79,Graduate
1,1,2,15,1,1,1,1,14,5,6,1,0,0,1,0,0,18,0,0,5,7,2,10.0,0,0,1,1,0,0.0,0,12.7,3.7,-1.7,Dropout
1,1,6,12,1,1,1,1,28,4,10,1,0,0,1,0,0,19,0,0,7,10,5,13.44,0,0,7,8,6,13.066666666666668,0,12.4,0.5,1.79,Enrolled
1,15,1,6,1,14,1,22,27,10,10,0,0,0,1,0,0,20,0,2,6,8,6,13.0,0,1,6,18,2,12.0,0,12.4,0.5,1.79,Enrolled
1,8,6,12,1,1,1,13,27,4,10,1,0,0,1,0,1,19,0,0,7,7,7,13.371428571428572,0,0,8,9,8,13.666666666666666,0,16.2,0.3,-0.92,Graduate
1,1,2,16,1,1,1,1,28,10,9,1,0,0,1,0,1,19,0,0,6,7,6,14.0,0,0,6,6,6,15.0,0,15.5,2.8,-4.06,Graduate
1,1,1,14,1,1,1,1,27,2,11,1,0,0,1,0,0,19,0,0,6,7,6,12.833333333333334,0,0,6,10,6,11.77777777777778,0,8.9,1.4,3.51,Graduate
1,1,1,10,1,1,1,13,28,4,10,1,0,0,1,0,1,18,0,0,6,6,6,14.0,0,0,6,6,6,13.666666666666666,0,12.4,0.5,1.79,Graduate
1,1,5,12,1,1,1,23,27,6,8,1,0,0,1,0,0,18,0,0,7,7,6,14.233333333333334,0,0,7,7,6,14.233333333333334,0,7.6,2.6,0.32,Graduate
1,14,1,8,1,1,1,3,3,3,3,0,0,0,1,0,0,20,0,10,17,29,14,12.5625,4,7,12,24,12,12.857142857142858,1,15.5,2.8,-4.06,Graduate
1,1,1,10,1,1,1,1,14,5,5,0,0,0,1,0,0,19,0,0,6,7,6,12.285714285714286,0,0,6,7,6,12.0,0,12.4,0.5,1.79,Graduate
1,1,4,15,1,1,4,10,10,12,5,1,0,0,1,0,0,18,1,0,6,6,6,12.666666666666666,0,0,6,8,5,14.4,0,7.6,2.6,0.32,Graduate
1,1,1,9,1,1,1,22,27,10,8,1,0,0,1,0,1,19,0,0,5,5,5,12.8,0,0,5,8,5,11.6,0,9.4,-0.8,-3.12,Graduate
1,1,2,9,1,1,1,13,27,5,6,1,0,0,1,0,0,20,0,0,5,8,3,11.333333333333334,0,0,5,8,5,12.2,0,7.6,2.6,0.32,Graduate
1,8,4,11,1,1,1,22,27,6,9,1,0,0,1,0,1,18,0,0,6,14,2,11.0,0,0,6,14,3,10.333333333333334,0,7.6,2.6,0.32,Dropout
1,8,2,14,1,1,1,19,27,1,1,1,0,1,0,0,0,18,0,0,5,8,3,12.0,0,0,5,6,4,10.75,0,7.6,2.6,0.32,Dropout
1,8,4,12,1,1,1,1,1,4,4,1,0,0,1,0,0,23,0,0,7,7,6,13.796666666666669,0,0,8,11,7,13.775,0,12.4,0.5,1.79,Graduate
2,4,1,5,1,17,1,22,1,10,8,0,0,0,1,0,0,33,0,0,6,7,6,15.0,0,0,6,8,3,11.0,0,11.1,0.6,2.02,Graduate
1,13,1,16,1,1,1,22,14,10,4,0,0,0,1,0,0,20,0,6,14,22,12,12.153846153846152,0,5,12,18,10,12.9,0,10.8,1.4,1.74,Dropout
1,1,3,9,1,1,1,23,28,10,10,1,0,0,1,1,0,19,0,0,5,8,3,11.0,0,0,5,7,2,10.0,0,12.7,3.7,-1.7,Dropout
1,8,1,2,1,1,1,23,27,5,7,0,0,0,0,1,0,20,0,0,0,0,0,0.0,0,0,0,0,0,0.0,0,9.4,-0.8,-3.12,Dropout
1,15,1,7,1,1,1,22,10,10,9,1,0,1,0,1,0,23,0,0,5,6,0,0.0,0,0,5,7,0,0.0,0,13.9,-0.3,0.79,Dropout
1,15,1,10,1,14,1,1,1,5,4,0,0,0,1,1,0,22,0,3,6,7,6,12.333333333333334,0,2,6,6,2,14.0,0,13.9,-0.3,0.79,Dropout
2,12,1,2,1,12,1,22,27,10,10,0,0,0,1,1,0,36,0,0,0,0,0,0.0,0,0,0,0,0,0.0,0,10.8,1.4,1.74,Dropout
1,14,1,10,1,14,1,2,1,2,3,0,0,0,1,1,0,21,0,9,11,14,10,12.4,0,6,10,13,10,11.8,0,13.9,-0.3,0.79,Graduate
1,12,1,17,0,1,1,13,27,7,9,0,0,0,1,1,0,40,0,0,5,5,5,11.0,0,0,5,5,5,13.4,0,15.5,2.8,-4.06,Graduate
1,9,1,9,1,1,1,19,24,12,12,0,0,0,1,1,0,22,0,0,5,11,3,13.666666666666666,0,0,5,10,3,11.333333333333334,0,9.4,-0.8,-3.12,Dropout
1,8,1,11,1,1,1,1,1,5,9,0,0,0,1,1,0,20,0,0,6,7,6,13.714285714285714,0,0,6,8,6,14.714285714285714,0,16.2,0.3,-0.92,Graduate
1,8,1,7,1,1,1,13,14,10,10,0,0,0,1,1,0,20,0,0,5,6,5,15.8,0,0,5,8,5,13.714285714285714,0,11.1,0.6,2.02,Enrolled
1,17,1,6,1,16,1,1,14,4,9,1,0,0,1,1,1,21,0,7,11,15,9,14.22222222222222,0,4,9,15,7,13.75,0,8.9,1.4,3.51,Graduate
1,1,5,2,1,1,1,13,3,10,3,1,0,0,1,1,1,19,0,0,0,0,0,0.0,0,0,0,0,0,0.0,0,9.4,-0.8,-3.12,Graduate
2,12,1,4,1,1,1,1,27,10,2,0,0,1,0,1,0,25,0,3,10,23,6,11.428571428571429,0,2,7,15,4,12.0,1,15.5,2.8,-4.06,Dropout
1,1,1,11,1,1,1,4,14,5,6,0,0,0,1,1,0,26,0,0,6,6,0,0.0,0,0,6,12,0,0.0,0,10.8,1.4,1.74,Dropout
1,12,1,4,1,1,1,1,3,5,6,0,0,0,1,1,0,25,0,0,6,8,0,0.0,0,0,6,10,0,0.0,0,16.2,0.3,-0.92,Dropout
4,12,1,3,0,12,1,1,27,10,2,0,0,0,1,1,0,45,0,2,8,10,4,11.5,0,2,8,13,4,11.0,0,10.8,1.4,1.74,Dropout
2,12,1,17,0,1,1,22,27,10,10,0,0,0,1,1,0,52,0,0,5,7,5,11.2,0,0,5,6,5,12.8,1,7.6,2.6,0.32,Graduate
2,12,1,2,1,9,1,22,27,8,8,1,0,0,1,1,0,36,0,0,0,0,0,0.0,0,0,0,0,0,0.0,0,7.6,2.6,0.32,Graduate
2,12,1,17,0,1,1,22,27,10,10,1,0,0,1,1,0,41,0,0,5,8,4,11.25,0,0,5,8,3,11.0,1,7.6,2.6,0.32,Dropout
1,12,1,6,1,2,1,23,28,10,11,0,0,0,1,1,0,47,0,0,6,0,0,0.0,0,0,6,0,0,0.0,0,16.2,0.3,-0.92,Dropout
1,4,1,4,1,3,1,1,28,10,8,1,0,0,0,1,0,32,0,11,17,31,11,12.727272727272728,4,10,12,24,10,12.7,1,15.5,2.8,-4.06,Dropout
1,4,1,17,0,3,1,22,27,10,10,0,0,0,1,1,0,31,0,9,9,9,9,14.22222222222222,0,5,5,5,5,12.8,0,12.7,3.7,-1.7,Dropout
1,12,1,17,0,9,1,22,28,6,6,0,0,0,1,1,0,33,0,0,5,5,5,13.2,0,0,5,6,5,14.833333333333334,0,10.8,1.4,1.74,Graduate
4,12,1,14,1,1,1,13,14,12,13,0,0,0,1,1,0,42,0,0,6,0,0,0.0,0,0,6,0,0,0.0,0,12.7,3.7,-1.7,Dropout
2,1,2,3,0,1,1,22,1,10,11,1,0,0,1,0,0,43,0,0,6,6,6,13.0,0,0,6,6,6,12.5,0,9.4,-0.8,-3.12,Graduate
1,8,1,15,1,1,1,1,1,5,8,1,0,1,1,0,0,18,0,0,6,6,6,11.666666666666666,0,0,6,6,6,12.333333333333334,0,16.2,0.3,-0.92,Graduate
1,6,1,14,1,1,12,27,1,3,8,0,1,1,1,0,0,20,1,0,6,6,6,13.5,0,0,6,9,5,13.0,0,8.9,1.4,3.51,Graduate
1,8,2,11,1,1,1,1,2,6,4,1,0,1,1,1,1,19,0,0,6,14,2,10.0,0,0,6,6,0,0.0,0,13.9,-0.3,0.79,Dropout
1,1,1,7,1,1,1,13,27,6,9,1,0,0,1,1,0,18,0,0,5,9,4,10.5,0,0,5,11,2,10.5,3,7.6,2.6,0.32,Enrolled
1,6,1,9,1,1,12,1,1,3,4,0,0,0,1,0,0,19,1,0,5,10,4,12.0,0,0,5,6,5,11.4,0,11.1,0.6,2.02,Graduate
1,1,2,2,1,1,1,3,3,3,3,1,0,0,1,0,0,18,0,0,0,0,0,0.0,0,0,0,0,0,0.0,0,12.4,0.5,1.79,Enrolled
1,14,1,9,1,1,1,23,14,20,36,0,0,0,1,0,0,19,0,0,5,11,5,11.5,0,0,5,9,2,10.666666666666666,0,13.9,-0.3,0.79,Enrolled
1,1,1,15,1,1,1,13,1,6,11,1,0,0,1,0,0,18,0,0,6,6,6,14.0,0,0,6,6,6,13.5,0,11.1,0.6,2.02,Dropout
1,1,4,11,1,1,1,22,27,10,8,1,0,0,1,0,0,24,0,0,6,14,2,10.5,0,0,6,11,1,10.0,0,10.8,1.4,1.74,Dropout
1,1,1,10,1,1,1,22,27,10,10,0,0,0,1,0,0,18,0,0,6,6,6,13.0,0,0,6,6,6,12.833333333333334,0,10.8,1.4,1.74,Graduate
1,1,1,16,1,1,1,13,10,10,5,1,0,0,1,0,0,19,0,0,6,6,6,14.166666666666666,0,0,6,7,6,13.666666666666666,0,7.6,2.6,0.32,Graduate
1,8,2,3,0,1,1,22,24,1,1,1,0,0,1,0,0,19,0,0,6,8,5,12.2,0,0,6,7,6,12.0,0,7.6,2.6,0.32,Graduate
1,8,1,16,1,1,1,22,27,10,11,0,0,0,1,0,0,20,0,0,6,8,3,12.333333333333334,0,0,6,11,2,10.5,0,12.7,3.7,-1.7,Dropout
1,8,1,9,1,1,1,13,14,8,8,1,0,0,1,0,0,23,0,0,5,7,2,10.0,1,0,5,9,1,12.0,0,9.4,-0.8,-3.12,Enrolled
1,8,1,11,1,1,1,1,1,5,10,1,0,0,1,0,0,22,0,0,6,14,4,12.25,0,0,6,11,3,11.333333333333334,0,7.6,2.6,0.32,Enrolled
1,8,4,11,1,1,1,23,28,6,6,1,0,0,1,0,0,20,0,0,6,6,6,11.0,0,0,6,8,4,12.75,0,9.4,-0.8,-3.12,Graduate
1,8,2,15,1,1,1,1,1,6,6,1,0,0,1,1,0,20,0,0,6,12,4,14.75,0,0,6,7,4,12.25,0,9.4,-0.8,-3.12,Graduate
1,1,1,9,1,1,1,1,14,8,8,0,0,0,1,1,1,18,0,0,5,10,4,10.8,0,0,5,10,4,11.75,0,15.5,2.8,-4.06,Enrolled
1,14,1,3,0,9,1,22,1,10,11,0,0,0,1,1,0,50,0,6,13,13,6,11.333333333333334,0,2,11,11,2,13.5,0,16.2,0.3,-0.92,Dropout
1,12,1,17,0,1,1,1,1,6,6,1,0,0,0,1,0,38,0,0,5,5,0,0.0,0,0,5,5,0,0.0,0,8.9,1.4,3.51,Dropout
2,12,1,17,0,1,1,22,3,10,4,0,0,0,1,1,0,45,0,0,5,6,5,14.0,0,0,5,6,5,14.166666666666666,0,12.4,0.5,1.79,Graduate
1,8,5,7,1,1,1,13,14,6,6,1,0,1,1,1,0,18,0,0,5,9,4,12.5,0,0,5,11,5,11.285714285714286,0,12.4,0.5,1.79,Enrolled
1,1,2,11,1,1,1,13,1,10,9,0,0,0,1,1,0,21,0,0,6,8,3,12.0,0,0,6,9,1,11.0,0,15.5,2.8,-4.06,Dropout
1,8,1,6,1,1,1,1,14,6,10,0,0,0,1,1,0,22,0,0,5,8,3,13.0,0,0,5,8,3,10.666666666666666,0,7.6,2.6,0.32,Graduate
1,16,1,9,1,1,1,13,28,10,9,0,0,0,1,1,0,20,0,0,5,7,5,11.0,0,0,5,7,3,10.0,0,8.9,1.4,3.51,Enrolled
1,1,2,9,1,1,1,22,28,8,10,0,0,1,1,0,1,19,0,0,5,11,2,11.5,0,0,5,10,0,0.0,0,12.7,3.7,-1.7,Dropout
1,8,2,12,1,1,1,23,14,6,8,1,0,0,1,0,1,18,0,0,8,8,7,14.312857142857142,0,0,8,8,7,14.312857142857142,0,10.8,1.4,1.74,Graduate
1,1,1,8,1,1,1,3,1,3,5,1,0,1,1,0,0,18,0,0,6,13,6,10.857142857142858,0,0,6,10,4,11.0,0,15.5,2.8,-4.06,Dropout
2,12,1,17,0,1,1,22,27,10,8,0,0,0,1,1,0,47,0,0,5,9,4,11.5,0,0,5,6,5,11.6,1,7.6,2.6,0.32,Dropout
1,14,1,17,0,1,1,23,28,10,8,0,0,0,1,1,1,32,0,5,10,12,10,13.8,0,5,10,10,10,12.8,0,10.8,1.4,1.74,Graduate
1,4,1,17,0,15,1,23,28,10,8,0,0,0,1,1,0,38,0,10,10,10,10,13.6,0,5,10,10,5,13.6,0,8.9,1.4,3.51,Dropout
1,12,1,3,0,12,1,22,27,6,6,1,0,0,1,0,1,26,0,0,6,10,3,12.333333333333334,0,0,6,14,3,11.666666666666666,0,7.6,2.6,0.32,Enrolled
1,13,3,12,1,1,1,1,1,5,5,1,0,0,1,0,1,19,0,0,8,8,8,14.2525,0,0,8,8,8,14.2525,0,9.4,-0.8,-3.12,Graduate
1,1,1,5,1,1,1,22,27,6,8,0,0,0,1,0,1,18,0,1,6,8,6,13.571428571428571,1,0,6,11,6,12.375,0,13.9,-0.3,0.79,Graduate
1,12,1,12,1,1,1,22,27,10,10,0,0,0,1,1,0,36,0,0,7,0,0,0.0,0,0,8,0,0,0.0,0,12.4,0.5,1.79,Dropout
1,1,1,11,1,1,1,3,14,4,9,1,0,0,1,0,0,18,0,0,6,6,6,15.5,0,0,6,6,6,16.0,0,12.4,0.5,1.79,Graduate
1,15,1,8,1,14,1,3,1,3,5,1,0,0,1,0,0,20,0,0,6,6,0,0.0,0,0,6,6,0,0.0,0,12.4,0.5,1.79,Dropout
1,12,1,12,1,1,1,13,1,2,12,1,0,1,0,0,0,31,0,0,7,8,5,12.56,0,0,7,8,5,12.56,0,7.6,2.6,0.32,Dropout
1,1,1,9,1,1,1,22,27,10,8,0,0,0,1,0,1,19,0,0,5,6,4,11.0,0,0,5,9,4,13.857142857142858,0,10.8,1.4,1.74,Enrolled
1,8,1,14,1,1,1,1,1,5,5,1,0,0,1,0,1,19,0,0,6,7,6,13.285714285714286,0,0,6,9,5,14.6,0,12.4,0.5,1.79,Enrolled
1,1,5,12,1,1,1,3,14,5,9,1,0,0,1,0,0,19,0,0,7,11,5,11.716666666666669,0,0,7,8,5,13.7,0,13.9,-0.3,0.79,Enrolled
1,1,2,5,1,1,1,3,4,3,3,1,0,0,1,0,0,18,0,0,6,6,6,12.333333333333334,0,0,6,6,6,12.833333333333334,0,7.6,2.6,0.32,Enrolled
1,12,1,17,0,1,1,22,27,10,6,0,0,0,0,0,0,37,0,0,5,5,0,0.0,0,0,5,5,0,0.0,0,15.5,2.8,-4.06,Dropout
2,12,1,17,0,1,1,22,27,10,10,0,0,0,1,0,0,50,0,0,5,9,2,10.5,0,0,5,7,3,11.0,0,12.7,3.7,-1.7,Enrolled
1,8,4,16,1,1,1,23,27,10,10,1,0,0,1,0,0,20,0,0,6,7,6,12.666666666666666,0,0,6,7,5,13.0,0,7.6,2.6,0.32,Graduate
1,1,6,12,1,1,1,13,14,5,5,1,0,0,1,0,0,18,0,0,8,8,8,13.27625,0,0,8,8,8,13.27625,0,9.4,-0.8,-3.12,Graduate
6,12,1,3,0,1,1,22,27,10,10,0,0,0,1,0,1,48,0,0,6,7,6,10.666666666666666,0,0,6,9,5,11.8,0,10.8,1.4,1.74,Enrolled
5,12,1,4,1,12,1,13,1,10,10,0,0,1,0,0,0,27,0,0,6,6,0,0.0,0,0,6,7,0,0.0,0,8.9,1.4,3.51,Dropout
1,12,1,14,1,1,1,19,24,1,1,0,0,0,1,0,0,25,0,0,5,6,1,11.0,0,0,5,5,0,0.0,0,7.6,2.6,0.32,Dropout
1,12,1,17,0,1,1,22,27,7,7,0,0,1,1,0,0,36,0,0,5,5,0,0.0,0,0,5,5,0,0.0,0,12.7,3.7,-1.7,Dropout
1,8,6,14,1,1,1,4,1,4,11,0,0,0,1,0,0,20,0,0,6,9,6,12.375,0,0,6,7,6,13.142857142857142,0,11.1,0.6,2.02,Graduate
1,4,1,12,1,3,1,22,27,10,6,0,0,0,1,0,0,36,0,0,7,7,0,0.0,7,0,7,7,0,0.0,7,16.2,0.3,-0.92,Dropout
1,1,1,14,1,1,1,1,1,10,2,1,0,0,1,0,1,20,0,0,6,8,4,11.75,0,0,6,10,6,12.666666666666666,0,10.8,1.4,1.74,Graduate
1,14,2,10,1,1,1,13,14,5,6,1,0,0,1,0,0,24,0,6,10,16,10,12.5,0,2,7,9,4,12.6,0,16.2,0.3,-0.92,Graduate
1,1,1,2,1,1,1,1,14,15,16,1,1,0,1,0,0,19,0,0,0,0,0,0.0,0,0,0,0,0,0.0,0,13.9,-0.3,0.79,Dropout
1,1,2,11,1,1,1,1,14,10,10,1,0,0,1,0,1,19,0,0,6,8,6,13.0,0,0,6,6,6,12.166666666666666,0,8.9,1.4,3.51,Graduate
1,4,1,16,1,3,1,13,14,5,6,0,0,1,0,0,0,25,0,1,6,7,6,14.428571428571429,0,0,6,7,6,13.666666666666666,0,10.8,1.4,1.74,Graduate
2,12,1,3,0,12,1,19,24,1,1,0,0,0,1,0,0,46,0,0,6,9,6,13.333333333333334,0,0,6,6,6,11.833333333333334,0,7.6,2.6,0.32,Graduate
1,8,1,10,1,1,1,13,1,1,6,1,0,0,1,0,0,18,0,0,6,9,5,11.833333333333334,0,0,6,7,5,13.8,0,13.9,-0.3,0.79,Graduate
1,8,1,9,1,1,1,3,3,3,3,0,0,0,1,0,0,20,0,0,5,10,4,11.0,0,0,5,7,4,11.5,0,15.5,2.8,-4.06,Enrolled
1,8,5,9,1,1,1,1,28,5,6,1,0,0,1,0,1,19,0,0,5,12,2,10.0,0,0,5,11,4,11.75,0,11.1,0.6,2.02,Enrolled
1,1,4,12,1,1,1,23,1,6,7,1,0,0,1,0,0,18,0,0,7,9,7,14.711111111111112,0,0,8,9,8,14.627777777777778,0,15.5,2.8,-4.06,Graduate
1,8,6,9,1,1,1,22,27,10,10,1,0,0,1,0,0,19,0,0,5,7,4,12.5,0,0,5,8,4,10.0,1,7.6,2.6,0.32,Graduate
1,1,3,15,1,1,1,1,14,10,10,1,0,0,1,0,1,20,0,0,6,6,6,13.0,0,0,6,7,6,13.142857142857142,0,12.4,0.5,1.79,Dropout
1,14,1,7,1,1,1,1,1,10,3,0,0,1,0,1,0,27,0,0,5,5,0,0.0,0,0,5,7,0,0.0,0,13.9,-0.3,0.79,Enrolled
1,8,2,11,1,1,1,13,14,8,8,1,0,0,1,0,1,18,0,0,6,9,1,10.0,1,0,6,6,0,0.0,0,12.7,3.7,-1.7,Dropout
1,1,1,15,1,1,1,1,14,10,8,0,0,0,1,0,0,19,0,0,6,6,6,11.666666666666666,0,0,6,6,6,11.5,0,12.7,3.7,-1.7,Graduate
1,8,5,14,1,1,1,13,21,8,8,1,0,0,1,0,1,19,0,0,5,8,3,10.5,0,0,5,6,4,11.75,1,7.6,2.6,0.32,Enrolled
1,1,6,9,1,1,1,1,27,5,10,1,0,1,1,0,0,22,0,0,5,5,5,13.8,0,0,5,5,5,13.0,0,7.6,2.6,0.32,Graduate
1,8,1,12,1,1,1,2,28,3,11,1,0,0,1,0,0,18,0,0,7,9,7,12.50625,0,0,8,15,5,13.2,0,13.9,-0.3,0.79,Enrolled
1,1,1,10,1,1,1,22,28,10,9,1,0,0,1,0,1,18,0,0,6,8,6,15.5,0,0,6,7,6,14.285714285714286,0,16.2,0.3,-0.92,Graduate
1,1,5,12,1,1,1,1,1,4,9,1,0,0,1,0,0,18,0,0,7,9,6,12.183333333333332,0,0,7,9,6,11.783333333333331,0,16.2,0.3,-0.92,Enrolled
1,1,1,12,1,1,1,3,14,4,11,0,0,0,1,1,0,19,0,0,8,8,7,14.535714285714286,0,0,8,8,7,14.535714285714286,0,10.8,1.4,1.74,Graduate
1,8,1,5,1,1,1,3,3,4,4,0,0,0,1,1,0,18,0,0,6,6,6,16.0,0,0,6,6,6,13.666666666666666,0,12.4,0.5,1.79,Graduate
1,8,2,7,1,1,1,13,1,10,8,0,0,0,1,1,0,19,0,0,5,0,0,0.0,0,0,5,0,0,0.0,0,16.2,0.3,-0.92,Dropout
1,1,1,2,1,1,1,22,27,4,6,0,0,0,1,1,0,19,0,0,0,0,0,0.0,0,0,0,0,0,0.0,0,13.9,-0.3,0.79,Dropout
1,8,2,15,1,1,1,1,1,3,6,1,0,0,0,1,0,18,0,0,6,6,0,0.0,0,0,6,0,0,0.0,0,8.9,1.4,3.51,Dropout
1,1,1,9,1,1,1,5,1,2,6,0,0,0,1,1,0,18,0,0,5,5,5,13.0,0,0,5,6,5,13.333333333333334,0,16.2,0.3,-0.92,Graduate
1,12,1,9,1,9,1,13,27,8,10,0,0,0,1,0,0,31,0,0,5,8,1,13.0,2,0,5,9,4,12.25,0,10.8,1.4,1.74,Dropout
1,1,2,15,1,1,1,13,28,4,10,1,0,0,1,0,0,18,0,0,6,8,4,12.5,0,0,6,6,5,12.6,0,12.7,3.7,-1.7,Graduate
1,14,1,15,1,1,1,1,1,5,9,0,0,0,0,0,0,21,0,0,6,7,6,12.0,0,0,6,6,6,12.0,0,10.8,1.4,1.74,Dropout
1,1,2,12,1,1,1,23,28,10,8,1,0,0,1,0,0,19,0,0,7,7,6,12.766666666666666,0,0,7,7,6,12.766666666666666,0,7.6,2.6,0.32,Graduate
2,12,1,17,0,14,1,23,14,10,6,0,0,0,1,0,1,35,0,0,5,9,3,11.666666666666666,0,0,5,7,5,11.8,0,12.7,3.7,-1.7,Enrolled
1,1,4,11,1,1,1,23,26,10,10,1,0,0,1,0,1,18,0,0,6,7,6,11.333333333333334,0,0,6,9,6,10.833333333333334,0,9.4,-0.8,-3.12,Graduate
1,8,6,14,1,1,1,23,14,1,2,0,0,0,0,1,0,19,0,0,6,9,4,11.25,0,0,6,11,3,10.166666666666666,0,10.8,1.4,1.74,Dropout
1,1,1,10,1,1,1,1,1,6,6,0,0,0,1,1,0,20,0,0,6,13,1,14.0,0,0,6,7,0,0.0,0,16.2,0.3,-0.92,Dropout
1,15,1,3,0,14,1,1,27,10,8,0,0,0,1,0,1,21,0,3,6,6,6,14.666666666666666,0,2,6,6,6,13.833333333333334,0,12.4,0.5,1.79,Graduate
1,8,3,7,1,1,1,3,1,4,4,1,0,0,0,1,0,18,0,0,5,8,5,12.5,0,0,5,7,5,13.571428571428571,0,12.4,0.5,1.79,Dropout
1,1,1,10,1,1,1,1,14,10,10,0,0,0,1,1,1,20,0,0,6,11,5,11.142857142857142,0,0,6,9,6,11.571428571428571,0,16.2,0.3,-0.92,Graduate
1,1,3,15,1,1,1,19,1,6,11,1,0,0,0,1,0,19,0,0,4,8,0,0.0,1,0,6,0,0,0.0,0,9.4,-0.8,-3.12,Dropout
1,8,1,14,1,1,1,1,1,5,9,0,0,1,0,1,0,20,0,0,6,7,5,12.4,0,0,6,8,4,13.0,0,13.9,-0.3,0.79,Enrolled
1,1,1,15,1,1,1,23,1,6,8,1,0,0,1,1,1,18,0,0,6,7,6,12.714285714285714,0,0,6,8,5,11.833333333333334,0,13.9,-0.3,0.79,Graduate
1,1,4,9,1,1,1,1,1,10,8,1,0,0,1,0,1,18,0,0,5,7,5,12.0,0,0,5,10,5,11.4,0,8.9,1.4,3.51,Graduate
1,1,1,10,1,1,1,13,28,10,8,1,0,0,1,0,1,22,0,0,6,6,6,12.166666666666666,0,0,6,6,6,12.5,0,12.4,0.5,1.79,Graduate
1,8,1,16,1,1,1,23,28,10,10,0,0,1,1,0,1,18,0,0,7,7,7,12.714285714285714,0,0,7,7,7,12.285714285714286,0,16.2,0.3,-0.92,Graduate
1,1,1,14,1,1,1,22,14,8,8,0,0,0,1,0,0,20,0,0,6,9,6,13.571428571428571,0,0,6,10,5,13.6,0,15.5,2.8,-4.06,Enrolled
1,8,2,2,1,1,1,3,3,4,4,1,0,0,1,0,0,18,0,0,0,0,0,0.0,0,0,0,0,0,0.0,0,13.9,-0.3,0.79,Graduate
1,1,5,15,1,1,1,13,28,4,6,1,0,0,1,0,0,20,0,0,6,7,6,13.833333333333334,0,0,6,6,6,12.833333333333334,0,11.1,0.6,2.02,Graduate
1,1,4,12,1,1,1,1,14,5,8,1,0,0,1,0,0,18,0,0,7,0,0,0.0,0,0,8,0,0,0.0,0,15.5,2.8,-4.06,Dropout
1,1,2,5,1,1,1,1,14,4,4,1,0,0,0,0,0,18,0,1,6,8,6,11.714285714285714,1,0,6,11,4,11.333333333333334,0,13.9,-0.3,0.79,Dropout
1,8,3,5,1,1,1,3,1,5,5,1,0,0,1,0,0,19,0,0,6,6,6,13.5,0,0,6,7,6,13.428571428571429,0,8.9,1.4,3.51,Graduate
1,1,1,11,1,1,1,23,27,10,8,0,0,0,1,1,1,19,0,0,6,6,6,13.0,0,0,6,6,6,13.166666666666666,0,12.4,0.5,1.79,Graduate
2,12,1,12,1,1,1,22,27,10,10,0,0,0,0,1,0,37,0,0,7,10,5,13.0,0,0,7,9,5,12.88,0,11.1,0.6,2.02,Dropout
1,8,1,2,1,1,1,22,27,8,10,1,0,0,1,1,0,24,0,12,17,19,13,11.642857142857142,0,12,17,25,12,11.25,0,11.1,0.6,2.02,Dropout
1,1,1,14,1,1,1,1,1,10,9,1,0,0,1,1,1,17,0,0,6,8,6,14.875,0,0,6,8,6,13.428571428571429,0,11.1,0.6,2.02,Graduate
1,9,3,7,1,1,1,1,14,10,9,1,0,0,1,1,0,18,0,0,5,10,4,11.6,0,0,5,9,3,14.2,0,12.4,0.5,1.79,Dropout
1,1,1,12,1,1,1,10,1,5,11,0,0,0,1,1,0,20,0,0,7,9,5,12.7,0,0,8,9,7,13.475,0,13.9,-0.3,0.79,Enrolled
1,14,1,9,1,1,1,22,27,6,4,0,0,0,1,1,0,22,0,0,5,9,3,13.0,0,0,5,9,3,11.666666666666666,0,12.7,3.7,-1.7,Dropout
1,8,1,14,1,1,1,22,28,4,4,0,0,1,1,1,0,19,0,0,6,7,6,13.166666666666666,0,0,6,9,5,13.2,0,8.9,1.4,3.51,Enrolled
1,15,1,6,1,14,1,23,28,5,2,1,0,0,1,1,0,20,0,1,6,11,6,13.8,0,1,6,7,6,13.142857142857142,0,16.2,0.3,-0.92,Graduate
1,15,1,7,1,14,1,13,3,4,5,0,0,1,0,1,0,23,0,0,5,5,0,0.0,0,0,5,5,0,0.0,0,15.5,2.8,-4.06,Dropout
1,1,1,14,1,1,1,3,27,5,8,0,0,0,1,1,1,20,0,0,6,7,6,14.833333333333334,0,0,6,6,6,14.833333333333334,0,12.7,3.7,-1.7,Graduate
1,4,1,17,0,15,1,1,3,5,3,0,0,0,1,1,0,27,0,0,5,0,0,0.0,0,0,5,0,0,0.0,0,8.9,1.4,3.51,Dropout
1,7,4,15,1,1,1,22,27,10,4,1,0,0,1,0,1,18,0,0,6,7,6,12.666666666666666,0,0,6,8,5,12.8,0,10.8,1.4,1.74,Graduate
1,8,3,15,1,1,1,2,1,4,4,1,0,0,1,1,0,18,0,0,6,7,6,13.166666666666666,0,0,6,7,6,12.666666666666666,0,16.2,0.3,-0.92,Graduate
1,8,2,15,1,1,1,13,1,10,10,1,0,0,1,1,0,20,0,0,6,6,6,11.833333333333334,0,0,6,6,6,12.166666666666666,0,12.7,3.7,-1.7,Graduate
1,1,1,2,1,1,1,1,27,10,10,0,0,1,1,1,0,19,0,0,0,0,0,0.0,0,0,0,0,0,0.0,0,15.5,2.8,-4.06,Enrolled
1,8,1,14,1,1,1,13,1,6,5,0,0,1,1,1,0,18,0,0,6,6,3,12.666666666666666,0,0,6,11,4,11.142857142857142,0,10.8,1.4,1.74,Dropout
1,6,1,6,1,1,14,22,27,10,10,0,0,0,1,0,0,18,1,0,6,13,4,12.25,0,0,6,15,5,11.0,0,11.1,0.6,2.02,Dropout
1,1,3,15,1,1,1,23,14,8,8,1,0,1,0,0,0,19,0,0,6,7,6,12.166666666666666,0,0,6,10,2,10.333333333333334,0,16.2,0.3,-0.92,Dropout
1,15,1,10,1,14,1,22,14,29,15,1,0,1,1,0,0,21,0,3,6,8,3,12.0,0,2,6,6,2,12.5,0,12.4,0.5,1.79,Enrolled
1,1,2,6,1,1,1,1,14,5,11,1,0,0,1,0,1,19,0,0,5,10,3,12.666666666666666,1,0,5,7,3,13.0,0,12.7,3.7,-1.7,Graduate
1,8,1,6,1,1,6,22,27,10,10,1,0,0,1,0,0,19,1,0,6,13,6,16.0,0,0,6,8,6,14.5,0,15.5,2.8,-4.06,Graduate
1,15,1,6,1,14,1,13,27,5,8,1,0,0,1,0,0,19,0,2,6,8,6,14.142857142857142,0,1,6,7,6,13.0,0,13.9,-0.3,0.79,Graduate
1,8,5,7,1,1,1,13,1,5,6,1,0,1,0,1,0,26,0,0,5,11,1,10.0,0,0,5,14,1,11.0,0,8.9,1.4,3.51,Dropout
1,1,1,12,1,1,1,23,28,6,11,0,0,0,1,1,0,20,0,0,7,14,5,12.87857142857143,0,0,8,15,7,11.85625,0,15.5,2.8,-4.06,Graduate
1,1,1,9,1,1,1,1,1,5,3,1,0,0,1,1,0,20,0,0,5,0,0,0.0,0,0,5,0,0,0.0,0,8.9,1.4,3.51,Dropout
1,1,2,9,1,1,1,22,1,6,4,1,0,0,1,1,0,20,0,0,5,9,2,14.333333333333334,0,0,5,10,2,12.5,0,7.6,2.6,0.32,Enrolled
1,14,1,9,1,1,1,1,28,2,8,0,0,0,1,1,0,21,0,0,5,11,2,10.5,0,0,5,13,0,0.0,0,12.7,3.7,-1.7,Dropout
1,12,1,4,1,9,1,13,1,10,2,0,0,0,1,1,0,29,0,0,6,17,0,0.0,2,0,6,8,0,0.0,0,15.5,2.8,-4.06,Dropout
1,8,6,14,1,1,1,23,1,10,8,1,0,0,1,1,0,20,0,0,6,8,4,14.25,0,0,6,10,5,14.0,0,10.8,1.4,1.74,Graduate
1,1,1,4,1,1,1,23,28,5,9,0,0,1,1,1,0,21,0,8,12,13,12,14.538461538461538,0,4,12,14,12,14.461538461538462,0,15.5,2.8,-4.06,Graduate
1,8,3,7,1,1,1,22,27,10,8,0,0,0,1,1,0,18,0,0,5,10,0,0.0,0,0,5,10,2,11.5,4,7.6,2.6,0.32,Dropout
1,1,1,10,1,1,1,1,14,5,10,0,0,0,1,0,1,20,0,0,6,6,6,11.666666666666666,0,0,6,8,6,11.166666666666666,0,15.5,2.8,-4.06,Graduate
1,1,1,12,1,1,1,22,28,7,7,1,0,0,1,0,1,22,0,0,7,9,6,13.081666666666669,0,0,8,12,6,13.15,0,11.1,0.6,2.02,Graduate
1,8,1,15,1,1,1,22,1,10,9,1,0,1,0,0,0,19,0,0,6,6,3,11.333333333333334,0,0,6,6,0,0.0,0,12.4,0.5,1.79,Dropout
1,1,3,15,1,1,1,1,1,5,5,1,0,0,1,0,1,18,0,0,6,6,6,13.166666666666666,0,0,6,7,5,13.2,0,12.4,0.5,1.79,Dropout
1,8,1,15,1,1,1,13,28,6,8,1,0,0,1,1,0,19,0,0,6,6,0,0.0,0,0,6,0,0,0.0,0,8.9,1.4,3.51,Dropout
1,9,1,12,1,1,1,22,27,7,7,1,0,0,1,0,1,19,0,0,8,8,7,13.542857142857144,0,0,8,8,7,13.542857142857144,0,12.7,3.7,-1.7,Graduate
2,14,1,17,0,1,1,22,27,10,10,1,0,0,1,0,0,38,0,4,10,14,4,10.75,0,2,10,10,2,10.0,0,7.6,2.6,0.32,Dropout
1,12,1,3,0,1,1,22,27,10,9,0,0,1,0,0,0,44,0,2,8,12,4,12.0,2,2,7,9,4,12.0,2,8.9,1.4,3.51,Dropout
1,12,1,11,1,1,1,3,14,4,6,0,0,0,0,1,0,24,0,0,6,0,0,0.0,0,0,6,0,0,0.0,0,11.1,0.6,2.02,Dropout
1,15,1,8,1,14,1,23,14,10,10,0,0,0,1,1,0,24,0,2,6,8,4,11.75,0,1,6,8,2,13.5,0,11.1,0.6,2.02,Dropout
1,14,1,5,1,1,1,22,27,10,10,1,0,0,1,1,0,34,0,7,12,12,7,11.428571428571429,0,4,12,12,7,11.857142857142858,0,7.6,2.6,0.32,Enrolled
2,12,1,4,1,1,1,2,2,2,5,0,0,0,1,1,0,30,0,3,12,12,3,12.0,0,5,12,16,5,11.8,0,15.5,2.8,-4.06,Dropout
1,8,1,9,1,1,1,3,28,2,10,0,0,0,0,1,0,19,0,0,5,13,4,10.0,0,0,5,7,3,11.333333333333334,0,15.5,2.8,-4.06,Dropout
1,14,1,15,1,1,1,22,28,10,6,1,0,0,0,1,0,26,0,0,6,12,3,12.0,0,0,6,15,0,0.0,0,9.4,-0.8,-3.12,Dropout
1,1,1,15,1,1,1,13,28,10,10,0,0,0,1,1,1,18,0,0,6,6,5,12.0,0,0,6,6,6,12.833333333333334,0,12.7,3.7,-1.7,Graduate
1,8,1,12,1,1,1,13,14,5,10,0,0,0,1,1,0,21,0,0,8,8,7,14.54,0,0,8,8,7,14.54,0,10.8,1.4,1.74,Graduate
1,14,4,12,1,6,1,23,27,6,10,1,0,0,1,0,1,19,0,0,7,7,6,13.55,0,0,7,7,6,13.55,0,7.6,2.6,0.32,Graduate
1,1,2,11,1,1,1,1,14,6,8,1,0,0,1,0,1,20,0,0,6,6,6,13.833333333333334,0,0,6,6,6,15.0,0,11.1,0.6,2.02,Graduate
1,8,5,5,1,1,1,13,1,6,6,1,0,0,1,1,0,22,0,0,6,6,1,11.0,0,0,6,6,0,0.0,0,9.4,-0.8,-3.12,Enrolled
2,12,1,9,1,1,1,22,27,7,11,0,0,0,1,0,0,35,0,0,5,6,4,14.2,0,0,5,10,4,11.857142857142858,0,10.8,1.4,1.74,Enrolled
1,1,1,10,1,1,1,3,28,2,6,1,0,0,1,0,0,22,0,0,6,11,4,12.5,1,0,6,13,3,13.666666666666666,0,9.4,-0.8,-3.12,Enrolled
1,1,1,10,1,1,1,13,14,6,6,1,0,0,1,0,1,18,0,0,6,10,4,12.4,0,0,6,8,6,12.5,0,12.4,0.5,1.79,Graduate
1,1,1,8,1,1,1,3,1,5,10,1,0,0,1,0,0,18,0,0,6,8,6,14.5,0,0,6,9,6,12.857142857142858,0,13.9,-0.3,0.79,Graduate
1,4,1,17,0,15,1,13,14,8,4,0,0,0,1,0,0,26,0,5,10,13,8,12.666666666666666,0,5,10,12,10,13.4,0,11.1,0.6,2.02,Graduate
1,8,1,6,1,1,1,22,28,8,10,0,0,0,1,0,0,19,0,0,5,11,4,13.6,2,0,5,9,4,12.2,0,9.4,-0.8,-3.12,Graduate
4,12,1,15,1,13,1,13,14,8,10,0,0,0,1,0,0,40,0,0,6,8,5,13.0,0,0,6,7,5,12.6,0,16.2,0.3,-0.92,Enrolled
1,1,1,2,1,1,1,3,1,3,5,1,0,0,1,0,0,20,0,5,12,13,12,11.23076923076923,0,3,11,18,9,12.77777777777778,0,11.1,0.6,2.02,Graduate
2,12,1,6,1,1,1,22,27,12,11,0,0,0,1,1,0,34,0,0,6,0,0,0.0,0,0,6,0,0,0.0,0,10.8,1.4,1.74,Dropout
4,1,1,17,0,1,1,22,27,10,8,0,0,0,1,0,1,38,0,0,5,8,5,11.0,0,0,5,7,5,11.4,0,9.4,-0.8,-3.12,Enrolled
1,8,1,10,1,1,1,22,27,10,10,1,0,0,1,0,1,21,0,0,6,8,1,10.0,0,0,6,13,5,11.4,0,12.7,3.7,-1.7,Enrolled
1,1,1,12,1,1,1,23,27,10,8,1,0,0,1,0,1,20,0,0,8,8,7,13.817142857142857,0,0,8,8,7,13.817142857142857,0,10.8,1.4,1.74,Graduate
1,1,2,11,1,1,1,1,28,5,10,1,0,0,1,0,0,18,0,0,6,10,4,11.75,0,0,6,13,4,10.0,0,7.6,2.6,0.32,Dropout
1,15,1,8,1,14,1,1,27,4,4,1,0,1,0,0,0,36,0,2,6,9,6,12.0,0,1,6,8,3,14.666666666666666,0,12.4,0.5,1.79,Dropout
1,12,1,12,1,1,1,23,27,6,8,1,0,0,1,0,1,25,0,0,8,11,7,13.29,3,0,8,11,7,13.29,3,9.4,-0.8,-3.12,Enrolled
2,4,1,10,1,3,1,22,14,5,6,0,0,0,1,0,0,38,0,0,6,17,4,13.75,0,0,6,15,6,14.5,0,16.2,0.3,-0.92,Graduate
1,8,1,6,1,1,1,22,27,10,10,1,0,0,1,0,1,23,0,0,6,6,6,14.666666666666666,0,0,6,8,6,12.428571428571429,0,8.9,1.4,3.51,Graduate
1,8,5,12,1,1,1,13,1,6,4,1,0,0,1,0,1,19,0,0,8,8,7,12.485714285714286,0,0,8,8,7,12.485714285714286,0,12.7,3.7,-1.7,Graduate
1,14,1,3,0,9,1,19,24,1,13,0,0,0,1,0,0,29,0,0,6,10,6,11.666666666666666,0,0,6,7,6,11.0,0,7.6,2.6,0.32,Graduate
4,12,1,6,1,1,1,22,27,10,10,0,0,0,0,0,1,44,0,0,6,12,4,12.75,0,0,6,15,2,10.0,0,8.9,1.4,3.51,Enrolled
1,15,1,17,0,14,1,22,27,8,8,1,0,0,1,0,1,23,0,2,6,8,5,11.8,0,2,6,8,6,12.333333333333334,0,9.4,-0.8,-3.12,Graduate
1,1,1,15,1,1,1,22,27,1,6,1,0,0,1,0,0,20,0,0,4,8,0,0.0,0,0,4,8,0,0.0,0,7.6,2.6,0.32,Dropout
1,1,2,12,1,1,1,22,27,8,8,1,0,0,1,0,1,20,0,0,7,9,7,14.093333333333332,0,0,8,8,8,15.0,0,11.1,0.6,2.02,Graduate
1,12,1,13,1,1,1,29,30,3,3,0,0,0,1,0,0,36,0,0,7,13,5,12.2,0,0,7,14,3,11.4,0,11.1,0.6,2.02,Dropout
1,1,1,10,1,1,1,23,28,1,8,1,0,0,1,0,0,19,0,0,6,8,5,11.0,0,0,6,13,5,11.4,0,7.6,2.6,0.32,Graduate
1,13,1,11,1,1,1,23,27,2,2,1,0,0,1,0,0,28,0,8,14,22,12,12.333333333333334,0,3,12,20,8,12.0,0,9.4,-0.8,-3.12,Graduate
2,12,1,3,0,1,1,22,27,6,5,0,0,0,1,0,0,45,0,0,6,8,5,13.6,0,0,6,7,5,13.0,0,15.5,2.8,-4.06,Enrolled
1,1,3,12,1,1,1,22,27,10,10,1,0,1,0,0,0,19,0,0,8,8,7,13.327142857142857,0,0,8,8,7,13.327142857142857,0,10.8,1.4,1.74,Dropout
1,1,1,2,1,1,1,3,3,3,6,1,0,0,1,0,0,19,0,6,12,13,12,12.333333333333334,0,4,11,12,10,12.727272727272728,0,8.9,1.4,3.51,Dropout
1,9,4,16,1,1,1,13,27,10,7,1,0,1,0,0,0,20,0,0,7,9,0,0.0,0,0,6,6,0,0.0,0,11.1,0.6,2.02,Dropout
1,12,1,4,1,1,1,22,27,10,10,0,0,1,0,0,0,48,0,0,6,6,0,0.0,0,0,6,6,0,0.0,0,11.1,0.6,2.02,Dropout
1,12,1,9,1,12,1,23,14,8,10,0,0,1,0,1,0,28,0,0,5,7,1,11.0,0,0,5,9,0,0.0,0,10.8,1.4,1.74,Dropout
1,8,6,9,1,1,1,22,27,10,10,1,0,0,1,1,0,25,0,13,15,15,13,10.76923076923077,0,11,14,15,12,11.833333333333334,0,7.6,2.6,0.32,Dropout
1,12,1,17,0,12,1,22,27,10,7,0,0,1,1,0,0,28,0,0,5,14,2,10.5,0,0,5,6,0,0.0,0,12.4,0.5,1.79,Dropout
1,1,1,10,1,1,1,22,1,10,10,1,0,0,1,0,0,18,0,0,6,8,5,13.2,0,0,6,6,6,11.333333333333334,0,9.4,-0.8,-3.12,Graduate
1,8,5,10,1,1,1,23,27,10,10,0,0,1,0,0,0,21,0,0,6,10,5,11.833333333333334,0,0,6,10,5,13.2,0,13.9,-0.3,0.79,Dropout
1,12,1,3,0,1,1,13,27,8,9,0,0,1,0,0,0,31,0,0,6,14,2,10.5,0,0,6,6,3,12.333333333333334,0,11.1,0.6,2.02,Dropout
1,8,1,6,1,1,1,13,14,2,2,1,0,0,1,1,0,18,0,0,6,10,6,14.7,0,0,6,10,6,12.0,0,16.2,0.3,-0.92,Graduate
5,4,1,12,1,15,1,22,27,5,10,0,0,0,1,0,0,29,0,1,8,11,7,13.742857142857144,0,1,8,11,7,13.742857142857144,0,12.7,3.7,-1.7,Graduate
1,8,6,12,1,1,1,23,1,10,11,1,0,0,1,0,0,18,0,0,7,8,7,12.217142857142855,0,0,8,11,7,12.11875,0,11.1,0.6,2.02,Graduate
1,1,1,10,1,1,1,13,14,10,8,0,0,0,1,0,1,18,0,0,6,6,6,14.333333333333334,0,0,6,7,6,14.142857142857142,0,15.5,2.8,-4.06,Graduate
1,1,1,9,1,1,1,22,1,5,11,0,0,0,1,0,0,18,0,0,5,6,4,11.25,0,0,5,8,5,11.0,0,10.8,1.4,1.74,Enrolled
1,1,4,12,1,1,1,23,1,10,11,1,0,0,1,0,0,18,0,0,8,8,8,14.88875,0,0,8,8,8,14.88875,0,9.4,-0.8,-3.12,Graduate
1,1,2,15,1,1,1,13,27,10,11,1,0,0,1,0,1,18,0,0,6,7,6,12.666666666666666,0,0,6,6,6,13.333333333333334,0,11.1,0.6,2.02,Graduate
1,1,1,11,1,1,1,22,14,10,10,1,0,0,1,0,1,22,0,0,6,9,6,13.875,0,0,6,6,6,14.333333333333334,0,9.4,-0.8,-3.12,Graduate
1,1,1,15,1,1,1,1,14,5,5,1,0,0,1,1,0,18,0,0,6,6,6,12.833333333333334,0,0,6,7,6,13.285714285714286,0,15.5,2.8,-4.06,Graduate
1,1,1,8,1,1,1,3,28,4,6,1,0,0,1,0,0,18,0,0,5,6,5,11.8,1,0,5,8,5,11.6,0,9.4,-0.8,-3.12,Graduate
1,14,2,12,1,1,1,23,28,10,6,0,0,0,1,0,0,23,0,11,14,15,12,12.625,1,11,14,15,12,12.625,1,7.6,2.6,0.32,Graduate
