8.1,0.28,0.4,6.9,0.05,30.0,97.0,0.9951,3.26,0.44,10.1,6,0
7.0,0.27,0.36,20.7,0.045,45.0,170.0,1.001,3.0,0.45,8.8,6,0
8.1,0.27,0.41,1.45,0.033,11.0,63.0,0.9908,2.99,0.56,12.0,5,0
6.6,0.16,0.4,1.5,0.044,48.0,143.0,0.9912,3.54,0.52,12.4,7,0
8.3,0.42,0.62,19.25,0.04,41.0,172.0,1.0002,2.98,0.67,9.7,5,0
6.9,0.24,0.35,1.0,0.052,35.0,146.0,0.993,3.45,0.44,10.0,6,0
7.4,0.27,0.48,1.1,0.047,17.0,132.0,0.9914,3.19,0.49,11.6,6,0
7.2,0.32,0.36,2.0,0.033,37.0,114.0,0.9906,3.1,0.71,12.3,7,0
8.5,0.24,0.39,10.4,0.044,20.0,142.0,0.9974,3.2,0.53,10.0,6,0
6.7,0.23,0.39,2.5,0.172,63.0,158.0,0.9937,3.11,0.36,9.4,6,0
6.6,0.24,0.27,1.4,0.057,33.0,152.0,0.9934,3.22,0.56,9.5,6,0
7.1,0.26,0.29,12.4,0.044,62.0,240.0,0.9969,3.04,0.42,9.2,6,0
7.4,0.25,0.37,13.5,0.06,52.0,192.0,0.9975,3.0,0.44,9.1,5,0
7.2,0.31,0.5,13.3,0.056,68.0,195.0,0.9982,3.01,0.47,9.2,5,0
7.4,0.16,0.31,6.85,0.059,31.0,131.0,0.9952,3.29,0.34,9.7,5,0
6.1,0.3,0.56,2.7,0.046,46.0,184.0,0.9924,3.31,0.57,10.9,6,0
6.5,0.24,0.32,7.6,0.038,48.0,203.0,0.9958,3.45,0.54,9.7,7,0
6.8,0.19,0.36,1.9,0.035,30.0,96.0,0.9917,3.15,0.54,10.8,7,0
7.2,0.18,0.41,1.2,0.048,41.0,97.0,0.9919,3.14,0.45,10.4,5,0
6.9,0.23,0.4,7.5,0.04,50.0,151.0,0.9927,3.11,0.27,11.4,6,0
6.9,0.27,0.4,14.0,0.05,64.0,227.0,0.9979,3.18,0.58,9.6,6,0
6.5,0.28,0.28,8.5,0.047,54.0,210.0,0.9962,3.09,0.54,8.9,4,1
5.7,0.28,0.24,17.5,0.044,60.0,167.0,0.9989,3.31,0.44,9.4,5,0
7.1,0.25,0.32,10.3,0.041,66.0,272.0,0.9969,3.17,0.52,9.1,6,0
7.7,0.31,0.26,7.8,0.031,23.0,90.0,0.9944,3.13,0.5,10.4,5,0
6.8,0.24,0.34,2.7,0.047,64.5,218.5,0.9934,3.3,0.58,9.7,6,0
6.3,0.35,0.3,5.7,0.035,8.0,97.0,0.9927,3.27,0.41,11.0,7,0
6.9,0.29,0.4,19.45,0.043,36.0,156.0,0.9996,2.93,0.47,8.9,5,0
7.0,0.3,0.49,4.7,0.036,17.0,105.0,0.9916,3.26,0.68,12.4,7,0
7.2,0.23,0.39,14.2,0.058,49.0,192.0,0.9979,2.98,0.48,9.0,7,0
8.3,0.2,0.35,0.9,0.05,12.0,74.0,0.992,3.13,0.38,10.5,6,0
5.7,0.36,0.21,6.7,0.038,51.0,166.0,0.9941,3.29,0.63,10.0,6,0
5.8,0.34,0.21,6.6,0.04,50.0,167.0,0.9941,3.29,0.62,10.0,5,0
6.8,0.25,0.34,4.7,0.031,34.0,134.0,0.9927,3.21,0.38,10.6,6,0
6.8,0.28,0.44,9.3,0.031,35.0,137.0,0.9946,3.16,0.36,10.4,6,0
5.8,0.27,0.27,12.3,0.045,55.0,170.0,0.9972,3.28,0.42,9.3,6,0
6.4,0.24,0.32,14.9,0.047,54.0,162.0,0.9968,3.28,0.5,10.2,6,0
7.1,0.365,0.14,1.2,0.055,24.0,84.0,0.9941,3.15,0.43,8.9,5,0
6.4,0.31,0.28,1.5,0.037,12.0,119.0,0.9919,3.32,0.51,10.4,7,0
7.3,0.2,0.44,1.4,0.045,21.0,98.0,0.9924,3.15,0.46,10.0,7,0
7.5,0.35,0.28,9.6,0.051,26.0,157.0,0.9969,3.12,0.53,9.2,6,0
5.1,0.33,0.22,1.6,0.027,18.0,89.0,0.9893,3.51,0.38,12.5,7,0
7.2,0.19,0.39,1.2,0.036,32.0,85.0,0.9918,3.16,0.5,10.5,5,0
7.0,0.21,0.28,8.6,0.045,37.0,221.0,0.9954,3.25,0.54,10.4,6,0
7.0,0.21,0.28,8.7,0.045,37.0,222.0,0.9954,3.25,0.54,10.4,6,0
7.0,0.23,0.36,7.1,0.028,31.0,104.0,0.9922,3.35,0.47,12.1,8,1
5.8,0.28,0.27,2.6,0.054,30.0,156.0,0.9914,3.53,0.42,12.4,5,0
7.1,0.21,0.27,8.6,0.056,26.0,111.0,0.9956,2.95,0.52,9.5,5,0
5.5,0.16,0.22,4.5,0.03,30.0,102.0,0.9938,3.24,0.36,9.4,6,0
6.4,0.3,0.3,2.25,0.038,8.0,210.0,0.9937,3.2,0.62,9.9,6,0
6.0,0.24,0.27,1.9,0.048,40.0,170.0,0.9938,3.64,0.54,10.0,7,0
6.8,0.18,0.37,1.6,0.055,47.0,154.0,0.9934,3.08,0.45,9.1,5,0
7.9,0.19,0.26,2.1,0.039,8.0,143.0,0.9942,3.05,0.74,9.8,5,0
6.9,0.25,0.4,1.3,0.038,22.0,101.0,0.9901,3.03,0.39,11.4,6,0
5.6,0.19,0.47,4.5,0.03,19.0,112.0,0.9922,3.56,0.45,11.2,6,0
6.4,0.1,0.35,4.9,0.048,31.0,103.0,0.9947,3.43,0.79,9.7,6,0
7.8,0.28,0.34,1.6,0.028,32.0,118.0,0.9901,3.0,0.38,12.1,7,0
6.7,0.34,0.54,16.3,0.047,44.0,181.0,0.9987,3.04,0.56,8.8,5,0
6.9,0.28,0.27,2.1,0.036,42.0,121.0,0.9926,3.42,0.49,10.8,7,0
7.1,0.31,0.5,14.5,0.059,6.0,148.0,0.9983,2.94,0.44,9.1,5,0
5.9,0.27,0.29,11.4,0.036,31.0,115.0,0.9949,3.35,0.48,10.5,8,1
6.3,0.26,0.49,1.5,0.052,34.0,134.0,0.9924,2.99,0.61,9.8,6,0
7.4,0.19,0.3,1.4,0.057,33.0,135.0,0.993,3.12,0.5,9.6,6,0
6.6,0.27,0.25,3.1,0.052,41.0,188.0,0.9915,3.24,0.4,11.3,5,0
7.0,0.57,0.1,8.3,0.094,23.0,188.0,0.9972,3.4,0.47,9.2,4,1
6.1,0.14,0.25,1.3,0.047,37.0,173.0,0.9925,3.35,0.46,10.0,6,0
8.1,0.46,0.31,1.7,0.052,50.0,183.0,0.9923,3.03,0.42,11.2,5,0
6.7,0.17,0.37,2.0,0.039,34.0,125.0,0.9922,3.26,0.6,10.8,7,0
7.2,0.18,0.45,4.4,0.046,57.0,166.0,0.9943,3.13,0.62,11.2,6,0
8.2,0.27,0.43,1.6,0.035,31.0,128.0,0.9916,3.1,0.5,12.3,6,0
6.4,0.16,0.31,5.3,0.043,42.0,157.0,0.99455,3.35,0.47,10.5,5,0
8.8,0.28,0.45,6.0,0.022,14.0,49.0,0.9934,3.01,0.33,11.1,7,0
5.0,0.44,0.04,18.6,0.039,38.0,128.0,0.9985,3.37,0.57,10.2,6,0
9.1,0.27,0.45,10.6,0.035,28.0,124.0,0.997,3.2,0.46,10.4,9,0
6.0,0.41,0.05,1.5,0.063,17.0,120.0,0.9932,3.21,0.56,9.2,6,0
7.0,0.21,0.37,7.2,0.042,36.0,167.0,0.9958,3.26,0.56,9.8,6,0
7.1,0.16,0.36,10.7,0.044,20.0,90.0,0.9959,3.16,0.44,10.9,7,0
7.3,0.25,0.36,2.1,0.034,30.0,177.0,0.99085,3.25,0.4,11.9,8,1
6.0,0.2,0.24,1.8,0.03,30.0,105.0,0.9909,3.31,0.47,11.5,6,0
6.9,0.18,0.36,1.3,0.036,40.0,117.0,0.9934,3.27,0.95,9.5,7,0
4.8,0.34,0.0,6.5,0.028,33.0,163.0,0.9939,3.36,0.61,9.9,6,0
4.8,0.33,0.0,6.5,0.028,34.0,163.0,0.9937,3.35,0.61,9.9,5,0
6.0,0.45,0.65,9.7,0.08,11.0,159.0,0.9956,3.04,0.48,9.4,5,0
7.7,0.15,0.29,1.3,0.029,10.0,64.0,0.9932,3.35,0.39,10.1,5,0
7.3,0.26,0.31,1.6,0.04,39.0,173.0,0.9918,3.19,0.51,11.4,6,0
5.0,0.31,0.0,6.4,0.046,43.0,166.0,0.994,3.3,0.63,9.9,6,0
5.8,0.26,0.18,1.2,0.031,40.0,114.0,0.9908,3.42,0.4,11.0,7,0
7.0,0.31,0.29,1.4,0.037,33.0,128.0,0.9896,3.12,0.36,12.2,7,0
7.5,0.24,0.31,13.0,0.049,46.0,217.0,0.9985,3.08,0.53,8.8,5,0
6.2,0.33,0.19,5.6,0.042,22.0,143.0,0.99425,3.15,0.63,9.9,5,0
8.0,0.32,0.26,1.2,0.05,11.5,88.0,0.9946,3.24,0.37,9.5,4,1
5.4,0.595,0.1,2.8,0.042,26.0,80.0,0.9932,3.36,0.38,9.3,5,0
6.7,0.25,0.33,2.9,0.057,52.0,173.0,0.9934,3.02,0.48,9.5,7,0
6.5,0.25,0.35,12.0,0.055,47.0,179.0,0.998,3.58,0.47,10.0,5,0
6.3,0.27,0.46,11.75,0.037,61.0,212.0,0.9971,3.25,0.53,9.5,6,0
6.8,0.705,0.25,3.2,0.048,10.0,57.0,0.996,3.36,0.52,9.5,4,1
7.6,0.22,0.34,9.7,0.035,26.0,143.0,0.9965,3.08,0.49,9.8,6,0
8.0,0.42,0.36,5.0,0.037,34.0,101.0,0.992,3.13,0.57,12.3,7,0
5.1,0.42,0.01,1.5,0.017,25.0,102.0,0.9894,3.38,0.36,12.3,7,0
6.8,0.22,0.35,17.5,0.039,38.0,153.0,0.9994,3.24,0.42,9.0,6,0
6.0,0.19,0.71,1.5,0.152,9.0,55.0,0.9927,3.12,0.46,9.8,6,0
6.9,0.19,0.33,1.6,0.043,63.0,149.0,0.9925,3.44,0.52,10.8,5,0
8.6,0.16,0.38,3.4,0.04,41.0,143.0,0.9932,2.95,0.39,10.2,6,0
7.8,0.27,0.34,1.6,0.046,27.0,154.0,0.9927,3.05,0.45,10.5,6,0
6.0,0.26,0.34,1.3,0.046,6.0,29.0,0.9924,3.29,0.63,10.4,5,0
5.1,0.52,0.06,2.7,0.052,30.0,79.0,0.9932,3.32,0.43,9.3,5,0
7.7,0.16,0.41,1.7,0.048,60.0,173.0,0.9932,3.24,0.66,11.2,7,0
8.3,0.16,0.48,1.7,0.057,31.0,98.0,0.9943,3.15,0.41,10.3,6,0
6.8,0.37,0.47,11.2,0.071,44.0,136.0,0.9968,2.98,0.88,9.2,5,0
7.6,0.19,0.38,10.6,0.06,48.0,174.0,0.9962,3.13,0.38,10.5,6,0
6.2,0.15,0.46,1.6,0.039,38.0,123.0,0.993,3.38,0.51,9.7,6,0
7.1,0.15,0.34,5.3,0.034,33.0,104.0,0.9953,3.37,0.52,9.3,7,0
8.2,0.68,0.3,2.1,0.047,17.0,138.0,0.995,3.22,0.71,10.8,4,1
6.7,0.26,0.26,4.0,0.079,35.5,216.0,0.9956,3.31,0.68,9.5,5,0
8.3,0.22,0.38,14.8,0.054,32.0,126.0,1.0002,3.22,0.5,9.7,5,0
8.3,0.21,0.58,17.1,0.049,62.0,213.0,1.0006,3.01,0.51,9.3,6,0
6.3,0.23,0.21,5.1,0.035,29.0,142.0,0.9942,3.36,0.33,10.1,7,0
6.5,0.29,0.25,10.6,0.039,32.0,120.0,0.9962,3.31,0.34,10.1,6,0
9.0,0.31,0.49,6.9,0.034,26.0,91.0,0.9937,2.99,0.34,11.5,5,0
7.8,0.3,0.29,16.85,0.054,23.0,135.0,0.9998,3.16,0.38,9.0,6,0
5.7,0.26,0.27,4.1,0.201,73.5,189.5,0.9942,3.27,0.38,9.4,6,0
7.5,0.14,0.34,1.3,0.055,50.0,153.0,0.9945,3.29,0.8,9.6,6,0
8.2,0.23,0.49,0.9,0.057,15.0,73.0,0.9928,3.07,0.38,10.4,6,0
6.8,0.25,0.29,2.0,0.042,19.0,189.0,0.9952,3.46,0.54,10.2,6,0
6.2,0.37,0.22,8.3,0.025,36.0,216.0,0.9964,3.33,0.6,9.6,6,0
6.8,0.18,0.37,1.5,0.027,37.0,93.0,0.992,3.3,0.45,10.8,6,0
9.7,0.24,0.45,1.2,0.033,11.0,59.0,0.9926,2.74,0.47,10.8,6,0
8.2,0.37,0.36,1.0,0.034,17.0,93.0,0.9906,3.04,0.32,11.7,8,1
7.3,0.18,0.65,1.4,0.046,28.0,157.0,0.9946,3.33,0.62,9.4,6,0
7.3,0.18,0.65,1.4,0.046,28.0,157.0,0.9946,3.33,0.62,9.4,6,0
6.9,0.31,0.34,7.4,0.059,36.0,174.0,0.9963,3.46,0.62,11.1,7,0
8.0,0.22,0.42,14.6,0.044,45.0,163.0,1.0003,3.21,0.69,8.6,7,0
7.0,0.39,0.31,5.3,0.169,32.0,162.0,0.9965,3.2,0.48,9.4,5,0
7.8,0.23,0.28,4.75,0.042,45.0,166.0,0.9928,2.96,0.4,11.5,5,0
7.9,0.14,0.45,1.8,0.05,17.0,114.0,0.9948,3.33,0.49,10.7,7,0
9.4,0.17,0.55,1.6,0.049,14.0,94.0,0.9949,3.02,0.61,10.3,6,0
6.2,0.2,0.26,1.7,0.093,40.0,161.0,0.9924,3.44,0.66,11.0,5,0
7.7,0.32,0.48,2.3,0.04,28.0,114.0,0.9911,3.2,0.52,12.8,7,0
6.5,0.37,0.33,3.9,0.027,40.0,130.0,0.9906,3.28,0.39,12.7,7,0
7.3,0.22,0.41,15.4,0.05,55.0,191.0,1.0,3.32,0.59,8.9,6,0
6.9,0.38,0.32,8.5,0.044,36.0,152.0,0.9932,3.38,0.35,12.0,7,0
6.2,0.33,0.29,1.3,0.042,26.0,138.0,0.9956,3.77,0.64,9.5,5,0
5.7,0.135,0.3,4.6,0.042,19.0,101.0,0.9946,3.31,0.42,9.3,6,0
7.3,0.18,0.29,1.2,0.044,12.0,143.0,0.9918,3.2,0.48,11.3,7,0
7.0,0.2,0.34,5.7,0.035,32.0,83.0,0.9928,3.19,0.46,11.5,6,0
8.1,0.29,0.49,7.1,0.042,22.0,124.0,0.9944,3.14,0.41,10.8,6,0
7.8,0.43,0.49,13.0,0.033,37.0,158.0,0.9955,3.14,0.35,11.3,6,0
6.9,0.34,0.74,11.2,0.069,44.0,150.0,0.9968,3.0,0.81,9.2,5,0
6.4,0.145,0.49,5.4,0.048,54.0,164.0,0.9946,3.56,0.44,10.8,6,0
8.0,0.44,0.49,9.1,0.031,46.0,151.0,0.9926,3.16,0.27,12.7,8,1
6.9,0.19,0.49,6.6,0.036,49.0,172.0,0.9932,3.2,0.27,11.5,6,0
6.5,0.24,0.24,1.6,0.046,15.0,60.0,0.9928,3.19,0.39,9.8,5,0
7.6,0.52,0.49,14.0,0.034,37.0,156.0,0.9958,3.14,0.38,11.8,7,0
6.7,0.16,0.49,2.4,0.046,57.0,187.0,0.9952,3.62,0.81,10.4,6,0
7.5,0.32,0.24,4.6,0.053,8.0,134.0,0.9958,3.14,0.5,9.1,3,0
7.4,0.19,0.49,9.3,0.03,26.0,132.0,0.994,2.99,0.32,11.0,7,0
7.3,0.14,0.49,1.1,0.038,28.0,99.0,0.9928,3.2,0.72,10.6,6,0
7.1,0.36,0.24,1.8,0.025,32.0,102.0,0.9903,3.34,0.59,12.8,6,0
7.3,0.21,0.49,1.8,0.038,44.0,152.0,0.9912,3.32,0.44,12.6,7,0
9.8,0.31,0.49,15.4,0.046,13.0,119.0,1.0004,3.18,0.45,9.5,5,0
7.3,0.3,0.74,13.5,0.039,46.0,165.0,0.9982,3.02,0.4,8.7,5,0
8.2,0.34,0.49,8.0,0.046,55.0,223.0,0.996,3.08,0.52,10.7,6,0
7.8,0.26,0.49,3.2,0.027,28.0,87.0,0.9919,3.03,0.32,11.3,7,0
8.0,0.14,0.49,1.5,0.035,42.0,120.0,0.9928,3.26,0.4,10.6,7,0
8.0,0.29,0.49,11.7,0.035,40.0,131.0,0.9958,3.14,0.34,10.8,5,0
6.9,0.34,0.49,7.3,0.045,61.0,206.0,0.9957,3.09,0.4,9.0,6,0
8.9,0.32,0.49,1.6,0.05,17.0,131.0,0.9956,3.13,0.34,9.4,5,0
8.1,0.3,0.49,12.3,0.049,50.0,144.0,0.9971,3.09,0.57,10.2,7,0
7.3,0.19,0.49,15.55,0.058,50.0,134.0,0.9998,3.42,0.36,9.1,7,0
7.9,0.33,0.28,31.6,0.053,35.0,176.0,1.0103,3.15,0.38,8.8,6,0
7.1,0.16,0.25,1.3,0.034,28.0,123.0,0.9915,3.27,0.55,11.4,6,0
7.7,0.12,0.32,1.4,0.06,47.0,150.0,0.9952,3.37,0.42,9.2,6,0
6.8,0.22,0.3,13.6,0.055,50.0,180.0,0.9984,3.44,0.39,9.8,5,0
7.6,0.445,0.44,14.5,0.045,68.0,212.0,0.9986,3.48,0.36,10.0,6,0
8.4,0.29,0.29,1.05,0.032,4.0,55.0,0.9908,2.91,0.32,11.4,4,1
6.3,0.25,0.23,14.9,0.039,47.0,142.0,0.99705,3.14,0.35,9.7,6,0
6.6,0.62,0.2,8.7,0.046,81.0,224.0,0.99605,3.17,0.44,9.3,5,0
6.6,0.37,0.07,1.4,0.048,58.0,144.0,0.9922,3.17,0.38,10.0,5,0
7.7,0.49,1.0,19.6,0.03,28.0,135.0,0.9973,3.24,0.4,12.0,6,0
6.6,0.37,0.24,2.0,0.064,23.0,120.0,0.9946,3.32,0.54,9.4,5,0
6.5,0.32,0.12,11.5,0.033,35.0,165.0,0.9974,3.22,0.32,9.0,5,0
7.0,0.19,0.23,5.7,0.123,27.0,104.0,0.9954,3.04,0.54,9.4,6,0
6.8,0.24,0.35,6.4,0.048,44.0,172.0,0.9944,3.29,0.55,10.5,7,0
7.2,0.2,0.61,16.2,0.043,14.0,103.0,0.9987,3.06,0.36,9.2,6,0
7.6,0.15,0.4,1.3,0.036,24.0,112.0,0.9932,3.14,0.76,10.0,5,0
6.8,0.24,0.31,18.3,0.046,40.0,142.0,1.0,3.3,0.41,8.7,5,0
6.8,0.35,0.44,6.5,0.056,31.0,161.0,0.9952,3.14,0.44,9.5,5,0
6.6,0.25,0.36,8.1,0.045,54.0,180.0,0.9958,3.08,0.42,9.2,5,0
7.0,0.12,0.19,4.9,0.055,27.0,127.0,0.9953,3.29,0.41,9.4,5,0
7.6,0.26,0.36,1.6,0.032,6.0,106.0,0.993,3.15,0.4,10.4,4,1
6.3,0.2,0.58,1.4,0.204,15.0,97.0,0.9931,3.16,0.43,10.0,6,0
6.8,0.28,0.36,1.6,0.04,25.0,87.0,0.9924,3.23,0.66,10.3,6,0
6.8,0.31,0.32,7.6,0.052,35.0,143.0,0.9959,3.14,0.38,9.0,5,0
6.3,0.25,0.44,11.6,0.041,48.0,195.0,0.9968,3.18,0.52,9.5,5,0
6.0,0.45,0.42,1.1,0.051,61.0,197.0,0.9932,3.02,0.4,9.0,5,0
7.2,0.19,0.31,1.4,0.046,37.0,135.0,0.9939,3.34,0.57,10.2,7,0
8.1,0.24,0.38,4.3,0.044,49.0,172.0,0.996,3.37,0.74,10.8,6,0
8.5,0.17,0.31,1.0,0.024,13.0,91.0,0.993,2.79,0.37,10.1,5,0
8.5,0.17,0.31,1.0,0.024,13.0,91.0,0.993,2.79,0.37,10.1,5,0
7.6,0.2,0.31,1.4,0.047,41.0,142.0,0.9934,3.43,0.53,10.1,6,0
7.6,0.2,0.26,4.5,0.086,37.0,133.0,0.9963,3.15,0.42,9.2,5,0
6.8,0.27,0.35,7.8,0.048,76.0,197.0,0.9959,3.24,0.43,9.5,6,0
8.4,0.2,0.38,11.8,0.055,51.0,170.0,1.0004,3.34,0.82,8.9,6,0
7.0,0.25,0.56,2.0,0.035,20.0,95.0,0.9918,3.23,0.53,11.0,6,0
7.6,0.29,0.26,6.5,0.042,32.0,160.0,0.9944,3.14,0.47,10.7,5,0
8.7,0.24,0.35,0.6,0.042,11.0,71.0,0.9926,3.08,0.38,10.6,5,0
8.7,0.24,0.35,0.6,0.042,11.0,71.0,0.9926,3.08,0.38,10.6,5,0
8.6,0.485,0.29,4.1,0.026,19.0,101.0,0.9918,3.01,0.38,12.4,5,0
6.8,0.21,0.27,18.15,0.042,41.0,146.0,1.0001,3.3,0.36,8.7,5,0
5.7,0.46,0.46,1.4,0.04,31.0,169.0,0.9932,3.13,0.47,8.8,5,0
6.7,0.23,0.33,1.8,0.036,23.0,96.0,0.9925,3.32,0.4,10.8,6,0
7.6,0.18,0.36,2.4,0.049,38.0,123.0,0.996,3.6,0.46,10.3,5,0
5.7,0.32,0.18,1.4,0.029,26.0,104.0,0.9906,3.44,0.37,11.0,6,0
7.6,0.18,0.36,2.4,0.049,38.0,123.0,0.996,3.6,0.46,10.3,5,0
5.9,0.17,0.3,1.4,0.042,25.0,119.0,0.9931,3.68,0.72,10.5,6,0
6.8,0.36,0.32,1.6,0.039,10.0,124.0,0.9948,3.3,0.67,9.6,5,0
7.7,0.23,0.31,10.7,0.038,59.0,186.0,0.9969,3.12,0.55,9.5,6,0
9.1,0.33,0.38,1.7,0.062,50.5,344.0,0.9958,3.1,0.7,9.5,5,0
7.9,0.18,0.36,5.9,0.058,31.0,132.0,0.995,3.25,0.52,10.9,6,0
6.5,0.14,0.32,2.7,0.037,18.0,89.0,0.9924,3.4,0.74,11.5,7,0
9.8,0.93,0.45,8.6,0.052,34.0,187.0,0.9994,3.12,0.59,10.2,4,1
7.8,0.29,0.33,8.75,0.035,33.0,181.0,0.9962,3.11,0.46,10.7,5,0
6.3,0.24,0.37,1.8,0.031,6.0,61.0,0.9897,3.3,0.34,12.2,4,1
7.4,0.19,0.3,12.8,0.053,48.5,229.0,0.9986,3.14,0.49,9.1,7,0
7.4,0.19,0.3,12.8,0.053,48.5,212.0,0.9986,3.14,0.49,9.1,7,0
6.5,0.39,0.81,1.2,0.217,14.0,74.0,0.9936,3.08,0.53,9.5,5,0
7.0,0.22,0.32,1.6,0.045,40.0,120.0,0.9914,2.98,0.44,10.5,6,0
8.5,0.28,0.34,13.8,0.041,32.0,161.0,0.9981,3.13,0.4,9.9,6,0
8.0,0.45,0.28,10.8,0.051,25.0,157.0,0.9957,3.06,0.47,11.4,7,0
7.2,0.29,0.2,7.7,0.046,51.0,174.0,0.99582,3.16,0.52,9.5,5,0
6.3,0.27,0.18,7.7,0.048,45.0,186.0,0.9962,3.23,0.47,9.0,5,0
7.3,0.19,0.25,1.4,0.051,41.0,107.0,0.99382,3.53,0.66,10.5,7,0
6.7,0.31,0.18,7.7,0.043,57.0,200.0,0.99566,3.17,0.44,9.4,6,0
7.4,0.33,0.26,15.6,0.049,67.0,210.0,0.99907,3.06,0.68,9.5,5,0
6.6,0.41,0.24,4.9,0.158,47.0,144.0,0.99471,3.17,0.49,9.4,5,0
7.3,0.4,0.28,6.5,0.037,26.0,97.0,0.99148,3.16,0.58,12.6,7,0
6.3,0.41,0.18,3.5,0.027,23.0,109.0,0.99018,3.34,0.54,12.8,8,1
7.3,0.3,0.33,2.3,0.043,28.0,125.0,0.99084,3.34,0.44,12.6,7,0
8.1,0.28,0.34,1.3,0.035,11.0,126.0,0.99232,3.14,0.5,9.8,6,0
7.4,0.2,0.31,1.6,0.038,34.0,116.0,0.9912,3.25,0.39,12.0,7,0
7.5,0.26,0.59,11.8,0.046,58.0,164.0,0.99814,3.17,0.46,8.9,4,1
4.6,0.445,0.0,1.4,0.053,11.0,178.0,0.99426,3.79,0.55,10.2,5,0
6.9,0.3,0.21,7.2,0.045,54.0,190.0,0.99595,3.22,0.48,9.4,5,0
7.5,0.3,0.32,1.4,0.032,31.0,161.0,0.99154,2.95,0.42,10.5,5,0
6.5,0.28,0.35,9.8,0.067,61.0,180.0,0.9972,3.15,0.57,9.0,4,1
7.0,0.23,0.26,7.2,0.041,21.0,90.0,0.99509,3.22,0.55,9.5,6,0
7.0,0.22,0.29,8.9,0.05,24.0,90.0,0.99556,3.29,0.46,9.8,6,0
9.4,0.23,0.56,16.45,0.063,52.5,282.0,1.00098,3.1,0.51,9.3,5,0
6.8,0.46,0.26,2.7,0.042,28.0,83.0,0.99114,3.38,0.51,12.0,8,1
6.1,0.16,0.24,1.4,0.046,17.0,77.0,0.99319,3.66,0.57,10.3,6,0
8.8,0.33,0.36,2.1,0.034,19.0,125.0,0.99166,2.96,0.98,12.7,6,0
7.5,0.705,0.1,13.0,0.044,44.0,214.0,0.99741,3.1,0.5,9.1,5,0
7.3,0.815,0.09,11.4,0.044,45.0,204.0,0.99713,3.15,0.46,9.0,5,0
7.2,0.24,0.29,3.0,0.036,17.0,117.0,0.99411,3.36,0.68,10.1,6,0
8.3,0.28,0.27,17.5,0.045,48.0,253.0,1.00014,3.02,0.56,9.1,6,0
8.3,0.25,0.33,2.5,0.053,12.0,72.0,0.99404,2.89,0.48,9.5,5,0
5.2,0.16,0.34,0.8,0.029,26.0,77.0,0.99155,3.25,0.51,10.1,6,0
7.9,0.27,0.27,1.7,0.034,25.0,122.0,0.99088,2.97,0.51,11.9,6,0
6.1,0.28,0.24,19.95,0.074,32.0,174.0,0.99922,3.19,0.44,9.3,6,0
7.7,0.39,0.49,7.7,0.036,11.0,110.0,0.9966,3.33,0.76,10.0,6,0
6.0,0.2,0.24,5.3,0.075,49.0,201.0,0.99466,3.21,0.43,9.5,5,0
6.1,0.28,0.24,19.95,0.074,32.0,174.0,0.99922,3.19,0.44,9.3,6,0
7.6,0.31,0.23,12.7,0.054,20.0,139.0,0.99836,3.16,0.5,9.7,4,1
6.9,0.26,0.31,7.0,0.039,37.0,175.0,0.99376,3.32,0.49,11.4,6,0
6.8,0.21,0.36,18.1,0.046,32.0,133.0,1.0,3.27,0.48,8.8,5,0
7.4,0.4,0.41,14.1,0.053,37.0,194.0,0.99886,3.2,0.63,9.4,6,0
8.0,0.27,0.57,10.4,0.053,18.0,134.0,0.99732,3.12,0.68,9.0,5,0
6.2,0.28,0.45,7.5,0.045,46.0,203.0,0.99573,3.26,0.46,9.2,6,0
6.8,0.23,0.3,1.7,0.043,19.0,95.0,0.99207,3.17,0.46,10.7,7,0
8.9,0.27,0.34,10.7,0.029,19.5,166.0,0.99669,3.13,0.48,10.6,5,0
6.3,0.13,0.42,1.1,0.043,63.0,146.0,0.99066,3.13,0.72,11.2,7,0
6.9,0.32,0.26,2.3,0.03,11.0,103.0,0.99106,3.06,0.42,11.1,6,0
5.7,0.255,0.65,1.2,0.079,17.0,137.0,0.99307,3.2,0.42,9.4,5,0
6.7,0.25,0.36,8.6,0.037,63.0,206.0,0.99553,3.18,0.5,9.6,5,0
5.4,0.5,0.13,5.0,0.028,12.0,107.0,0.99079,3.48,0.88,13.5,7,0
6.4,0.22,0.34,1.4,0.023,56.0,115.0,0.98958,3.18,0.7,11.7,6,0
6.6,0.26,0.21,2.9,0.026,48.0,126.0,0.99089,3.22,0.38,11.3,7,0
7.5,0.13,0.38,1.1,0.023,42.0,104.0,0.99112,3.28,0.53,11.8,6,0
9.2,0.14,0.37,1.1,0.034,36.0,84.0,0.99136,3.05,0.55,11.6,6,0
6.1,0.15,0.35,15.8,0.042,55.0,158.0,0.99642,3.24,0.37,10.6,5,0
6.6,0.23,0.29,14.45,0.057,29.0,144.0,0.99756,3.33,0.54,10.2,6,0
6.9,0.4,0.22,5.95,0.081,76.0,303.0,0.99705,3.4,0.57,9.4,5,0
7.6,0.32,0.25,9.5,0.03,15.0,136.0,0.99367,3.1,0.44,12.1,6,0
6.5,0.22,0.5,16.4,0.048,36.0,182.0,0.99904,3.02,0.49,8.8,6,0
5.3,0.2,0.31,3.6,0.036,22.0,91.0,0.99278,3.41,0.5,9.8,6,0
6.5,0.35,0.28,12.4,0.051,86.0,213.0,0.9962,3.16,0.51,9.9,6,0
5.8,0.17,0.34,1.8,0.045,96.0,170.0,0.99035,3.38,0.9,11.8,8,1
7.3,0.32,0.35,1.4,0.05,8.0,163.0,0.99244,3.24,0.42,10.7,5,0
6.9,0.4,0.42,6.2,0.066,41.0,176.0,0.99552,3.12,0.54,9.4,5,0
7.5,0.17,0.71,11.8,0.038,52.0,148.0,0.99801,3.03,0.46,8.9,5,0
5.8,0.32,0.31,2.7,0.049,25.0,153.0,0.99067,3.44,0.73,12.2,7,0
6.6,0.17,0.3,1.1,0.031,13.0,73.0,0.99095,3.17,0.58,11.0,6,0
6.5,0.22,0.29,7.4,0.028,16.0,87.0,0.99311,3.15,0.56,10.9,7,0
6.6,0.21,0.36,0.8,0.034,48.0,113.0,0.99165,3.24,0.68,10.5,6,0
6.7,0.48,0.32,1.4,0.021,22.0,121.0,0.9889,3.15,0.53,12.7,7,0
6.7,0.48,0.32,1.4,0.021,22.0,121.0,0.9889,3.15,0.53,12.7,7,0
5.4,0.23,0.36,1.5,0.03,74.0,121.0,0.98976,3.24,0.99,12.1,7,0
5.7,0.21,0.25,1.1,0.035,26.0,81.0,0.9902,3.31,0.52,11.4,6,0
6.2,0.18,0.3,1.0,0.031,23.0,73.0,0.99032,3.23,0.52,11.3,6,0
7.7,0.18,0.3,1.2,0.046,49.0,199.0,0.99413,3.03,0.38,9.3,5,0
5.7,0.28,0.28,2.2,0.019,15.0,65.0,0.9902,3.06,0.52,11.2,6,0
6.9,0.22,0.31,6.3,0.029,41.0,131.0,0.99326,3.08,0.49,10.8,6,0
7.0,0.31,0.31,9.1,0.036,45.0,140.0,0.99216,2.98,0.31,12.0,7,0
5.2,0.155,0.33,1.6,0.028,13.0,59.0,0.98975,3.3,0.84,11.9,8,1
6.8,0.26,0.46,8.3,0.037,49.0,173.0,0.99601,3.17,0.47,9.3,5,0
6.1,0.27,0.25,1.8,0.041,9.0,109.0,0.9929,3.08,0.54,9.0,5,0
6.3,0.22,0.22,5.6,0.039,31.0,128.0,0.99296,3.12,0.46,10.4,6,0
6.6,0.23,0.2,11.4,0.044,45.0,131.0,0.99604,2.96,0.51,9.7,6,0
6.6,0.23,0.2,11.4,0.044,45.0,131.0,0.99604,2.96,0.51,9.7,6,0
6.7,0.36,0.26,7.9,0.034,39.0,123.0,0.99119,2.99,0.3,12.2,7,0
7.2,0.19,0.31,6.3,0.034,17.0,103.0,0.99305,3.15,0.52,11.4,7,0
6.3,0.37,0.28,6.3,0.034,45.0,152.0,0.9921,3.29,0.46,11.6,7,0
6.6,0.2,0.27,10.9,0.038,29.0,130.0,0.99496,3.11,0.44,10.5,7,0
6.8,0.18,0.28,9.8,0.039,29.0,113.0,0.99406,3.11,0.45,10.9,7,0
6.9,0.25,0.33,1.2,0.035,35.0,158.0,0.99082,3.02,0.58,11.3,6,0
6.8,0.18,0.28,9.8,0.039,29.0,113.0,0.99406,3.11,0.45,10.9,7,0
6.2,0.16,0.32,1.1,0.036,74.0,184.0,0.99096,3.22,0.41,11.0,6,0
5.0,0.3,0.33,3.7,0.03,54.0,173.0,0.9887,3.36,0.3,13.0,7,0
8.0,0.74,0.21,4.0,0.05,24.0,133.0,0.99418,3.06,0.38,9.7,5,0
7.0,0.45,0.34,19.8,0.04,12.0,67.0,0.9976,3.07,0.38,11.0,6,0
5.6,0.2,0.66,10.2,0.043,78.0,175.0,0.9945,2.98,0.43,10.4,7,0
7.6,0.17,0.36,4.5,0.042,26.0,102.0,0.99427,3.09,0.47,9.5,5,0
8.5,0.19,0.48,1.1,0.026,23.0,58.0,0.99184,2.9,0.5,10.5,6,0
6.6,0.39,0.39,11.9,0.057,51.0,221.0,0.99851,3.26,0.51,8.9,6,0
6.2,0.19,0.29,4.3,0.045,33.0,126.0,0.99658,3.18,0.42,9.3,6,0
5.9,0.33,0.32,8.1,0.038,9.0,34.0,0.9911,3.22,0.36,12.7,7,0
8.7,0.3,0.59,1.7,0.046,10.0,70.0,0.99373,3.06,0.56,10.8,4,1
5.8,0.28,0.3,1.5,0.026,31.0,114.0,0.98952,3.32,0.6,12.5,7,0
5.2,0.31,0.36,5.1,0.031,46.0,145.0,0.9897,3.14,0.31,12.4,7,0
6.8,0.27,0.42,7.3,0.054,58.0,200.0,0.99556,3.12,0.49,9.4,6,0
7.6,0.27,0.29,2.5,0.059,37.0,115.0,0.99328,3.09,0.37,9.8,5,0
5.3,0.3,0.16,4.2,0.029,37.0,100.0,0.9905,3.3,0.36,11.8,8,1
7.4,0.19,0.31,14.5,0.045,39.0,193.0,0.9986,3.1,0.5,9.2,6,0
7.4,0.19,0.31,14.5,0.045,39.0,193.0,0.9986,3.1,0.5,9.2,6,0
8.1,0.24,0.32,10.5,0.03,34.0,105.0,0.99407,3.11,0.42,11.8,6,0
6.5,0.32,0.34,5.7,0.044,27.0,91.0,0.99184,3.28,0.6,12.0,7,0
6.4,0.16,0.25,1.4,0.057,21.0,125.0,0.99091,3.23,0.44,11.1,7,0
6.6,0.24,0.28,6.7,0.032,26.0,91.0,0.99172,3.13,0.32,12.3,6,0
6.6,0.435,0.38,9.2,0.058,66.0,243.0,0.99833,3.23,0.54,9.1,6,0
7.2,0.27,0.28,15.2,0.046,6.0,41.0,0.99665,3.17,0.39,10.9,6,0
6.0,0.22,0.28,1.1,0.034,47.0,90.0,0.98862,3.22,0.38,12.6,6,0
6.0,0.2,0.26,1.1,0.033,38.0,67.0,0.98954,3.14,0.38,11.5,6,0
6.6,0.18,0.28,1.7,0.041,53.0,161.0,0.99207,3.13,0.45,10.2,6,0
6.3,0.19,0.29,5.5,0.042,44.0,189.0,0.99304,3.19,0.47,10.3,6,0
7.7,0.46,0.18,3.3,0.054,18.0,143.0,0.99392,3.12,0.51,10.8,6,0
5.8,0.15,0.32,1.2,0.037,14.0,119.0,0.99137,3.19,0.5,10.2,6,0
6.0,0.16,0.22,1.6,0.042,36.0,106.0,0.9905,3.24,0.32,11.4,6,0
6.6,0.15,0.32,6.0,0.033,59.0,128.0,0.99192,3.19,0.71,12.1,8,1
6.6,0.21,0.29,5.35,0.029,43.0,106.0,0.99112,2.93,0.43,11.5,7,0
6.5,0.3,0.27,4.0,0.038,37.0,97.0,0.99026,3.2,0.6,12.6,8,1
6.3,0.21,0.31,1.2,0.043,30.0,117.0,0.99158,3.49,0.68,11.0,6,0
6.0,0.23,0.15,9.7,0.048,101.0,207.0,0.99571,3.05,0.3,9.1,5,0
5.3,0.36,0.27,6.3,0.028,40.0,132.0,0.99186,3.37,0.4,11.6,6,0
8.9,0.27,0.28,0.8,0.024,29.0,128.0,0.98984,3.01,0.35,12.4,6,0
7.2,0.31,0.35,7.2,0.046,45.0,178.0,0.9955,3.14,0.53,9.7,5,0
6.6,0.22,0.3,14.7,0.045,50.0,136.0,0.99704,3.14,0.37,10.6,6,0
6.2,0.27,0.47,1.2,0.146,28.0,105.0,0.99224,3.23,0.51,10.1,5,0
6.6,0.23,0.37,8.5,0.036,46.0,153.0,0.99576,3.2,0.48,9.4,6,0
6.2,0.47,0.19,8.3,0.029,24.0,142.0,0.992,3.22,0.45,12.3,6,0
7.2,0.14,0.32,1.1,0.022,48.0,116.0,0.99218,3.04,0.67,10.0,6,0
6.6,0.64,0.28,4.4,0.032,19.0,78.0,0.99036,3.11,0.62,12.9,6,0
8.0,0.25,0.27,9.7,0.036,15.0,85.0,0.99406,2.99,0.36,11.2,6,0
8.1,0.17,0.21,1.6,0.036,24.0,119.0,0.99396,3.18,0.52,10.1,6,0
7.2,0.26,0.24,7.0,0.023,19.0,130.0,0.99176,3.14,0.49,12.8,7,0
6.8,0.19,0.71,17.5,0.042,21.0,114.0,0.99784,2.85,0.5,9.5,6,0
6.7,0.35,0.48,8.8,0.056,35.0,167.0,0.99628,3.04,0.47,9.4,5,0
6.8,0.16,0.18,1.8,0.046,31.0,114.0,0.99226,3.27,0.55,10.8,6,0
7.0,0.16,0.25,14.3,0.044,27.0,149.0,0.998,2.91,0.46,9.2,6,0
6.8,0.45,0.28,26.05,0.031,27.0,122.0,1.00295,3.06,0.42,10.6,6,0
6.8,0.45,0.28,26.05,0.031,27.0,122.0,1.00295,3.06,0.42,10.6,6,0
7.3,0.31,0.25,6.65,0.032,30.0,138.0,0.99244,2.9,0.37,11.1,5,0
6.7,0.22,0.39,1.2,0.049,26.0,152.0,0.99346,3.5,0.47,10.0,6,0
6.1,0.6,0.12,1.8,0.05,11.0,76.0,0.99268,3.42,0.48,10.4,4,1
6.8,0.21,0.26,11.7,0.038,61.0,152.0,0.99523,3.02,0.56,10.5,7,0
6.8,0.3,0.29,6.2,0.025,29.0,95.0,0.99071,3.03,0.32,12.9,7,0
6.9,0.58,0.58,8.2,0.032,29.0,169.0,0.99275,3.28,0.44,12.2,6,0
6.4,0.16,0.44,1.2,0.051,39.0,122.0,0.99058,3.11,0.75,11.3,7,0
6.8,0.15,0.41,12.9,0.044,79.5,183.0,0.99742,3.24,0.78,10.2,6,0
6.0,0.16,0.27,12.0,0.03,39.0,98.0,0.99402,3.15,0.34,10.8,5,0
6.8,0.31,0.3,8.0,0.028,33.0,122.0,0.99164,3.13,0.63,12.6,7,0
7.7,0.35,0.46,11.8,0.088,61.0,183.0,0.99786,2.86,0.47,9.0,5,0
8.5,0.18,0.3,1.1,0.028,34.0,95.0,0.99272,2.83,0.36,10.0,4,1
6.0,0.21,0.29,13.1,0.042,28.0,125.0,0.99936,3.39,0.45,8.6,5,0
7.0,0.15,0.28,14.7,0.051,29.0,149.0,0.99792,2.96,0.39,9.0,7,0
7.0,0.15,0.28,14.7,0.051,29.0,149.0,0.99792,2.96,0.39,9.0,7,0
7.0,0.15,0.28,14.7,0.051,29.0,149.0,0.99792,2.96,0.39,9.0,7,0
7.8,0.19,0.32,7.4,0.015,47.0,124.0,0.99278,2.99,0.39,11.0,6,0
6.1,0.17,0.28,2.5,0.028,22.0,98.0,0.99072,3.16,0.37,11.1,7,0
6.9,0.4,0.17,12.9,0.033,59.0,186.0,0.99754,3.08,0.49,9.4,5,0
6.3,0.15,0.3,1.4,0.022,38.0,100.0,0.99099,3.42,0.57,11.4,7,0
7.0,0.39,0.21,10.7,0.098,13.0,91.0,0.99657,3.03,0.47,9.3,5,0
7.2,0.28,0.38,2.0,0.052,23.0,156.0,0.9912,3.13,0.52,11.1,5,0
5.1,0.35,0.26,6.8,0.034,36.0,120.0,0.99188,3.38,0.4,11.5,6,0
6.7,0.46,0.21,4.0,0.034,12.0,88.0,0.99016,3.26,0.54,13.0,6,0
6.8,0.31,0.19,3.5,0.086,30.0,130.0,0.993,2.83,0.44,9.6,5,0
6.4,0.32,0.23,16.2,0.055,36.0,176.0,0.9986,3.26,0.54,9.1,5,0
6.4,0.32,0.23,16.2,0.055,36.0,176.0,0.9986,3.26,0.54,9.1,5,0
6.6,0.32,0.26,4.6,0.031,26.0,120.0,0.99198,3.4,0.73,12.5,7,0
7.3,0.25,0.26,7.2,0.048,52.0,207.0,0.99587,3.12,0.37,9.2,5,0
7.1,0.2,0.37,1.5,0.049,28.0,129.0,0.99226,3.15,0.52,10.8,5,0
6.8,0.33,0.31,7.4,0.045,34.0,143.0,0.99226,3.06,0.55,12.2,6,0
6.2,0.27,0.26,12.1,0.046,43.0,127.0,0.9951,3.16,0.37,10.8,6,0
7.0,0.34,0.1,3.5,0.044,17.0,63.0,0.9937,3.01,0.39,9.2,5,0
6.2,0.39,0.24,4.8,0.037,45.0,138.0,0.99174,3.23,0.43,11.2,7,0
6.5,0.29,0.53,1.7,0.04,41.0,192.0,0.9922,3.26,0.59,10.4,7,0
6.7,0.28,0.34,8.9,0.048,32.0,111.0,0.99455,3.25,0.54,11.0,7,0
6.4,0.25,0.57,1.0,0.062,21.0,122.0,0.99238,3.0,0.4,9.5,5,0
7.2,0.21,0.29,3.1,0.044,39.0,122.0,0.99143,3.0,0.6,11.3,6,0
6.4,0.37,0.12,5.9,0.056,6.0,91.0,0.99536,3.06,0.46,8.4,4,1
6.2,0.32,0.45,2.9,0.029,37.0,94.0,0.98998,3.25,0.6,12.4,6,0
7.5,0.26,0.38,5.7,0.021,23.0,125.0,0.99338,3.13,0.62,11.1,6,0
6.4,0.2,0.22,7.4,0.032,53.0,172.0,0.99404,3.24,0.58,11.0,6,0
7.3,0.34,0.22,1.4,0.044,43.0,176.0,0.99286,3.14,0.46,9.9,5,0
6.1,1.1,0.16,4.4,0.033,8.0,109.0,0.99058,3.35,0.47,12.4,4,1
6.2,0.24,0.22,7.9,0.053,45.0,149.0,0.99545,3.23,0.52,9.3,5,0
6.1,0.17,0.21,1.9,0.09,44.0,130.0,0.99255,3.07,0.41,9.7,5,0
6.6,0.5,0.26,11.3,0.029,32.0,110.0,0.99302,3.27,0.78,12.9,8,1
5.3,0.23,0.56,0.9,0.041,46.0,141.0,0.99119,3.16,0.62,9.7,5,0
6.7,0.28,0.42,3.5,0.035,43.0,105.0,0.99021,3.18,0.38,12.2,6,0
6.5,0.43,0.31,3.6,0.046,19.0,143.0,0.99022,3.15,0.34,12.0,8,1
7.4,0.28,0.5,12.1,0.049,48.0,122.0,0.9973,3.01,0.44,9.0,5,0
6.3,0.17,0.23,5.7,0.048,44.0,147.0,0.99382,3.08,0.54,10.0,5,0
7.0,0.22,0.3,1.4,0.04,14.0,63.0,0.98985,3.2,0.33,12.0,6,0
6.1,0.38,0.14,3.9,0.06,27.0,113.0,0.99344,3.07,0.34,9.2,4,1
5.4,0.22,0.35,6.5,0.029,26.0,87.0,0.99092,3.29,0.44,12.5,7,0
6.0,0.22,0.23,5.0,0.045,10.0,122.0,0.99261,2.94,0.63,10.0,6,0
6.4,0.29,0.18,15.0,0.04,21.0,116.0,0.99736,3.14,0.5,9.2,5,0
7.5,0.29,0.24,9.9,0.058,25.0,115.0,0.99567,3.15,0.46,10.9,5,0
5.8,0.32,0.23,1.5,0.033,39.0,121.0,0.9887,2.96,0.35,12.0,5,0
6.0,0.31,0.27,2.3,0.042,19.0,120.0,0.98952,3.32,0.41,12.7,7,0
5.7,0.22,0.2,16.0,0.044,41.0,113.0,0.99862,3.22,0.46,8.9,6,0
5.2,0.31,0.2,2.4,0.027,27.0,117.0,0.98886,3.56,0.45,13.0,7,0
7.2,0.22,0.35,5.5,0.054,37.0,183.0,0.99474,3.08,0.5,10.3,5,0
6.9,0.22,0.32,5.8,0.041,20.0,119.0,0.99296,3.17,0.55,11.2,6,0
7.1,0.39,0.39,11.1,0.034,25.0,204.0,0.99616,3.05,0.52,10.0,6,0
6.7,0.34,0.26,1.9,0.038,58.0,138.0,0.9893,3.0,0.47,12.2,7,0
6.4,0.31,0.28,2.5,0.039,34.0,137.0,0.98946,3.22,0.38,12.7,6,0
7.2,0.34,0.2,5.8,0.062,52.0,203.0,0.99461,3.17,0.44,9.8,6,0
7.1,0.31,0.25,11.2,0.048,32.0,136.0,0.99663,3.14,0.4,9.5,5,0
6.4,0.29,0.21,9.65,0.041,36.0,119.0,0.99334,2.99,0.34,10.9333333333333,6,0
6.4,0.35,0.21,2.1,0.051,46.0,171.0,0.9932,3.16,0.5,9.5,5,0
7.0,0.24,0.26,1.7,0.041,31.0,110.0,0.99142,3.2,0.53,11.0,6,0
6.0,0.27,0.31,5.0,0.043,54.0,170.0,0.9924,3.28,0.52,11.0,6,0
6.6,0.24,0.22,12.3,0.051,35.0,146.0,0.99676,3.1,0.67,9.4,5,0
7.1,0.38,0.29,13.6,0.041,30.0,137.0,0.99461,3.02,0.96,12.1,6,0
6.8,0.43,0.26,5.2,0.043,40.0,176.0,0.99116,3.17,0.41,12.3,6,0
6.2,0.21,0.52,6.5,0.047,28.0,123.0,0.99418,3.22,0.49,9.9,6,0
7.7,0.28,0.24,2.4,0.044,29.0,157.0,0.99312,3.27,0.56,10.6,6,0
6.7,0.32,0.32,1.7,0.031,31.0,114.0,0.98946,3.12,0.35,12.5,6,0
6.2,0.2,0.28,1.1,0.039,24.0,78.0,0.9899,3.36,0.47,12.1,6,0
7.0,0.28,0.28,1.4,0.039,12.0,83.0,0.99173,3.18,0.65,11.1,5,0
6.3,0.29,0.3,8.1,0.212,60.0,150.0,0.9958,3.1,0.4,9.3,5,0
5.2,0.38,0.26,7.7,0.053,20.0,103.0,0.9925,3.27,0.45,12.2,6,0
6.4,0.28,0.23,6.0,0.051,50.0,162.0,0.994,3.15,0.52,10.2,5,0
6.2,0.32,0.32,2.2,0.036,15.0,70.0,0.9899,3.16,0.48,12.7,6,0
7.3,0.28,0.54,12.9,0.049,62.0,162.5,0.9984,3.06,0.45,9.1,6,0
6.1,0.25,0.18,10.5,0.049,41.0,124.0,0.9963,3.14,0.35,10.5,5,0
6.0,0.23,0.34,1.3,0.025,23.0,111.0,0.98961,3.36,0.37,12.7,6,0
5.8,0.28,0.66,9.1,0.039,26.0,159.0,0.9965,3.66,0.55,10.8,5,0
6.2,0.2,0.32,2.8,0.05,17.0,126.0,0.9936,3.18,0.55,9.4,6,0
5.8,0.29,0.15,1.1,0.029,12.0,83.0,0.9898,3.3,0.4,11.4,6,0
5.6,0.22,0.32,1.2,0.024,29.0,97.0,0.98823,3.2,0.46,13.05,7,0
8.0,0.33,0.35,10.0,0.035,22.0,108.0,0.99457,3.12,0.36,11.6,6,0
6.7,0.53,0.29,4.3,0.069,20.0,114.0,0.99014,3.22,0.59,13.4,6,0
6.7,0.66,0.0,13.0,0.033,32.0,75.0,0.99551,3.15,0.5,10.7,6,0
7.1,0.33,0.18,6.3,0.094,27.0,166.0,0.99474,2.9,0.49,9.5,5,0
6.4,0.4,0.25,4.2,0.032,15.0,91.0,0.98988,3.26,0.52,13.1,6,0
6.6,0.21,0.39,2.3,0.041,31.0,102.0,0.99221,3.22,0.58,10.9,7,0
6.2,0.28,0.41,5.0,0.043,50.0,188.0,0.99318,3.23,0.64,10.8,6,0
6.5,0.51,0.25,1.7,0.048,39.0,177.0,0.99212,3.28,0.57,10.5666666666667,5,0
6.9,0.54,0.26,12.7,0.049,59.0,195.0,0.99596,3.26,0.54,10.5,6,0
6.6,0.25,0.25,1.3,0.04,28.0,85.0,0.98984,2.87,0.48,11.2,6,0
6.6,0.285,0.49,11.4,0.035,57.0,137.0,0.99732,3.08,0.54,8.9,6,0
6.1,0.15,0.4,1.2,0.03,19.0,84.0,0.98926,3.19,0.96,13.0,6,0
6.4,0.69,0.09,7.6,0.044,34.0,144.0,0.9948,3.26,0.38,10.1,6,0
6.7,0.15,0.32,7.9,0.034,17.0,81.0,0.99512,3.29,0.31,10.0,6,0
7.2,0.21,0.31,10.5,0.035,36.0,122.0,0.99478,3.12,0.4,10.6,6,0
7.9,0.3,0.6,1.85,0.048,13.0,106.0,0.99331,3.24,0.49,11.85,5,0
6.0,0.27,0.32,3.6,0.035,36.0,133.0,0.99215,3.23,0.46,10.8,6,0
5.1,0.25,0.36,1.3,0.035,40.0,78.0,0.9891,3.23,0.64,12.1,7,0
6.5,0.2,0.35,3.9,0.04,27.0,140.0,0.99102,2.98,0.53,11.8,6,0
6.8,0.27,0.3,13.0,0.047,69.0,160.0,0.99705,3.16,0.5,9.6,6,0
6.4,0.28,0.45,8.6,0.057,47.0,223.0,0.99654,3.16,0.51,9.1,5,0
7.1,0.24,0.34,1.2,0.045,6.0,132.0,0.99132,3.16,0.46,11.2,4,1
6.2,0.3,0.42,2.2,0.036,28.0,128.0,0.9901,3.13,0.38,11.6,6,0
5.7,0.4,0.35,5.1,0.026,17.0,113.0,0.99052,3.18,0.67,12.4,6,0
5.6,0.295,0.26,1.1,0.035,40.0,102.0,0.99154,3.47,0.56,10.6,6,0
5.5,0.32,0.13,1.3,0.037,45.0,156.0,0.99184,3.26,0.38,10.7,5,0
6.2,0.21,0.29,1.6,0.039,24.0,92.0,0.99114,3.27,0.5,11.2,6,0
