6.2,0.66,0.48,1.2,0.029,29.0,75.0,0.9892,3.33,0.39,12.8,8,1
6.8,0.26,0.42,1.7,0.049,41.0,122.0,0.993,3.47,0.48,10.5,8,1
6.6,0.27,0.41,1.3,0.052,16.0,142.0,0.9951,3.42,0.47,10.0,6,0
8.3,0.14,0.34,1.1,0.042,7.0,47.0,0.9934,3.47,0.4,10.2,6,0
6.8,0.2,0.59,0.9,0.147,38.0,132.0,0.993,3.05,0.38,9.1,6,0
6.2,0.35,0.03,1.2,0.064,29.0,120.0,0.9934,3.22,0.54,9.1,5,0
6.8,0.3,0.23,4.6,0.061,50.5,238.5,0.9958,3.32,0.6,9.5,5,0
8.6,0.265,0.36,1.2,0.034,15.0,80.0,0.9913,2.95,0.36,11.4,7,0
7.5,0.305,0.4,18.9,0.059,44.0,170.0,1.0,2.99,0.46,9.0,5,0
6.7,0.41,0.34,9.2,0.049,29.0,150.0,0.9968,3.22,0.51,9.1,5,0
7.8,0.24,0.32,12.2,0.054,42.0,138.0,0.9984,3.01,0.54,8.8,5,0
6.9,0.19,0.28,5.0,0.058,14.0,146.0,0.9952,3.29,0.36,9.1,6,0
6.6,0.24,0.27,15.8,0.035,46.0,188.0,0.9982,3.24,0.51,9.2,5,0
6.3,0.255,0.37,1.1,0.04,37.0,114.0,0.9905,3.0,0.39,10.9,6,0
7.9,0.22,0.38,8.0,0.043,46.0,152.0,0.9934,3.12,0.32,11.5,7,0
7.6,0.18,0.46,10.2,0.055,58.0,135.0,0.9968,3.14,0.43,9.9,6,0
6.1,0.32,0.24,1.5,0.036,38.0,124.0,0.9898,3.29,0.42,12.4,7,0
7.2,0.32,0.47,5.1,0.044,19.0,65.0,0.991,3.03,0.41,12.6,4,1
6.7,0.24,0.41,9.4,0.04,49.0,166.0,0.9954,3.12,0.61,9.9,6,0
6.8,0.28,0.36,8.0,0.045,28.0,123.0,0.9928,3.02,0.37,11.4,6,0
6.6,0.15,0.34,5.1,0.055,34.0,125.0,0.9942,3.36,0.42,9.6,5,0
6.2,0.25,0.21,15.55,0.039,28.0,159.0,0.9982,3.48,0.64,9.6,6,0
6.9,0.4,0.56,11.2,0.043,40.0,142.0,0.9975,3.14,0.46,8.7,5,0
6.4,0.23,0.39,1.8,0.032,23.0,118.0,0.9912,3.32,0.5,11.8,6,0
5.2,0.6,0.07,7.0,0.044,33.0,147.0,0.9944,3.33,0.58,9.7,5,0
6.2,0.33,0.27,4.9,0.036,30.0,134.0,0.9927,3.2,0.42,10.4,7,0
7.8,0.25,0.41,3.7,0.042,37.0,149.0,0.9954,3.36,0.45,10.0,6,0
6.6,0.24,0.35,7.7,0.031,36.0,135.0,0.9938,3.19,0.37,10.5,5,0
6.4,0.34,0.23,6.3,0.039,37.0,143.0,0.9944,3.19,0.65,10.0,6,0
6.5,0.28,0.35,15.4,0.042,55.0,195.0,0.9978,3.23,0.5,9.6,6,0
6.5,0.28,0.34,9.9,0.038,30.0,133.0,0.9954,3.11,0.44,9.8,5,0
7.4,0.2,0.43,7.8,0.045,27.0,153.0,0.9964,3.19,0.55,9.0,7,0
7.3,0.33,0.4,6.85,0.038,32.0,138.0,0.992,3.03,0.3,11.9,7,0
7.3,0.22,0.37,14.3,0.063,48.0,191.0,0.9978,2.89,0.38,9.0,6,0
6.0,0.18,0.27,1.5,0.089,40.0,143.0,0.9923,3.49,0.62,10.8,6,0
7.2,0.28,0.26,12.5,0.046,48.0,179.0,0.9975,3.1,0.52,9.0,6,0
7.0,0.3,0.38,14.9,0.032,60.0,181.0,0.9983,3.18,0.61,9.3,7,0
6.8,0.37,0.51,11.8,0.044,62.0,163.0,0.9976,3.19,0.44,8.8,5,0
6.3,0.2,0.4,1.5,0.037,35.0,107.0,0.9917,3.46,0.5,11.4,6,0
7.2,0.19,0.39,1.2,0.036,32.0,85.0,0.9918,3.16,0.5,10.5,5,0
7.0,0.22,0.31,2.7,0.03,41.0,136.0,0.9898,3.16,0.37,12.7,7,0
7.4,0.155,0.34,2.3,0.045,73.5,214.0,0.9934,3.18,0.61,9.9,7,0
6.4,0.28,0.29,1.6,0.052,34.0,127.0,0.9929,3.48,0.56,10.5,7,0
7.0,0.24,0.51,11.0,0.029,55.0,227.0,0.9965,3.03,0.61,9.5,5,0
7.0,0.22,0.28,1.5,0.037,29.0,115.0,0.9927,3.11,0.55,10.5,6,0
7.0,0.28,0.36,1.0,0.035,8.0,70.0,0.9899,3.09,0.46,12.1,6,0
6.8,0.19,0.58,14.2,0.038,51.0,164.0,0.9975,3.12,0.48,9.6,6,0
6.5,0.3,0.29,2.25,0.037,8.0,210.0,0.9937,3.19,0.62,9.9,5,0
7.4,0.36,0.33,1.4,0.025,27.0,55.0,0.9915,3.21,0.33,11.2,6,0
5.9,0.13,0.28,1.9,0.05,20.0,78.0,0.9918,3.43,0.64,10.8,6,0
7.9,0.19,0.26,2.1,0.039,8.0,143.0,0.9942,3.05,0.74,9.8,5,0
7.7,0.22,0.42,1.9,0.052,10.0,87.0,0.9922,3.3,0.49,11.8,6,0
7.8,0.22,0.38,10.3,0.059,28.0,99.0,0.9967,3.12,0.47,10.0,6,0
6.5,0.28,0.29,2.7,0.038,26.0,107.0,0.9912,3.32,0.41,11.6,7,0
6.4,0.475,0.06,1.0,0.03,9.0,131.0,0.9904,2.97,0.29,10.8,5,0
7.5,0.21,0.68,10.9,0.045,38.0,133.0,0.9978,3.0,0.36,8.7,5,0
6.0,0.29,0.2,12.6,0.045,45.0,187.0,0.9972,3.33,0.42,9.5,5,0
6.2,0.17,0.28,4.7,0.037,39.0,133.0,0.9931,3.41,0.46,10.8,7,0
6.8,0.25,0.34,14.0,0.032,47.0,133.0,0.9952,3.37,0.5,12.2,7,0
7.1,0.28,0.26,1.9,0.049,12.0,86.0,0.9934,3.15,0.38,9.4,5,0
6.4,0.24,0.5,11.6,0.047,60.0,211.0,0.9966,3.18,0.57,9.3,5,0
7.8,0.42,0.26,9.2,0.058,34.0,199.0,0.9972,3.14,0.55,9.3,6,0
5.8,0.32,0.38,4.75,0.033,23.0,94.0,0.991,3.42,0.42,11.8,7,0
6.8,0.67,0.3,13.0,0.29,22.0,193.0,0.9984,3.08,0.67,9.0,4,1
7.4,0.31,0.48,14.2,0.042,62.0,204.0,0.9983,3.06,0.59,9.4,5,0
7.7,0.2,0.44,13.9,0.05,44.0,130.0,0.99855,3.11,0.48,10.0,6,0
6.4,0.31,0.39,7.5,0.04,57.0,213.0,0.99475,3.32,0.43,10.0,5,0
6.0,0.39,0.26,2.7,0.038,39.0,187.0,0.99325,3.41,0.5,10.8,6,0
7.7,0.42,0.31,9.2,0.048,22.0,221.0,0.9969,3.06,0.61,9.2,6,0
6.2,0.25,0.48,10.0,0.044,78.0,240.0,0.99655,3.25,0.47,9.5,6,0
7.0,0.21,0.34,8.5,0.033,31.0,253.0,0.9953,3.22,0.56,10.5,6,0
7.0,0.21,0.34,8.5,0.033,31.0,253.0,0.9953,3.22,0.56,10.5,6,0
5.9,0.35,0.47,2.2,0.11,14.0,138.0,0.9932,3.09,0.5,9.1,5,0
8.1,0.17,0.44,14.1,0.053,43.0,145.0,1.0006,3.28,0.75,8.8,8,1
5.9,0.24,0.3,2.0,0.033,28.0,92.0,0.99225,3.39,0.69,10.9,7,0
5.9,0.24,0.3,2.0,0.033,28.0,92.0,0.99225,3.39,0.69,10.9,7,0
6.4,0.31,0.26,13.2,0.046,57.0,205.0,0.9975,3.17,0.41,9.6,5,0
6.2,0.3,0.26,13.4,0.046,57.0,206.0,0.99775,3.17,0.43,9.5,6,0
6.6,0.56,0.22,8.9,0.034,27.0,133.0,0.99675,3.2,0.51,9.1,5,0
7.3,0.3,0.34,2.7,0.044,34.0,108.0,0.99105,3.36,0.53,12.8,8,1
7.5,0.34,0.35,6.0,0.034,12.0,126.0,0.9924,3.16,0.39,12.0,7,0
8.7,0.23,0.32,13.4,0.044,35.0,169.0,0.99975,3.12,0.47,8.8,7,0
6.9,0.19,0.35,1.7,0.036,33.0,101.0,0.99315,3.21,0.54,10.8,7,0
6.9,0.19,0.35,1.7,0.036,33.0,101.0,0.99315,3.21,0.54,10.8,7,0
6.6,0.3,0.3,4.8,0.17,60.0,166.0,0.9946,3.18,0.47,9.4,5,0
7.8,0.18,0.46,12.6,0.042,41.0,143.0,1.0,3.24,0.76,8.5,8,1
6.3,0.26,0.21,4.0,0.03,24.0,125.0,0.9915,3.06,0.34,10.7,6,0
6.5,0.3,0.32,2.0,0.044,34.0,90.0,0.99185,3.37,0.68,11.0,7,0
6.8,0.18,0.28,8.5,0.047,52.0,242.0,0.9952,3.22,0.53,10.5,6,0
5.9,0.31,0.3,7.7,0.047,60.0,206.0,0.995,3.2,0.39,9.6,6,0
8.4,0.19,0.42,1.6,0.047,9.0,101.0,0.994,3.06,0.65,11.1,4,1
5.6,0.29,0.05,0.8,0.038,11.0,30.0,0.9924,3.36,0.35,9.2,5,0
8.6,0.18,0.4,1.1,0.04,20.0,107.0,0.9923,2.94,0.32,10.2,7,0
6.1,0.36,0.58,15.0,0.044,42.0,115.0,0.9978,3.15,0.51,9.0,5,0
6.7,0.15,0.29,5.0,0.058,28.0,105.0,0.9946,3.52,0.44,10.2,7,0
8.2,0.23,0.37,1.3,0.042,39.0,117.0,0.9928,2.99,0.36,10.0,5,0
6.6,0.23,0.32,0.9,0.041,25.0,79.0,0.9926,3.39,0.54,10.2,7,0
6.1,0.19,0.25,4.0,0.023,23.0,112.0,0.9923,3.37,0.51,11.6,6,0
6.5,0.08,0.33,1.9,0.028,23.0,93.0,0.991,3.34,0.7,12.0,7,0
7.1,0.13,0.38,1.8,0.046,14.0,114.0,0.9925,3.32,0.9,11.7,6,0
6.4,0.28,0.43,7.1,0.045,60.0,221.0,0.9952,3.09,0.45,9.4,6,0
7.6,0.16,0.44,1.4,0.043,25.0,109.0,0.9932,3.11,0.75,10.3,6,0
8.8,0.17,0.38,1.8,0.04,39.0,148.0,0.9942,3.16,0.67,10.2,6,0
7.6,0.29,0.42,1.3,0.035,18.0,86.0,0.9908,2.99,0.39,11.3,5,0
8.6,0.26,0.41,2.2,0.049,29.0,111.0,0.9941,2.96,0.44,10.0,5,0
6.4,0.3,0.51,5.5,0.048,62.0,172.0,0.9942,3.08,0.45,9.1,6,0
6.9,0.2,0.36,1.5,0.031,38.0,147.0,0.9931,3.35,0.56,11.0,6,0
6.3,0.23,0.21,5.1,0.035,29.0,142.0,0.9942,3.36,0.33,10.1,7,0
6.3,0.27,0.25,5.8,0.038,52.0,155.0,0.995,3.28,0.38,9.4,6,0
7.0,0.15,0.38,2.2,0.047,33.0,96.0,0.9928,3.13,0.39,10.4,8,1
5.3,0.395,0.07,1.3,0.035,26.0,102.0,0.992,3.5,0.35,10.6,6,0
7.5,0.32,0.37,1.2,0.048,22.0,184.0,0.9938,3.09,0.43,9.3,5,0
5.0,0.33,0.16,1.5,0.049,10.0,97.0,0.9917,3.48,0.44,10.7,6,0
8.0,0.61,0.38,12.1,0.301,24.0,220.0,0.9993,2.94,0.48,9.2,5,0
6.4,0.23,0.33,1.15,0.044,15.5,217.5,0.992,3.33,0.44,11.0,6,0
8.3,0.33,0.42,1.15,0.033,18.0,96.0,0.9911,3.2,0.32,12.4,3,0
7.8,0.32,0.31,1.7,0.036,46.0,195.0,0.993,3.03,0.48,10.5,5,0
7.9,0.14,0.28,1.8,0.041,44.0,178.0,0.9954,3.45,0.43,9.2,6,0
7.1,0.44,0.37,2.7,0.041,35.0,128.0,0.9896,3.07,0.43,13.5,7,0
7.3,0.25,0.41,1.8,0.037,52.0,165.0,0.9911,3.29,0.39,12.2,7,0
6.9,0.29,0.16,6.8,0.034,65.0,212.0,0.9955,3.08,0.39,9.0,6,0
9.6,0.29,0.46,1.45,0.039,77.5,223.0,0.9944,2.92,0.46,9.5,6,0
7.8,0.16,0.41,1.7,0.026,29.0,140.0,0.991,3.02,0.78,12.5,6,0
8.0,0.45,0.36,8.8,0.026,50.0,151.0,0.9927,3.07,0.25,12.7,8,1
6.4,0.25,0.53,6.6,0.038,59.0,234.0,0.9955,3.03,0.42,8.8,5,0
6.5,0.22,0.72,6.8,0.042,33.0,168.0,0.9958,3.12,0.36,9.2,6,0
8.4,0.58,0.27,12.15,0.033,37.0,116.0,0.9959,2.99,0.39,10.8,6,0
5.7,0.21,0.24,2.3,0.047,60.0,189.0,0.995,3.65,0.72,10.1,6,0
6.7,0.18,0.3,6.4,0.048,40.0,251.0,0.9956,3.29,0.52,10.0,5,0
6.3,0.29,0.4,6.5,0.039,43.0,167.0,0.9953,3.15,0.44,9.3,6,0
6.4,0.25,0.33,1.4,0.04,42.0,115.0,0.9906,3.19,0.48,11.3,7,0
7.6,0.19,0.41,1.1,0.04,38.0,143.0,0.9907,2.92,0.42,11.4,5,0
7.0,0.14,0.41,0.9,0.037,22.0,95.0,0.9914,3.25,0.43,10.9,6,0
8.3,0.26,0.41,9.2,0.042,41.0,162.0,0.9944,3.1,0.38,12.0,7,0
6.9,0.46,0.2,0.9,0.054,5.0,126.0,0.992,3.1,0.42,10.4,6,0
6.6,0.56,0.16,3.1,0.045,28.0,92.0,0.994,3.12,0.35,9.1,6,0
6.8,0.23,0.4,1.6,0.047,5.0,133.0,0.993,3.23,0.7,11.4,6,0
8.1,0.19,0.4,0.9,0.037,73.0,180.0,0.9926,3.06,0.34,10.0,6,0
7.4,0.4,0.29,5.4,0.044,31.0,122.0,0.994,3.3,0.5,11.1,8,1
6.6,0.23,0.26,1.3,0.045,16.0,128.0,0.9934,3.36,0.6,10.0,6,0
7.2,0.08,0.49,1.3,0.05,18.0,148.0,0.9945,3.46,0.44,10.2,6,0
6.2,0.15,0.49,0.9,0.033,17.0,51.0,0.9932,3.3,0.7,9.4,6,0
7.6,0.29,0.49,9.6,0.03,45.0,197.0,0.9938,3.13,0.38,12.3,7,0
9.2,0.18,0.49,1.5,0.041,39.0,130.0,0.9945,3.04,0.49,9.8,7,0
7.9,0.2,0.49,1.6,0.053,15.0,144.0,0.993,3.16,0.47,10.5,5,0
7.1,0.18,0.74,15.6,0.044,44.0,176.0,0.9996,3.38,0.67,9.0,6,0
6.6,0.19,0.99,1.2,0.122,45.0,129.0,0.9936,3.09,0.31,8.7,6,0
8.8,0.35,0.49,1.0,0.036,14.0,56.0,0.992,2.96,0.33,10.5,4,1
7.6,0.18,0.49,18.05,0.046,36.0,158.0,0.9996,3.06,0.41,9.2,5,0
6.6,0.55,0.01,2.7,0.034,56.0,122.0,0.9906,3.15,0.3,11.9,5,0
6.4,0.27,0.49,7.3,0.046,53.0,206.0,0.9956,3.24,0.43,9.2,6,0
6.3,0.24,0.74,1.4,0.172,24.0,108.0,0.9932,3.27,0.39,9.9,6,0
6.9,0.27,0.49,23.5,0.057,59.0,235.0,1.0024,2.98,0.47,8.6,5,0
7.8,0.26,0.49,3.2,0.027,28.0,87.0,0.9919,3.03,0.32,11.3,7,0
7.1,0.28,0.49,6.5,0.041,28.0,111.0,0.9926,3.41,0.58,12.2,8,1
6.4,0.22,0.49,7.5,0.054,42.0,151.0,0.9948,3.27,0.52,10.1,6,0
7.9,0.33,0.28,31.6,0.053,35.0,176.0,1.0103,3.15,0.38,8.8,6,0
7.3,0.26,0.33,17.85,0.049,41.5,195.0,1.0,3.06,0.44,9.1,7,0
7.2,0.21,0.33,3.0,0.036,35.0,132.0,0.9928,3.25,0.4,11.0,6,0
6.7,0.33,0.42,6.4,0.058,27.0,151.0,0.9954,3.16,0.44,9.6,5,0
6.8,0.3,0.24,6.6,0.123,35.0,116.0,0.9953,3.07,0.48,9.4,5,0
5.8,0.23,0.27,1.8,0.043,24.0,69.0,0.9933,3.38,0.31,9.4,6,0
8.2,0.15,0.48,2.7,0.052,24.0,190.0,0.995,3.5,0.45,10.9,7,0
6.6,0.545,0.04,2.5,0.031,48.0,111.0,0.9906,3.14,0.32,11.9,5,0
6.9,0.16,0.3,9.6,0.057,50.0,185.0,0.9978,3.39,0.38,9.6,6,0
6.4,0.16,0.28,2.2,0.042,33.0,93.0,0.9914,3.31,0.43,11.1,6,0
6.7,0.27,0.25,8.0,0.053,54.0,202.0,0.9961,3.22,0.43,9.3,5,0
7.4,0.32,0.22,1.7,0.051,50.0,179.0,0.9955,3.28,0.69,8.9,5,0
7.7,0.43,0.28,4.5,0.046,33.0,102.0,0.9918,3.16,0.56,12.2,7,0
8.7,0.45,0.4,1.5,0.067,17.0,100.0,0.9957,3.27,0.57,10.1,6,0
6.7,0.24,0.29,6.8,0.038,54.0,127.0,0.9932,3.33,0.46,11.6,7,0
8.5,0.21,0.26,9.25,0.034,73.0,142.0,0.9945,3.05,0.37,11.4,6,0
7.8,0.2,0.24,1.6,0.026,26.0,189.0,0.991,3.08,0.74,12.1,7,0
9.4,0.16,0.3,1.4,0.042,26.0,176.0,0.9954,3.15,0.46,9.1,5,0
7.5,0.33,0.39,12.4,0.065,29.0,119.0,0.9974,3.16,0.39,9.4,5,0
7.2,0.5,0.0,0.8,0.034,46.0,114.0,0.9932,3.19,0.34,9.2,4,1
7.2,0.24,0.29,2.2,0.037,37.0,102.0,0.992,3.27,0.64,11.0,7,0
7.4,0.44,0.2,11.5,0.049,44.0,157.0,0.998,3.27,0.44,9.0,5,0
7.4,0.21,0.27,7.3,0.031,41.0,144.0,0.9932,3.15,0.38,11.8,7,0
6.8,0.43,0.3,3.5,0.033,27.0,135.0,0.9906,3.0,0.37,12.0,6,0
7.2,0.36,0.36,5.7,0.038,26.0,98.0,0.9914,2.93,0.59,12.5,7,0
7.5,0.26,0.26,18.35,0.084,33.0,139.0,1.0011,3.17,0.39,8.8,5,0
7.6,0.2,0.3,14.2,0.056,53.0,212.5,0.999,3.14,0.46,8.9,8,1
8.0,0.4,0.33,7.7,0.034,27.0,98.0,0.9935,3.18,0.41,12.2,7,0
6.3,0.21,0.28,1.5,0.051,46.0,142.0,0.9928,3.23,0.42,10.1,6,0
7.2,0.23,0.33,12.7,0.049,50.0,183.0,0.9987,3.41,0.4,9.8,5,0
6.7,0.3,0.45,10.6,0.032,56.0,212.0,0.997,3.22,0.59,9.5,6,0
7.4,0.18,0.34,2.7,0.03,30.0,107.0,0.992,2.97,0.53,11.0,6,0
6.3,0.28,0.24,8.45,0.031,32.0,172.0,0.9958,3.39,0.57,9.7,7,0
6.8,0.21,0.27,18.15,0.042,41.0,146.0,1.0001,3.3,0.36,8.7,5,0
7.3,0.29,0.29,4.6,0.029,27.0,155.0,0.9931,3.07,0.26,10.6,6,0
7.9,0.17,0.32,1.6,0.053,47.0,150.0,0.9948,3.29,0.76,9.6,6,0
6.8,0.28,0.35,2.3,0.042,16.0,85.0,0.9906,3.19,0.56,12.4,6,0
5.9,0.5,0.05,2.6,0.054,36.0,146.0,0.9948,3.43,0.5,9.2,6,0
7.7,0.28,0.35,15.3,0.056,31.0,117.0,0.9998,3.27,0.5,9.6,5,0
6.8,0.37,0.28,4.0,0.03,29.0,79.0,0.99,3.23,0.46,12.4,7,0
8.4,0.22,0.28,18.8,0.028,55.0,130.0,0.998,2.96,0.35,11.6,5,0
6.0,0.28,0.27,2.3,0.051,23.0,147.0,0.994,3.23,0.67,10.3,6,0
7.1,0.26,0.3,2.0,0.031,13.0,128.0,0.9917,3.19,0.49,11.4,5,0
7.0,0.32,0.35,1.5,0.039,24.0,125.0,0.9918,3.17,0.64,12.2,6,0
8.5,0.28,0.34,13.8,0.041,32.0,161.0,0.9981,3.13,0.4,9.9,6,0
8.4,0.2,0.31,2.8,0.054,16.0,89.0,0.99416,2.96,0.45,9.5,6,0
6.4,0.34,0.2,14.9,0.06,37.0,162.0,0.9983,3.13,0.45,9.0,4,1
6.4,0.34,0.2,14.9,0.06,37.0,162.0,0.9983,3.13,0.45,9.0,4,1
7.3,0.21,0.21,1.6,0.046,35.0,133.0,0.99466,3.38,0.46,10.0,6,0
6.1,0.46,0.32,6.2,0.053,10.0,94.0,0.99537,3.35,0.47,10.1,5,0
6.4,0.16,0.25,1.3,0.047,20.0,77.0,0.9933,3.61,0.54,10.2,6,0
8.6,0.17,0.28,2.7,0.047,38.0,150.0,0.99365,3.1,0.56,10.8,6,0
6.1,0.41,0.04,1.3,0.036,23.0,121.0,0.99228,3.24,0.61,9.9,6,0
7.7,0.29,0.29,4.8,0.06,27.0,156.0,0.99572,3.49,0.59,10.3,6,0
7.5,0.23,0.29,2.6,0.031,24.0,98.0,0.99194,3.0,0.54,10.9,6,0
8.3,0.26,0.31,2.0,0.029,14.0,141.0,0.99077,2.95,0.77,12.2,6,0
6.6,0.32,0.24,1.3,0.06,42.5,204.0,0.99512,3.59,0.51,9.2,5,0
7.6,0.21,0.35,1.2,0.041,7.0,106.0,0.9914,3.06,0.45,11.3,4,1
7.0,0.16,0.26,6.85,0.047,30.0,220.0,0.99622,3.38,0.58,10.1,6,0
6.2,0.44,0.18,7.7,0.096,28.0,210.0,0.99771,3.56,0.72,9.2,5,0
6.7,0.27,0.26,2.3,0.043,61.0,181.0,0.99394,3.45,0.63,10.6,6,0
6.6,0.56,0.15,10.0,0.037,38.0,157.0,0.99642,3.28,0.52,9.4,5,0
6.6,0.56,0.15,10.0,0.037,38.0,157.0,0.99642,3.28,0.52,9.4,5,0
6.3,0.2,0.26,1.6,0.027,36.0,141.0,0.99268,3.53,0.56,10.8,6,0
7.8,0.32,0.33,10.4,0.031,47.0,194.0,0.99692,3.07,0.58,9.6,6,0
6.6,0.33,0.24,16.05,0.045,31.0,147.0,0.99822,3.08,0.52,9.2,5,0
6.1,0.27,0.31,1.5,0.035,17.0,83.0,0.99076,3.32,0.44,11.1,7,0
6.8,0.21,0.36,18.1,0.046,32.0,133.0,1.0,3.27,0.48,8.8,5,0
8.6,0.34,0.36,1.4,0.045,11.0,119.0,0.99556,3.17,0.47,9.4,4,1
7.3,0.51,0.29,11.3,0.034,61.0,224.0,0.99683,3.14,0.56,9.5,6,0
7.1,0.12,0.3,3.1,0.018,15.0,37.0,0.99004,3.02,0.52,11.9,7,0
7.5,0.41,0.23,14.8,0.054,28.0,174.0,0.99898,3.18,0.49,9.7,5,0
7.3,0.17,0.24,8.1,0.121,32.0,162.0,0.99508,3.17,0.38,10.4,8,1
5.9,0.28,0.14,8.6,0.032,30.0,142.0,0.99542,3.28,0.44,9.5,6,0
6.9,0.32,0.26,2.3,0.03,11.0,103.0,0.99106,3.06,0.42,11.1,6,0
6.6,0.41,0.16,1.4,0.037,28.0,160.0,0.99167,2.95,0.45,10.6,6,0
6.8,0.18,0.3,12.8,0.062,19.0,171.0,0.99808,3.0,0.52,9.0,7,0
7.3,0.32,0.29,1.5,0.038,32.0,144.0,0.99296,3.2,0.55,10.8,5,0
6.7,0.3,0.29,2.8,0.025,37.0,107.0,0.99159,3.31,0.63,11.3,7,0
6.15,0.21,0.37,3.2,0.021,20.0,80.0,0.99076,3.39,0.47,12.0,5,0
6.6,0.36,0.52,10.1,0.05,29.0,140.0,0.99628,3.07,0.4,9.4,5,0
6.5,0.18,0.41,14.2,0.039,47.0,129.0,0.99678,3.28,0.72,10.3,7,0
7.8,0.17,0.23,1.7,0.029,39.0,128.0,0.99272,3.37,0.41,10.7,7,0
7.3,0.22,0.31,2.3,0.018,45.0,80.0,0.98936,3.06,0.34,12.9,7,0
7.2,0.3,0.26,1.5,0.041,46.0,178.0,0.99154,3.19,0.56,11.3,6,0
9.6,0.655,0.21,2.0,0.039,21.0,120.0,0.99188,3.0,1.0,12.6,6,0
7.6,0.1,0.33,1.0,0.031,33.0,93.0,0.99094,3.06,0.68,11.2,6,0
8.0,0.17,0.29,2.4,0.029,52.0,119.0,0.98944,3.03,0.33,12.9,6,0
7.0,0.16,0.36,2.6,0.029,28.0,98.0,0.99126,3.11,0.37,11.2,7,0
6.7,0.23,0.25,1.6,0.036,28.0,143.0,0.99256,3.3,0.54,10.3,6,0
6.7,0.26,0.39,6.4,0.171,64.0,200.0,0.99562,3.19,0.38,9.4,6,0
6.9,0.23,0.32,16.4,0.045,62.0,153.0,0.9972,3.22,0.42,10.5,5,0
7.7,0.18,0.35,5.8,0.055,25.0,144.0,0.99576,3.24,0.54,10.2,6,0
6.4,0.27,0.29,10.8,0.028,17.0,118.0,0.99356,3.18,0.37,11.2,6,0
7.0,0.36,0.32,10.05,0.045,37.0,131.0,0.99352,3.09,0.33,11.7,8,1
6.4,0.24,0.25,20.2,0.083,35.0,157.0,0.99976,3.17,0.5,9.1,5,0
6.0,0.11,0.47,10.6,0.052,69.0,148.0,0.9958,2.91,0.34,9.3,4,1
6.3,0.25,0.22,3.3,0.048,41.0,161.0,0.99256,3.16,0.5,10.5,6,0
6.3,0.25,0.22,3.3,0.048,41.0,161.0,0.99256,3.16,0.5,10.5,6,0
5.8,0.22,0.29,0.9,0.034,34.0,89.0,0.98936,3.14,0.36,11.1,7,0
8.0,0.22,0.31,5.6,0.049,24.0,97.0,0.993,3.1,0.42,10.9,5,0
6.9,0.33,0.26,5.0,0.027,46.0,143.0,0.9924,3.25,0.43,11.2,7,0
6.5,0.15,0.32,1.3,0.036,19.0,76.0,0.98964,3.18,0.41,12.3,6,0
8.4,0.36,0.36,11.1,0.032,21.0,132.0,0.99313,2.95,0.39,13.0,6,0
6.1,0.16,0.37,1.1,0.031,37.0,97.0,0.9922,3.4,0.58,10.5,6,0
7.6,0.31,0.26,1.7,0.073,40.0,157.0,0.9938,3.1,0.46,9.8,5,0
5.7,0.21,0.25,1.1,0.035,26.0,81.0,0.9902,3.31,0.52,11.4,6,0
6.9,0.14,0.38,1.0,0.041,22.0,81.0,0.99043,3.03,0.54,11.4,6,0
6.4,0.25,0.32,11.3,0.038,69.0,192.0,0.99573,3.14,0.5,10.2,6,0
4.9,0.33,0.31,1.2,0.016,39.0,150.0,0.98713,3.33,0.59,14.0,8,1
7.2,0.2,0.22,1.6,0.044,17.0,101.0,0.99471,3.37,0.53,10.0,5,0
6.4,0.12,0.3,1.1,0.031,37.0,94.0,0.98986,3.01,0.56,11.7,6,0
7.5,0.38,0.29,4.9,0.021,38.0,113.0,0.99026,3.08,0.48,13.0,7,0
6.6,0.23,0.3,14.9,0.051,33.0,118.0,0.99835,3.04,0.54,9.0,6,0
7.5,0.19,0.4,7.1,0.056,50.0,110.0,0.9954,3.06,0.52,9.9,6,0
6.3,0.18,0.36,1.2,0.034,26.0,111.0,0.99074,3.16,0.51,11.0,6,0
7.1,0.47,0.29,14.8,0.024,22.0,142.0,0.99518,3.12,0.48,12.0,8,1
6.8,0.24,0.38,8.3,0.045,50.0,185.0,0.99578,3.15,0.5,9.5,6,0
6.3,0.33,0.42,17.2,0.037,57.0,170.0,0.99884,3.26,0.57,9.4,6,0
7.4,0.21,0.8,12.3,0.038,77.0,183.0,0.99778,2.95,0.48,9.0,5,0
7.5,0.25,0.47,4.1,0.041,95.0,163.0,0.99184,2.92,0.59,11.3,6,0
6.0,0.35,0.51,1.2,0.029,10.0,102.0,0.9903,3.46,0.42,11.9,6,0
5.8,0.31,0.32,4.5,0.024,28.0,94.0,0.98906,3.25,0.52,13.7,7,0
6.1,0.2,0.34,9.5,0.041,38.0,201.0,0.995,3.14,0.44,10.1,3,0
6.5,0.29,0.26,7.0,0.04,18.0,113.0,0.99366,3.17,0.38,10.2,6,0
7.0,0.25,0.45,2.3,0.045,40.0,118.0,0.99064,3.16,0.48,11.9,7,0
7.2,0.32,0.4,8.7,0.038,45.0,154.0,0.99568,3.2,0.47,10.4,6,0
7.2,0.32,0.4,8.7,0.038,45.0,154.0,0.99568,3.2,0.47,10.4,6,0
7.2,0.4,0.38,2.2,0.03,40.0,109.0,0.99075,3.27,0.46,12.6,6,0
6.1,0.17,0.42,15.1,0.033,28.0,124.0,0.99684,2.87,0.47,9.5,5,0
5.2,0.34,0.37,6.2,0.031,42.0,133.0,0.99076,3.25,0.41,12.5,6,0
6.8,0.21,0.4,6.3,0.032,40.0,121.0,0.99214,3.18,0.53,12.0,7,0
6.2,0.35,0.31,2.6,0.036,37.0,92.0,0.98938,3.27,0.53,12.8,7,0
6.6,0.24,0.38,12.75,0.034,8.0,74.0,0.99386,3.1,0.57,12.9,6,0
6.8,0.27,0.37,8.2,0.055,52.0,192.0,0.99586,3.11,0.52,9.5,6,0
6.6,0.25,0.34,3.0,0.054,22.0,141.0,0.99338,3.26,0.47,10.4,6,0
5.8,0.3,0.42,1.1,0.036,19.0,113.0,0.98871,3.1,0.46,12.6,7,0
7.4,0.19,0.31,14.5,0.045,39.0,193.0,0.9986,3.1,0.5,9.2,6,0
7.6,0.19,0.32,18.75,0.047,32.0,193.0,1.00014,3.1,0.5,9.3,7,0
5.8,0.23,0.2,2.0,0.043,39.0,154.0,0.99226,3.21,0.39,10.2,6,0
6.6,0.2,0.14,4.4,0.184,35.0,168.0,0.99396,2.93,0.45,9.4,6,0
8.0,0.34,0.25,6.4,0.035,38.0,103.0,0.99148,2.91,0.23,12.2,6,0
5.6,0.12,0.33,2.9,0.044,21.0,73.0,0.98896,3.17,0.32,12.9,8,1
6.3,0.24,0.35,2.3,0.039,43.0,109.0,0.99056,3.34,0.44,11.8,6,0
6.0,0.19,0.29,1.1,0.047,67.0,152.0,0.9916,3.54,0.59,11.1,7,0
5.8,0.18,0.37,1.1,0.036,31.0,96.0,0.98942,3.16,0.48,12.0,6,0
6.6,0.16,0.35,1.8,0.042,26.0,105.0,0.98962,3.19,0.75,12.4,7,0
6.8,0.25,0.28,5.0,0.035,42.0,126.0,0.99048,3.12,0.38,12.6,7,0
6.6,0.17,0.28,1.8,0.042,62.0,178.0,0.99204,3.15,0.42,10.2,5,0
6.4,0.24,0.29,1.0,0.038,18.0,122.0,0.9906,3.3,0.42,11.5,5,0
7.6,0.17,0.27,4.6,0.05,23.0,98.0,0.99422,3.08,0.47,9.5,6,0
7.0,0.22,0.28,10.6,0.039,32.0,117.0,0.99355,3.05,0.55,11.5,7,0
6.5,0.28,0.34,3.6,0.04,29.0,121.0,0.99111,3.28,0.48,12.1,7,0
6.4,0.22,0.32,4.9,0.046,50.0,156.0,0.99316,3.38,0.55,11.2,6,0
6.8,0.23,0.3,6.95,0.044,42.0,179.0,0.9946,3.25,0.56,10.6,6,0
6.4,0.32,0.31,1.9,0.037,34.0,126.0,0.99,3.06,0.45,11.8,6,0
6.9,0.29,0.3,8.2,0.026,35.0,112.0,0.99144,3.0,0.37,12.3,6,0
6.9,0.28,0.3,8.3,0.026,37.0,113.0,0.99139,2.99,0.38,12.3,8,1
7.1,0.32,0.3,9.9,0.041,63.0,192.0,0.99642,3.12,0.49,10.2,6,0
6.2,0.255,0.27,1.3,0.037,30.0,86.0,0.98834,3.05,0.59,12.9,7,0
8.2,0.34,0.29,5.2,0.076,19.0,92.0,0.99138,2.95,0.39,12.5,6,0
7.3,0.34,0.3,9.4,0.057,34.0,178.0,0.99554,3.15,0.44,10.4,6,0
7.3,0.23,0.24,0.9,0.031,29.0,86.0,0.98926,2.9,0.38,12.2,6,0
6.0,0.39,0.13,1.2,0.042,60.0,172.0,0.99114,3.06,0.52,10.6,5,0
5.8,0.32,0.2,2.6,0.027,17.0,123.0,0.98936,3.36,0.78,13.9,7,0
6.8,0.19,0.4,9.85,0.055,41.0,103.0,0.99532,2.98,0.56,10.5,6,0
6.2,0.36,0.45,10.4,0.06,22.0,184.0,0.99711,3.31,0.56,9.8,6,0
5.8,0.22,0.3,1.1,0.047,36.0,131.0,0.992,3.26,0.45,10.4,5,0
7.5,0.21,0.32,4.8,0.056,39.0,113.0,0.99393,3.11,0.52,10.2,7,0
6.0,0.24,0.28,3.95,0.038,61.0,134.0,0.99146,3.3,0.54,11.3,7,0
6.4,0.26,0.25,10.7,0.046,66.0,179.0,0.99606,3.17,0.55,9.9,6,0
7.0,0.22,0.24,11.0,0.041,75.0,167.0,0.99508,2.98,0.56,10.5,6,0
7.2,0.33,0.34,2.0,0.044,61.0,171.0,0.98947,3.25,0.53,13.3,7,0
6.0,0.23,0.15,9.7,0.048,101.0,207.0,0.99571,3.05,0.3,9.1,5,0
6.5,0.28,0.25,4.8,0.029,54.0,128.0,0.99074,3.17,0.44,12.2,7,0
6.6,0.23,0.37,8.5,0.036,46.0,153.0,0.99576,3.2,0.48,9.4,6,0
6.3,0.32,0.32,1.5,0.037,12.0,76.0,0.98993,3.3,0.46,12.3,6,0
5.6,0.28,0.27,3.9,0.043,52.0,158.0,0.99202,3.35,0.44,10.7,7,0
7.0,0.32,0.27,7.1,0.027,37.0,122.0,0.99165,3.15,0.6,12.6,7,0
6.4,0.38,0.24,7.2,0.047,41.0,151.0,0.99604,3.11,0.6,9.2,5,0
6.3,0.2,0.26,4.7,0.04,108.0,168.0,0.99278,3.07,0.75,10.7,7,0
5.4,0.53,0.16,2.7,0.036,34.0,128.0,0.98856,3.2,0.53,13.2,8,1
5.4,0.53,0.16,2.7,0.036,34.0,128.0,0.98856,3.2,0.53,13.2,8,1
7.0,0.22,0.26,9.2,0.027,37.0,122.0,0.99228,3.06,0.34,12.5,8,1
6.3,0.22,0.34,1.2,0.036,32.0,96.0,0.98961,3.06,0.74,11.6,6,0
6.6,0.15,0.34,1.0,0.037,45.0,79.0,0.98949,2.96,0.5,11.7,6,0
6.7,0.34,0.43,1.6,0.041,29.0,114.0,0.99014,3.23,0.44,12.6,6,0
6.6,0.28,0.23,10.4,0.049,45.0,190.0,0.99754,3.12,0.51,8.8,5,0
6.3,0.18,0.24,3.4,0.053,20.0,119.0,0.99373,3.11,0.52,9.2,6,0
6.3,0.34,0.27,2.5,0.024,40.0,152.0,0.99095,3.35,0.6,11.9,7,0
6.6,0.26,0.28,9.4,0.028,13.0,121.0,0.99254,3.17,0.34,12.1,6,0
7.5,0.28,0.41,1.3,0.044,11.0,126.0,0.99293,3.28,0.45,10.3,5,0
7.5,0.28,0.41,1.3,0.044,11.0,126.0,0.99293,3.28,0.45,10.3,5,0
7.0,0.15,0.28,14.7,0.051,29.0,149.0,0.99792,2.96,0.39,9.0,7,0
6.9,0.4,0.17,12.9,0.033,59.0,186.0,0.99754,3.08,0.49,9.4,5,0
6.3,0.24,0.29,13.7,0.035,53.0,134.0,0.99567,3.17,0.38,10.6,6,0
6.5,0.32,0.45,7.7,0.022,31.0,97.0,0.99134,3.2,0.7,12.7,7,0
6.6,0.27,0.52,8.1,0.044,53.0,202.0,0.99548,3.18,0.48,9.5,5,0
8.1,0.2,0.3,1.3,0.036,7.0,49.0,0.99242,2.99,0.73,10.3,5,0
6.9,0.28,0.28,12.2,0.042,52.0,139.0,0.99522,3.03,0.56,10.4,6,0
5.1,0.35,0.26,6.8,0.034,36.0,120.0,0.99188,3.38,0.4,11.5,6,0
8.0,0.27,0.33,1.2,0.05,41.0,103.0,0.99002,3.0,0.45,12.4,6,0
5.9,0.17,0.29,3.1,0.03,32.0,123.0,0.98913,3.41,0.33,13.7,7,0
6.5,0.27,0.19,6.6,0.045,98.0,175.0,0.99364,3.16,0.34,10.1,6,0
6.0,0.28,0.24,17.8,0.047,42.0,111.0,0.99896,3.1,0.45,8.9,6,0
7.0,0.25,0.33,2.1,0.021,17.0,76.0,0.99021,3.26,0.45,12.3,6,0
6.7,0.31,0.3,2.4,0.038,30.0,83.0,0.98867,3.09,0.36,12.8,7,0
8.6,0.31,0.3,0.9,0.045,16.0,109.0,0.99249,2.95,0.39,10.1,5,0
7.3,0.27,0.3,1.3,0.04,26.0,84.0,0.99222,3.28,0.53,10.7,6,0
5.7,0.23,0.25,7.95,0.042,16.0,108.0,0.99486,3.44,0.61,10.3,6,0
6.2,0.27,0.32,6.3,0.048,47.0,159.0,0.99282,3.21,0.6,11.0,6,0
7.2,0.58,0.27,5.8,0.032,40.0,118.0,0.99088,3.17,0.53,13.0,7,0
6.4,0.17,0.3,2.8,0.034,33.0,125.0,0.99152,3.03,0.49,10.4,6,0
6.7,0.19,0.32,3.7,0.041,26.0,76.0,0.99173,2.9,0.57,10.5,7,0
6.4,0.24,0.49,5.8,0.053,25.0,120.0,0.9942,3.01,0.98,10.5,6,0
5.9,0.23,0.24,1.6,0.037,32.0,115.0,0.99076,3.21,0.51,11.4,6,0
6.4,0.29,0.57,1.0,0.06,15.0,120.0,0.9924,3.06,0.41,9.5,5,0
6.2,0.24,0.22,7.9,0.053,45.0,149.0,0.99545,3.23,0.52,9.3,5,0
6.9,0.19,0.35,13.5,0.038,49.0,118.0,0.99546,3.0,0.63,10.7,6,0
7.4,0.36,0.32,1.9,0.036,27.0,119.0,0.99196,3.15,0.49,11.2,6,0
6.1,0.28,0.27,8.0,0.048,41.0,162.0,0.99498,3.21,0.51,9.9,5,0
7.4,0.37,0.26,9.6,0.05,33.0,134.0,0.99608,3.13,0.46,10.4,5,0
7.0,0.2,0.4,1.1,0.058,30.0,93.0,0.99322,3.03,0.38,9.2,6,0
6.5,0.21,0.42,1.1,0.059,33.0,101.0,0.9927,3.12,0.38,9.7,6,0
6.6,0.41,0.27,10.7,0.11,20.0,103.0,0.99672,3.08,0.41,9.0,6,0
6.4,0.5,0.2,2.4,0.059,19.0,112.0,0.99314,3.18,0.4,9.2,6,0
6.8,0.3,0.26,20.3,0.037,45.0,150.0,0.99727,3.04,0.38,12.3,6,0
6.6,0.33,0.32,15.6,0.054,62.0,227.0,0.99734,3.25,0.56,10.4,5,0
7.1,0.13,0.29,15.5,0.064,56.0,115.5,0.99737,3.16,0.41,9.7,7,0
7.4,0.26,0.32,3.7,0.032,29.0,193.0,0.99134,3.1,0.67,12.5,6,0
6.3,0.34,0.52,6.3,0.047,63.0,186.0,0.99481,3.18,0.44,9.6,5,0
7.4,0.16,0.3,13.7,0.056,33.0,168.0,0.99825,2.9,0.44,8.7,7,0
7.4,0.16,0.3,13.7,0.056,33.0,168.0,0.99825,2.9,0.44,8.7,7,0
6.8,0.34,0.27,5.2,0.06,14.0,169.0,0.99252,3.27,0.57,11.6,6,0
6.9,0.35,0.39,2.4,0.048,25.0,157.0,0.99133,3.2,0.54,11.1,7,0
6.8,0.24,0.33,3.2,0.049,68.0,161.0,0.99324,3.1,0.69,10.2,6,0
6.4,0.33,0.28,4.0,0.04,24.0,81.0,0.9903,3.26,0.64,12.6,7,0
5.9,0.24,0.34,2.0,0.037,40.0,108.0,0.98948,3.19,0.5,12.3,6,0
6.4,0.21,0.21,5.1,0.097,21.0,105.0,0.9939,3.07,0.46,9.6,5,0
5.8,0.22,0.29,1.3,0.036,25.0,68.0,0.98865,3.24,0.35,12.6,6,0
6.0,0.17,0.21,6.0,0.05,26.0,134.0,0.9939,3.08,0.54,9.8,6,0
7.5,0.35,0.37,2.5,0.066,29.0,89.0,0.98964,3.14,0.42,12.7,6,0
6.6,0.39,0.28,9.2,0.036,10.0,92.0,0.99206,3.07,0.35,12.1,6,0
5.7,0.28,0.36,1.8,0.041,38.0,90.0,0.99002,3.27,0.98,11.9,7,0
6.5,0.26,0.24,10.8,0.042,47.0,130.0,0.996,3.08,0.4,10.1,6,0
5.9,0.22,0.29,4.2,0.037,69.0,144.0,0.99214,3.13,0.74,10.8,7,0
7.6,0.35,0.47,13.3,0.037,42.0,116.0,0.99822,3.04,0.5,9.2,5,0
5.5,0.23,0.19,2.2,0.044,39.0,161.0,0.99209,3.19,0.43,10.4,6,0
3.8,0.31,0.02,11.1,0.036,20.0,114.0,0.99248,3.75,0.44,12.4,6,0
6.2,0.36,0.22,5.25,0.038,44.0,145.0,0.99184,3.22,0.4,11.2,6,0
6.9,0.42,0.2,15.4,0.043,57.0,201.0,0.99848,3.08,0.54,9.4,5,0
5.7,0.22,0.2,16.0,0.044,41.0,113.0,0.99862,3.22,0.46,8.9,6,0
5.7,0.26,0.24,17.8,0.059,23.0,124.0,0.99773,3.3,0.5,10.1,5,0
6.6,0.26,0.27,11.8,0.048,28.0,112.0,0.99606,2.87,0.49,9.7,6,0
7.2,0.21,0.36,15.7,0.045,68.0,183.0,0.99922,3.25,0.76,9.4,5,0
7.0,0.2,0.35,8.8,0.037,31.0,103.0,0.99388,3.13,0.49,11.0,6,0
5.9,0.25,0.24,7.4,0.044,21.0,113.0,0.99462,3.38,0.58,10.5,6,0
6.9,0.26,0.29,4.2,0.043,33.0,114.0,0.9902,3.16,0.31,12.5,6,0
7.2,0.585,0.2,10.4,0.086,17.0,94.0,0.99681,3.13,0.4,9.4,5,0
7.4,0.38,0.34,8.3,0.052,44.0,168.0,0.99627,3.11,0.52,9.2,5,0
6.4,0.23,0.26,8.1,0.054,47.0,181.0,0.9954,3.12,0.49,9.4,5,0
6.4,0.24,0.26,8.2,0.054,47.0,182.0,0.99538,3.12,0.5,9.5,5,0
7.3,0.19,0.27,13.9,0.057,45.0,155.0,0.99807,2.94,0.41,8.8,8,1
6.8,0.24,0.29,2.0,0.044,15.0,96.0,0.99232,3.23,0.64,10.4,8,1
5.7,0.28,0.35,1.2,0.052,39.0,141.0,0.99108,3.44,0.69,11.3,6,0
5.9,0.29,0.28,3.2,0.035,16.0,117.0,0.98959,3.26,0.42,12.6,6,0
6.3,0.28,0.22,9.5,0.04,30.0,111.0,0.99338,3.05,0.31,10.8,4,1
7.3,0.22,0.37,15.5,0.048,70.0,203.0,0.99899,3.25,0.77,9.4,5,0
7.1,0.27,0.27,10.4,0.041,26.0,114.0,0.99335,3.04,0.52,11.5,7,0
6.6,0.22,0.23,17.3,0.047,37.0,118.0,0.99906,3.08,0.46,8.8,6,0
6.5,0.29,0.3,9.15,0.051,25.0,166.0,0.99339,3.24,0.56,11.3333333333333,6,0
5.0,0.35,0.25,7.8,0.031,24.0,116.0,0.99241,3.39,0.4,11.3,6,0
6.3,0.39,0.22,2.8,0.048,53.0,173.0,0.99304,3.24,0.45,9.8,5,0
6.6,0.38,0.29,2.9,0.035,15.0,101.0,0.98916,3.04,0.37,12.5,6,0
6.0,0.28,0.29,19.3,0.051,36.0,174.0,0.99911,3.14,0.5,9.0,5,0
6.2,0.32,0.24,4.1,0.051,34.0,149.0,0.99306,3.36,0.52,11.0,5,0
6.4,0.32,0.26,7.9,0.05,53.0,180.0,0.99514,3.14,0.5,9.6,5,0
6.4,0.32,0.26,7.9,0.05,53.0,180.0,0.99514,3.14,0.5,9.6,5,0
6.2,0.3,0.33,3.5,0.037,37.0,155.0,0.98987,3.18,0.37,12.4,6,0
6.4,0.13,0.28,0.9,0.045,32.0,87.0,0.99175,3.47,0.52,11.2,6,0
6.8,0.23,0.39,16.1,0.053,71.0,194.0,0.9988,3.18,0.64,10.2,6,0
6.8,0.2,0.25,6.2,0.052,22.0,106.0,0.9935,3.09,0.54,10.8,5,0
6.1,0.27,0.32,1.1,0.034,24.0,110.0,0.9898,3.36,0.4,12.5,6,0
9.0,0.2,0.33,3.5,0.049,10.0,40.0,0.9944,3.14,0.36,9.8,6,0
6.7,0.18,0.25,14.3,0.048,79.0,149.0,0.9975,3.12,0.37,9.7,5,0
5.8,0.27,0.22,12.7,0.058,42.0,206.0,0.9946,3.32,0.38,12.3,6,0
8.3,0.18,0.37,1.2,0.049,6.0,94.0,0.9937,3.18,0.52,10.1,5,0
7.1,0.09,0.3,6.2,0.032,24.0,134.0,0.993,2.99,0.39,10.9,6,0
5.8,0.28,0.3,3.9,0.026,36.0,105.0,0.98963,3.26,0.58,12.75,6,0
5.8,0.28,0.3,3.9,0.026,36.0,105.0,0.98963,3.26,0.58,12.75,6,0
5.9,0.29,0.32,1.4,0.022,17.0,47.0,0.9899,3.35,0.35,11.5,6,0
6.8,0.45,0.3,11.8,0.094,23.0,97.0,0.997,3.09,0.44,9.6,5,0
5.6,0.18,0.3,10.2,0.028,28.0,131.0,0.9954,3.49,0.42,10.8,7,0
5.9,0.3,0.29,1.1,0.036,23.0,56.0,0.9904,3.19,0.38,11.3,5,0
6.3,0.15,0.34,11.4,0.05,25.0,96.0,0.99754,3.21,0.49,10.0,6,0
6.4,0.33,0.3,7.2,0.041,42.0,168.0,0.99331,3.22,0.49,11.1,6,0
6.5,0.36,0.31,13.55,0.053,20.0,113.0,0.99544,3.2,0.56,11.0,6,0
5.0,0.33,0.18,4.6,0.032,40.0,124.0,0.99114,3.18,0.4,11.0,6,0
6.8,0.38,0.29,9.9,0.037,40.0,146.0,0.99326,3.11,0.37,11.5,6,0
5.9,0.42,0.36,2.4,0.034,19.0,77.0,0.99184,3.25,0.48,10.9,5,0
5.8,0.27,0.2,7.3,0.04,42.0,145.0,0.99442,3.15,0.48,9.8,5,0
8.3,0.49,0.23,6.65,0.034,6.0,158.0,0.99344,3.05,0.48,11.2,5,0
5.0,0.24,0.34,1.1,0.034,49.0,158.0,0.98774,3.32,0.32,13.1,7,0
5.8,0.26,0.29,1.0,0.042,35.0,101.0,0.99044,3.36,0.48,11.4,7,0
5.9,0.44,0.33,1.2,0.049,12.0,117.0,0.99134,3.46,0.44,11.5,5,0
4.9,0.335,0.14,1.3,0.036,69.0,168.0,0.99212,3.47,0.46,10.4666666666667,5,0
5.7,0.21,0.37,4.5,0.04,58.0,140.0,0.99332,3.29,0.62,10.6,6,0
6.8,0.63,0.04,1.3,0.058,25.0,133.0,0.99271,3.17,0.39,10.2,4,1
6.0,0.24,0.34,1.0,0.036,52.0,184.0,0.99097,3.44,0.44,11.45,6,0
6.7,0.16,0.32,12.5,0.035,18.0,156.0,0.99666,2.88,0.36,9.0,6,0
6.0,0.36,0.32,1.1,0.053,26.0,173.0,0.99414,3.38,0.54,8.8,5,0
5.7,0.27,0.16,9.0,0.053,32.0,111.0,0.99474,3.36,0.37,10.4,6,0
5.9,0.21,0.31,1.8,0.033,45.0,142.0,0.98984,3.35,0.5,12.7,6,0
6.1,0.22,0.4,1.85,0.031,25.0,111.0,0.98966,3.03,0.3,11.8,7,0
6.3,0.48,0.48,1.8,0.035,35.0,96.0,0.99121,3.49,0.74,12.2,6,0
6.0,0.17,0.36,1.7,0.042,14.0,61.0,0.99144,3.22,0.54,10.8,6,0
6.0,0.14,0.37,1.2,0.032,63.0,148.0,0.99185,3.32,0.44,11.2,5,0
5.2,0.3,0.34,1.5,0.038,18.0,96.0,0.98942,3.56,0.48,13.0,8,1
5.8,0.27,0.4,1.2,0.076,47.0,130.0,0.99185,3.13,0.45,10.3,6,0
5.6,0.3,0.1,6.4,0.043,34.0,142.0,0.99382,3.14,0.48,9.8,5,0
4.7,0.785,0.0,3.4,0.036,23.0,134.0,0.98981,3.53,0.92,13.8,6,0
6.4,0.31,0.5,5.8,0.038,42.0,111.0,0.99189,3.18,0.53,11.9,7,0
6.0,0.26,0.24,1.3,0.053,66.0,150.0,0.9924,3.21,0.62,10.4,6,0
7.0,0.17,0.42,1.0,0.075,19.0,71.0,0.99103,3.32,0.62,11.4,6,0
5.6,0.34,0.25,2.5,0.046,47.0,182.0,0.99093,3.21,0.4,11.3,5,0
4.4,0.54,0.09,5.1,0.038,52.0,97.0,0.99022,3.41,0.4,12.2,7,0
7.1,0.23,0.39,13.7,0.058,26.0,172.0,0.99755,2.9,0.46,9.0,6,0
5.9,0.22,0.3,1.3,0.052,42.0,86.0,0.99069,3.31,0.47,11.55,6,0
6.1,0.32,0.28,6.6,0.021,29.0,132.0,0.99188,3.15,0.36,11.45,7,0
7.4,0.22,0.26,1.2,0.035,18.0,97.0,0.99245,3.12,0.41,9.7,6,0
5.0,0.235,0.27,11.75,0.03,34.0,118.0,0.9954,3.07,0.5,9.4,6,0
6.1,0.34,0.29,2.2,0.036,25.0,100.0,0.98938,3.06,0.44,11.8,6,0
5.7,0.21,0.32,0.9,0.038,38.0,121.0,0.99074,3.24,0.46,10.6,6,0
6.5,0.24,0.19,1.2,0.041,30.0,111.0,0.99254,2.99,0.46,9.4,6,0
