8.6,0.23,0.4,4.2,0.035,17.0,109.0,0.9947,3.14,0.53,9.7,5,0
7.4,0.34,0.42,1.1,0.033,17.0,171.0,0.9917,3.12,0.53,11.3,6,0
7.0,0.28,0.39,8.7,0.051,32.0,141.0,0.9961,3.38,0.53,10.5,6,0
7.0,0.31,0.26,7.4,0.069,28.0,160.0,0.9954,3.13,0.46,9.8,6,0
7.0,0.47,0.07,1.1,0.035,17.0,151.0,0.991,3.02,0.34,10.5,5,0
6.7,0.23,0.31,2.1,0.046,30.0,96.0,0.9926,3.33,0.64,10.7,8,1
7.1,0.34,0.2,6.1,0.063,47.0,164.0,0.9946,3.17,0.42,10.0,5,0
7.2,0.39,0.63,11.0,0.044,55.0,156.0,0.9974,3.09,0.44,8.7,6,0
6.1,0.27,0.43,7.5,0.049,65.0,243.0,0.9957,3.12,0.47,9.0,5,0
9.8,0.36,0.46,10.5,0.038,4.0,83.0,0.9956,2.89,0.3,10.1,4,1
6.0,0.31,0.24,3.3,0.041,25.0,143.0,0.9914,3.31,0.44,11.3,6,0
6.5,0.24,0.32,7.6,0.038,48.0,203.0,0.9958,3.45,0.54,9.7,7,0
5.7,0.26,0.25,10.4,0.02,7.0,57.0,0.994,3.39,0.37,10.6,5,0
6.8,0.27,0.22,8.1,0.034,55.0,203.0,0.9961,3.19,0.52,8.9,5,0
5.6,0.16,0.27,1.4,0.044,53.0,168.0,0.9918,3.28,0.37,10.1,6,0
6.9,0.25,0.3,4.1,0.054,23.0,116.0,0.994,2.99,0.38,9.4,6,0
7.0,0.23,0.36,13.0,0.051,72.0,177.0,0.9972,3.16,0.49,9.8,5,0
6.4,0.3,0.45,3.5,0.197,76.0,180.0,0.9942,3.02,0.39,9.1,6,0
6.8,0.26,0.24,7.8,0.052,54.0,214.0,0.9961,3.13,0.47,8.9,5,0
10.2,0.44,0.88,6.2,0.049,20.0,124.0,0.9968,2.99,0.51,9.9,4,1
5.6,0.245,0.25,9.7,0.032,12.0,68.0,0.994,3.31,0.34,10.5,5,0
7.5,0.27,0.36,7.0,0.036,45.0,164.0,0.9939,3.03,0.33,11.0,5,0
6.2,0.25,0.25,1.4,0.03,35.0,105.0,0.9912,3.3,0.44,11.1,7,0
7.2,0.23,0.38,14.3,0.058,55.0,194.0,0.9979,3.09,0.44,9.0,6,0
6.8,0.52,0.32,13.2,0.044,54.0,221.0,0.9972,3.27,0.5,9.6,6,0
5.9,0.21,0.28,4.6,0.053,40.0,199.0,0.9964,3.72,0.7,10.0,4,1
8.5,0.26,0.21,16.2,0.074,41.0,197.0,0.998,3.02,0.5,9.8,3,0
6.9,0.4,0.56,11.2,0.043,40.0,142.0,0.9975,3.14,0.46,8.7,5,0
6.7,0.26,0.39,1.1,0.04,45.0,147.0,0.9935,3.32,0.58,9.6,8,1
6.3,0.35,0.3,5.7,0.035,8.0,97.0,0.9927,3.27,0.41,11.0,7,0
6.9,0.115,0.35,5.4,0.048,36.0,108.0,0.9939,3.32,0.42,10.2,6,0
6.2,0.28,0.22,7.3,0.041,26.0,157.0,0.9957,3.44,0.64,9.8,7,0
7.5,0.17,0.44,11.3,0.046,65.0,146.0,0.997,3.17,0.45,10.0,6,0
6.1,0.41,0.0,1.6,0.063,36.0,87.0,0.9914,3.27,0.67,10.8,6,0
5.4,0.31,0.47,3.0,0.053,46.0,144.0,0.9931,3.29,0.76,10.0,5,0
7.3,0.22,0.37,14.3,0.063,48.0,191.0,0.9978,2.89,0.38,9.0,6,0
6.9,0.33,0.21,1.0,0.053,39.0,148.0,0.9927,3.12,0.45,9.4,6,0
6.6,0.905,0.19,0.8,0.048,17.0,204.0,0.9934,3.34,0.56,10.0,5,0
7.2,0.27,0.27,2.4,0.048,30.0,149.0,0.9936,3.1,0.51,9.2,6,0
6.5,0.36,0.32,1.1,0.031,13.0,66.0,0.9916,3.1,0.46,10.6,5,0
6.4,0.19,0.42,2.9,0.032,32.0,83.0,0.9908,3.3,0.41,11.7,6,0
6.3,0.14,0.39,1.2,0.044,26.0,116.0,0.992,3.26,0.53,10.3,6,0
6.9,0.23,0.38,8.3,0.047,47.0,162.0,0.9954,3.34,0.52,10.5,7,0
6.8,0.29,0.5,13.3,0.053,48.0,194.0,0.9974,3.09,0.45,9.4,5,0
7.8,0.21,0.27,1.2,0.051,20.0,89.0,0.9936,3.06,0.46,9.1,5,0
5.9,0.25,0.19,12.4,0.047,50.0,162.0,0.9973,3.35,0.38,9.5,5,0
6.8,0.32,0.21,2.2,0.044,15.0,68.0,0.9932,3.17,0.39,9.4,6,0
5.8,0.25,0.24,13.3,0.044,41.0,137.0,0.9972,3.34,0.42,9.5,5,0
6.0,0.16,0.37,1.5,0.025,43.0,117.0,0.9928,3.46,0.51,9.7,6,0
7.4,0.26,0.31,7.6,0.047,52.0,177.0,0.9962,3.13,0.45,8.9,6,0
6.3,0.19,0.28,1.8,0.022,28.0,158.0,0.9907,3.2,0.64,11.4,6,0
7.9,0.345,0.51,15.3,0.047,54.0,171.0,0.9987,3.09,0.51,9.1,5,0
6.3,0.26,0.24,7.2,0.039,38.0,172.0,0.9958,3.49,0.64,9.7,6,0
7.0,0.3,0.51,13.6,0.05,40.0,168.0,0.9976,3.07,0.52,9.6,7,0
7.8,0.28,0.34,1.6,0.028,32.0,118.0,0.9901,3.0,0.38,12.1,7,0
8.4,0.35,0.71,12.2,0.046,22.0,160.0,0.9982,2.98,0.65,9.4,5,0
6.8,0.51,0.3,4.2,0.066,38.0,165.0,0.9945,3.2,0.42,9.1,5,0
6.1,0.26,0.51,2.2,0.05,61.0,154.0,0.9929,3.08,0.6,9.8,6,0
6.9,0.41,0.33,10.1,0.043,28.0,152.0,0.9968,3.2,0.52,9.4,5,0
6.3,0.27,0.38,0.9,0.051,7.0,140.0,0.9926,3.45,0.5,10.5,7,0
7.5,0.21,0.68,10.9,0.045,38.0,133.0,0.9978,3.0,0.36,8.7,5,0
7.8,0.32,0.33,2.4,0.037,18.0,101.0,0.9912,3.21,0.65,11.7,7,0
5.8,0.31,0.33,1.2,0.036,23.0,99.0,0.9916,3.18,0.6,10.5,6,0
7.0,0.23,0.42,18.05,0.05,35.0,144.0,0.9999,3.22,0.42,8.8,5,0
6.1,0.17,0.28,4.5,0.033,46.0,150.0,0.9933,3.43,0.49,10.9,6,0
6.3,0.26,0.25,7.8,0.058,44.0,166.0,0.9961,3.24,0.41,9.0,5,0
7.4,0.105,0.34,12.2,0.05,57.0,146.0,0.9973,3.16,0.37,9.0,6,0
6.0,0.32,0.12,5.9,0.041,34.0,190.0,0.9944,3.16,0.72,10.0,5,0
6.1,0.36,0.16,6.4,0.037,36.0,198.0,0.9944,3.17,0.62,9.9,6,0
6.2,0.31,0.21,6.3,0.041,50.0,218.0,0.9941,3.15,0.6,10.0,5,0
6.1,0.25,0.24,12.1,0.046,51.0,172.0,0.998,3.35,0.45,9.5,5,0
6.6,0.29,0.44,9.0,0.053,62.0,178.0,0.99685,3.02,0.45,8.9,5,0
7.2,0.29,0.4,7.6,0.024,56.0,177.0,0.9928,3.04,0.32,11.5,6,0
6.8,0.22,0.37,15.2,0.051,68.0,178.0,0.99935,3.4,0.85,9.3,6,0
6.8,0.24,0.49,19.3,0.057,55.0,247.0,1.00055,3.0,0.56,8.7,5,0
6.7,0.5,0.63,13.4,0.078,81.0,238.0,0.9988,3.08,0.44,9.2,5,0
6.7,0.11,0.34,8.8,0.043,41.0,113.0,0.9962,3.42,0.4,9.3,7,0
6.8,0.12,0.31,5.2,0.045,29.0,120.0,0.9942,3.41,0.46,9.8,7,0
7.6,0.3,0.27,10.6,0.039,31.0,119.0,0.99815,3.27,0.3,9.3,6,0
5.8,0.34,0.16,7.0,0.037,26.0,116.0,0.9949,3.46,0.45,10.0,7,0
7.7,0.34,0.28,11.0,0.04,31.0,117.0,0.99815,3.27,0.29,9.2,6,0
6.4,0.46,0.08,4.9,0.046,34.0,144.0,0.99445,3.1,0.56,10.0,5,0
7.8,0.42,0.23,8.8,0.054,42.0,215.0,0.9971,3.02,0.58,9.2,6,0
6.9,0.24,0.33,12.5,0.046,47.0,153.0,0.9983,3.28,0.77,9.6,6,0
6.2,0.29,0.26,13.1,0.046,55.0,204.0,0.99745,3.16,0.41,9.6,6,0
6.0,0.39,0.17,12.0,0.046,65.0,246.0,0.9976,3.15,0.38,9.0,6,0
6.0,0.28,0.49,6.8,0.048,61.0,222.0,0.9953,3.19,0.47,9.3,5,0
8.4,0.18,0.42,5.1,0.036,7.0,77.0,0.9939,3.16,0.52,11.7,5,0
7.7,0.34,0.58,11.1,0.039,41.0,151.0,0.9978,3.06,0.49,8.6,5,0
6.7,0.22,0.39,10.2,0.038,60.0,149.0,0.99725,3.17,0.54,10.0,7,0
7.3,0.25,0.42,14.2,0.041,57.0,182.0,0.9996,3.29,0.75,9.1,7,0
7.3,0.28,0.42,14.4,0.04,49.0,173.0,0.9994,3.28,0.82,9.0,7,0
6.2,0.16,0.54,1.4,0.126,37.0,110.0,0.9932,3.23,0.37,8.9,6,0
6.3,0.33,0.2,5.8,0.04,24.0,144.0,0.99425,3.15,0.63,9.9,5,0
5.8,0.29,0.05,0.8,0.038,11.0,30.0,0.9924,3.36,0.35,9.2,5,0
6.3,0.27,0.23,2.9,0.047,13.0,100.0,0.9936,3.28,0.43,9.8,5,0
5.4,0.415,0.19,1.6,0.039,27.0,88.0,0.99265,3.54,0.41,10.0,7,0
6.5,0.18,0.33,8.0,0.051,16.0,131.0,0.9965,3.28,0.44,8.7,7,0
7.3,0.24,0.34,15.4,0.05,38.0,174.0,0.9983,3.03,0.42,9.0,6,0
5.9,0.26,0.21,12.5,0.034,36.0,152.0,0.9972,3.28,0.43,9.5,6,0
6.8,0.22,0.35,17.5,0.039,38.0,153.0,0.9994,3.24,0.42,9.0,6,0
7.6,0.3,0.25,4.3,0.054,22.0,111.0,0.9956,3.12,0.49,9.2,5,0
7.7,0.28,0.33,6.7,0.037,32.0,155.0,0.9951,3.39,0.62,10.7,7,0
8.2,0.26,0.44,1.3,0.046,7.0,69.0,0.9944,3.14,0.62,10.2,4,1
7.0,0.24,0.35,1.5,0.052,51.0,128.0,0.9941,3.41,0.59,10.4,7,0
6.2,0.34,0.29,7.6,0.047,45.0,232.0,0.9955,3.35,0.62,10.0,6,0
8.1,0.26,0.37,1.9,0.072,48.0,159.0,0.9949,3.37,0.7,10.9,6,0
7.5,0.19,0.34,2.6,0.037,33.0,125.0,0.9923,3.1,0.49,11.1,7,0
7.0,0.17,0.33,4.0,0.034,17.0,127.0,0.9934,3.19,0.39,10.6,7,0
7.1,0.21,0.4,1.2,0.069,24.0,156.0,0.9928,3.42,0.43,10.6,6,0
6.3,0.16,0.4,1.6,0.033,59.0,148.0,0.9914,3.44,0.53,11.4,5,0
7.2,0.37,0.15,2.0,0.029,27.0,87.0,0.9903,3.3,0.59,12.6,7,0
6.3,0.55,0.45,13.0,0.047,33.0,182.0,0.9974,3.2,0.46,9.2,6,0
6.4,0.125,0.29,5.85,0.042,24.0,99.0,0.992,3.23,0.32,12.0,7,0
9.2,0.28,0.46,3.2,0.058,39.0,133.0,0.996,3.14,0.58,9.5,5,0
7.2,0.25,0.32,1.5,0.047,27.0,132.0,0.9933,3.26,0.44,10.5,5,0
8.9,0.34,0.32,1.3,0.041,12.0,188.0,0.9953,3.17,0.49,9.5,5,0
7.9,0.16,0.3,4.8,0.037,37.0,171.0,0.9967,3.47,0.44,9.0,4,1
7.8,0.3,0.29,16.85,0.054,23.0,135.0,0.9998,3.16,0.38,9.0,6,0
7.5,0.14,0.34,1.3,0.055,50.0,153.0,0.9945,3.29,0.8,9.6,6,0
6.4,0.25,0.41,8.6,0.042,57.0,173.0,0.9965,3.0,0.44,9.1,5,0
7.1,0.26,0.32,14.45,0.074,29.0,107.0,0.998,2.96,0.42,9.2,6,0
7.3,0.22,0.4,14.75,0.042,44.5,129.5,0.9998,3.36,0.41,9.1,7,0
6.4,0.3,0.38,7.8,0.046,35.0,192.0,0.9955,3.1,0.37,9.0,5,0
7.2,0.23,0.39,2.3,0.033,29.0,102.0,0.9908,3.26,0.54,12.3,7,0
7.4,0.18,0.42,2.1,0.036,33.0,187.0,0.9938,3.4,0.41,10.6,7,0
8.1,0.43,0.42,6.6,0.033,36.0,141.0,0.9918,2.98,0.39,13.3,7,0
8.0,0.66,0.72,17.55,0.042,62.0,233.0,0.9999,2.92,0.68,9.4,4,1
5.7,0.245,0.33,1.1,0.049,28.0,150.0,0.9927,3.13,0.42,9.3,5,0
7.5,0.28,0.34,4.2,0.028,36.0,116.0,0.991,2.99,0.41,12.3,8,1
7.6,0.31,0.29,10.5,0.04,21.0,145.0,0.9966,3.04,0.35,9.4,5,0
8.0,0.22,0.42,14.6,0.044,45.0,163.0,1.0003,3.21,0.69,8.6,7,0
7.7,0.27,0.34,1.8,0.028,26.0,168.0,0.9911,2.99,0.48,12.1,7,0
7.7,0.27,0.34,1.8,0.028,26.0,168.0,0.9911,2.99,0.48,12.1,7,0
8.3,0.21,0.4,1.6,0.032,35.0,110.0,0.9907,3.02,0.6,12.9,7,0
9.7,0.14,0.59,1.5,0.049,23.0,142.0,0.9958,2.98,0.62,9.5,5,0
7.9,0.255,0.26,2.0,0.026,40.0,190.0,0.9932,3.04,0.39,11.2,6,0
7.3,0.43,0.37,4.6,0.028,17.0,114.0,0.991,3.23,0.43,13.2,6,0
8.4,0.19,0.43,2.1,0.052,20.0,104.0,0.994,2.85,0.46,9.5,5,0
7.8,0.21,0.39,1.8,0.034,62.0,180.0,0.991,3.09,0.75,12.6,8,1
7.6,0.19,0.41,1.1,0.04,38.0,143.0,0.9907,2.92,0.42,11.4,5,0
6.8,0.35,0.32,2.4,0.048,35.0,103.0,0.9911,3.28,0.46,12.0,8,1
6.7,0.13,0.28,1.2,0.046,35.0,140.0,0.9927,3.33,0.33,10.1,7,0
10.7,0.22,0.56,8.2,0.044,37.0,181.0,0.998,2.87,0.68,9.5,6,0
5.7,0.43,0.3,5.7,0.039,24.0,98.0,0.992,3.54,0.61,12.3,7,0
7.1,0.36,0.56,1.3,0.046,25.0,102.0,0.9923,3.24,0.33,10.5,6,0
5.6,0.49,0.13,4.5,0.039,17.0,116.0,0.9907,3.42,0.9,13.7,7,0
6.2,0.16,0.47,1.4,0.029,23.0,81.0,0.99,3.26,0.42,12.2,6,0
8.6,0.55,0.35,15.55,0.057,35.5,366.5,1.0001,3.04,0.63,11.0,3,0
7.6,0.14,0.74,1.6,0.04,27.0,103.0,0.9916,3.07,0.4,10.8,7,0
9.8,0.25,0.74,10.0,0.056,36.0,225.0,0.9977,3.06,0.43,10.0,4,1
7.4,0.25,0.49,1.1,0.042,35.0,156.0,0.9917,3.13,0.55,11.3,5,0
7.1,0.29,0.49,1.2,0.031,32.0,99.0,0.9893,3.07,0.33,12.2,6,0
7.4,0.16,0.49,1.2,0.055,18.0,150.0,0.9917,3.23,0.47,11.2,6,0
7.2,0.4,0.49,1.1,0.048,11.0,138.0,0.9929,3.01,0.42,9.3,5,0
7.8,0.43,0.49,13.0,0.033,37.0,158.0,0.9955,3.14,0.35,11.3,6,0
7.7,0.16,0.49,2.0,0.056,20.0,124.0,0.9948,3.32,0.49,10.7,6,0
8.0,0.3,0.49,9.4,0.046,47.0,188.0,0.9964,3.14,0.48,10.0,5,0
7.7,0.27,0.49,1.8,0.041,23.0,86.0,0.9914,3.16,0.42,12.5,6,0
8.2,0.24,0.49,9.3,0.038,52.0,163.0,0.9952,3.02,0.33,10.6,6,0
8.4,0.23,0.49,7.8,0.035,22.0,95.0,0.9935,3.04,0.34,12.0,6,0
7.2,0.16,0.49,1.3,0.037,27.0,104.0,0.9924,3.23,0.57,10.6,6,0
6.8,0.17,0.74,2.4,0.053,61.0,182.0,0.9953,3.63,0.76,10.5,6,0
9.0,0.3,0.49,7.2,0.039,32.0,84.0,0.9938,2.94,0.32,11.5,6,0
9.3,0.31,0.49,1.3,0.042,34.0,147.0,0.9948,3.11,0.46,9.8,5,0
7.0,0.29,0.49,3.8,0.047,37.0,136.0,0.9938,2.95,0.4,9.4,6,0
9.0,0.17,0.49,1.0,0.039,46.0,131.0,0.993,3.09,0.51,10.5,7,0
7.4,0.19,0.49,6.7,0.037,15.0,110.0,0.9938,3.2,0.38,11.0,7,0
7.5,0.14,0.74,1.6,0.035,21.0,126.0,0.9933,3.26,0.45,10.2,6,0
8.1,0.12,0.49,1.2,0.042,43.0,160.0,0.9934,3.13,0.48,9.7,6,0
7.9,0.22,0.49,3.8,0.042,26.0,105.0,0.993,3.1,0.39,10.5,5,0
8.2,0.29,0.49,1.0,0.044,29.0,118.0,0.9928,3.24,0.36,10.9,4,1
7.8,0.24,0.18,6.7,0.046,33.0,160.0,0.9963,3.2,0.56,9.8,6,0
6.4,0.35,0.2,5.7,0.034,18.0,117.0,0.9944,3.33,0.43,10.1,5,0
7.0,0.61,0.26,1.7,0.051,25.0,161.0,0.9946,3.36,0.6,10.6,4,1
6.5,0.18,0.34,1.6,0.04,43.0,148.0,0.9912,3.32,0.59,11.5,8,1
6.8,0.27,0.32,1.5,0.044,19.0,142.0,0.9921,3.1,0.43,9.9,6,0
8.1,0.3,0.31,1.1,0.041,49.0,123.0,0.9914,2.99,0.45,11.1,6,0
6.9,0.16,0.3,9.6,0.057,50.0,185.0,0.9978,3.39,0.38,9.6,6,0
8.3,0.3,0.36,10.0,0.042,33.0,169.0,0.9982,3.23,0.51,9.3,6,0
8.0,0.3,0.28,5.7,0.044,31.0,124.0,0.9948,3.16,0.51,10.2,6,0
7.8,0.39,0.26,9.9,0.059,33.0,181.0,0.9955,3.04,0.42,10.9,6,0
7.8,0.4,0.26,9.5,0.059,32.0,178.0,0.9955,3.04,0.43,10.9,6,0
6.1,0.32,0.37,1.8,0.051,13.0,200.0,0.9945,3.49,0.44,10.5,4,1
6.7,0.37,0.41,6.3,0.061,22.0,149.0,0.9953,3.16,0.47,9.6,6,0
6.4,0.26,0.21,7.1,0.04,35.0,162.0,0.9956,3.39,0.58,9.9,6,0
9.4,0.16,0.23,1.6,0.042,14.0,67.0,0.9942,3.07,0.32,9.5,5,0
6.8,0.3,0.35,2.8,0.038,10.0,164.0,0.9912,3.09,0.53,12.0,6,0
7.4,0.29,0.31,1.7,0.035,23.0,110.0,0.9926,3.07,0.38,10.9,5,0
6.5,0.32,0.12,11.5,0.033,35.0,165.0,0.9974,3.22,0.32,9.0,5,0
7.7,0.44,0.24,11.2,0.031,41.0,167.0,0.9948,3.12,0.43,11.3,7,0
8.7,0.49,0.57,17.8,0.052,34.0,243.0,1.0007,2.98,0.82,9.0,5,0
5.8,0.33,0.2,16.05,0.047,26.0,166.0,0.9976,3.09,0.46,8.9,5,0
7.2,0.31,0.41,8.6,0.053,15.0,89.0,0.9976,3.29,0.64,9.9,6,0
7.2,0.36,0.36,5.7,0.038,26.0,98.0,0.9914,2.93,0.59,12.5,7,0
6.4,0.22,0.32,12.0,0.066,57.0,158.0,0.9992,3.6,0.43,9.0,6,0
9.5,0.21,0.47,1.3,0.039,21.0,123.0,0.9959,2.9,0.64,9.5,5,0
8.2,0.21,0.48,1.4,0.041,11.0,99.0,0.9958,3.17,0.57,9.9,5,0
7.9,0.33,0.26,1.2,0.044,23.0,103.0,0.9932,3.19,0.54,10.5,6,0
8.4,0.2,0.38,11.8,0.055,51.0,170.0,1.0004,3.34,0.82,8.9,6,0
7.6,0.34,0.39,7.6,0.04,45.0,215.0,0.9965,3.11,0.53,9.2,6,0
7.5,0.3,0.71,1.3,0.16,44.0,149.0,0.9948,3.08,0.42,8.9,5,0
5.7,0.27,0.32,1.2,0.046,20.0,155.0,0.9934,3.8,0.41,10.2,6,0
5.6,0.13,0.27,4.8,0.028,22.0,104.0,0.9948,3.34,0.45,9.2,6,0
6.6,0.27,0.29,5.3,0.045,57.0,189.0,0.9953,3.31,0.79,9.8,5,0
6.8,0.36,0.32,1.6,0.039,10.0,124.0,0.9948,3.3,0.67,9.6,5,0
8.2,0.17,0.32,1.5,0.05,17.0,101.0,0.994,3.14,0.58,9.5,5,0
6.8,0.32,0.34,6.0,0.05,5.0,129.0,0.9953,3.19,0.4,9.1,5,0
8.1,0.24,0.33,10.2,0.048,46.0,141.0,0.9972,3.16,0.48,10.3,6,0
7.4,0.18,0.36,13.1,0.056,72.0,163.0,1.0,3.42,0.35,9.1,6,0
6.5,0.22,0.25,17.1,0.05,44.0,138.0,1.0001,3.3,0.37,8.8,5,0
6.5,0.22,0.25,17.1,0.05,44.0,138.0,1.0001,3.3,0.37,8.8,5,0
6.9,0.26,0.33,12.6,0.051,59.0,173.0,0.998,3.39,0.38,9.9,5,0
8.3,0.24,0.27,2.1,0.03,22.0,162.0,0.9914,2.99,0.68,11.9,6,0
7.7,0.28,0.35,15.3,0.056,31.0,117.0,0.9998,3.27,0.5,9.6,5,0
7.2,0.115,0.3,6.8,0.056,26.0,105.0,0.9954,3.44,0.4,9.6,6,0
6.4,0.29,0.2,15.6,0.04,20.0,142.0,0.9962,3.1,0.54,10.6,5,0
7.0,0.24,0.34,3.0,0.035,36.0,102.0,0.9905,3.18,0.43,12.2,6,0
7.9,0.28,0.32,3.6,0.038,9.0,76.0,0.992,3.05,0.31,11.7,4,1
7.6,0.32,0.58,16.75,0.05,43.0,163.0,0.9999,3.15,0.54,9.2,5,0
6.8,0.25,0.18,1.4,0.056,13.0,137.0,0.9935,3.11,0.42,9.5,5,0
7.0,0.22,0.26,1.1,0.037,20.0,71.0,0.9902,3.1,0.38,11.7,6,0
6.6,0.25,0.42,11.3,0.049,77.0,231.0,0.9966,3.24,0.52,9.5,6,0
7.1,0.26,0.19,8.2,0.051,53.0,187.0,0.996,3.16,0.52,9.7,5,0
7.0,0.32,0.35,1.5,0.039,24.0,125.0,0.9918,3.17,0.64,12.2,6,0
6.9,0.23,0.33,12.8,0.056,44.0,169.0,0.998,3.42,0.42,9.8,6,0
7.7,0.27,0.61,12.0,0.046,64.0,179.0,0.9982,3.07,0.46,8.9,5,0
6.9,0.44,0.42,8.5,0.048,10.0,147.0,0.9974,3.32,0.46,9.5,6,0
7.3,0.4,0.28,6.5,0.037,26.0,97.0,0.99148,3.16,0.58,12.6,7,0
7.0,0.32,0.31,6.4,0.031,38.0,115.0,0.99235,3.38,0.58,12.2,7,0
6.0,0.26,0.18,7.0,0.055,50.0,194.0,0.99591,3.21,0.43,9.0,5,0
7.4,0.34,0.3,14.9,0.037,70.0,169.0,0.99698,3.25,0.37,10.4,6,0
6.9,0.3,0.29,1.3,0.053,24.0,189.0,0.99362,3.29,0.54,9.9,4,1
9.2,0.16,0.49,2.0,0.044,18.0,107.0,0.99514,3.1,0.53,10.2,4,1
7.9,0.44,0.26,4.45,0.033,23.0,100.0,0.99117,3.17,0.52,12.7,6,0
8.0,0.27,0.25,19.1,0.045,50.0,208.0,1.00051,3.05,0.5,9.2,6,0
7.2,0.2,0.28,1.6,0.028,13.0,168.0,0.99203,3.17,1.06,11.5,6,0
6.6,0.34,0.34,2.6,0.051,40.5,210.0,0.99314,3.15,0.61,10.0,5,0
5.6,0.35,0.4,6.3,0.022,23.0,174.0,0.9922,3.54,0.5,11.6,7,0
7.6,0.31,0.23,12.7,0.054,20.0,139.0,0.99836,3.16,0.5,9.7,4,1
6.4,0.31,0.4,6.4,0.039,39.0,191.0,0.99513,3.14,0.52,9.8,5,0
6.5,0.18,0.33,1.4,0.029,35.0,138.0,0.99114,3.36,0.6,11.5,7,0
6.4,0.16,0.37,1.5,0.037,27.0,109.0,0.99345,3.38,0.5,9.8,6,0
6.7,0.54,0.27,7.1,0.049,8.0,178.0,0.99502,3.16,0.38,9.4,4,1
9.0,0.26,0.34,6.7,0.029,21.0,162.0,0.99497,3.08,0.5,10.6,6,0
6.2,0.33,0.14,4.8,0.052,27.0,128.0,0.99475,3.21,0.48,9.4,5,0
6.3,0.26,0.42,7.1,0.045,62.0,209.0,0.99544,3.2,0.53,9.5,6,0
6.3,0.13,0.42,1.1,0.043,63.0,146.0,0.99066,3.13,0.72,11.2,7,0
6.4,0.15,0.44,1.2,0.043,67.0,150.0,0.9907,3.14,0.73,11.2,7,0
6.3,0.13,0.42,1.1,0.043,63.0,146.0,0.99066,3.13,0.72,11.2,7,0
6.9,0.21,0.24,1.8,0.021,17.0,80.0,0.98992,3.15,0.46,12.3,7,0
6.8,0.26,0.24,1.9,0.043,70.0,154.0,0.99273,3.18,0.52,10.5,5,0
6.8,0.18,0.3,12.8,0.062,19.0,171.0,0.99808,3.0,0.52,9.0,7,0
6.4,0.22,0.34,1.4,0.023,56.0,115.0,0.98958,3.18,0.7,11.7,6,0
6.5,0.18,0.41,14.2,0.039,47.0,129.0,0.99678,3.28,0.72,10.3,7,0
6.15,0.21,0.37,3.2,0.021,20.0,80.0,0.99076,3.39,0.47,12.0,5,0
5.8,0.6,0.0,1.3,0.044,72.0,197.0,0.99202,3.56,0.43,10.9,5,0
6.7,0.12,0.3,5.2,0.048,38.0,113.0,0.99352,3.33,0.44,10.1,7,0
6.5,0.15,0.44,12.6,0.052,65.0,158.0,0.99688,3.26,0.7,10.3,7,0
8.3,0.4,0.41,8.2,0.05,15.0,122.0,0.9979,3.39,0.49,9.3,5,0
7.2,0.35,0.25,5.6,0.032,23.0,120.0,0.99334,2.93,0.66,10.3,7,0
7.2,0.19,0.27,11.2,0.061,46.0,149.0,0.99772,2.99,0.59,9.3,6,0
6.6,0.21,0.29,1.8,0.026,35.0,128.0,0.99183,3.37,0.48,11.2,6,0
7.0,0.18,0.37,1.5,0.043,16.0,104.0,0.99216,3.18,0.5,10.8,5,0
6.9,0.3,0.25,3.3,0.041,26.0,124.0,0.99428,3.18,0.5,9.3,6,0
6.5,0.46,0.31,5.0,0.027,15.0,72.0,0.99165,3.26,0.6,11.5,7,0
6.5,0.23,0.36,16.3,0.038,43.0,133.0,0.99924,3.26,0.41,8.8,5,0
6.8,0.23,0.42,7.4,0.044,56.0,189.0,0.9958,3.22,0.48,9.3,6,0
6.8,0.24,0.37,7.45,0.043,59.0,188.0,0.99579,3.2,0.5,9.4,6,0
7.8,0.25,0.34,13.7,0.044,66.0,184.0,0.99976,3.22,0.75,8.9,5,0
7.6,0.4,0.27,5.2,0.03,32.0,101.0,0.99172,3.22,0.62,12.3,7,0
7.5,0.18,0.31,6.5,0.029,53.0,160.0,0.99276,3.03,0.38,10.9,6,0
6.5,0.29,0.31,1.7,0.035,24.0,79.0,0.99053,3.27,0.69,11.4,7,0
7.1,0.29,0.28,9.3,0.048,50.0,141.0,0.9949,3.13,0.49,10.3,6,0
6.9,0.615,0.42,12.0,0.067,24.0,131.0,0.99727,3.19,0.34,9.3,5,0
8.0,0.23,0.28,2.7,0.048,49.0,165.0,0.9952,3.26,0.72,9.5,6,0
7.3,0.26,0.33,11.8,0.057,48.0,127.0,0.99693,3.1,0.55,10.0,6,0
7.3,0.26,0.33,11.8,0.057,48.0,127.0,0.99693,3.1,0.55,10.0,6,0
8.6,0.33,0.34,11.8,0.059,42.0,240.0,0.99882,3.17,0.52,10.0,6,0
7.7,0.16,0.36,5.9,0.054,25.0,148.0,0.99578,3.25,0.54,10.2,6,0
6.0,0.26,0.15,1.3,0.06,51.0,154.0,0.99354,3.14,0.51,8.7,5,0
7.8,0.965,0.6,65.8,0.074,8.0,160.0,1.03898,3.39,0.69,11.7,6,0
6.4,0.14,0.31,1.2,0.034,53.0,138.0,0.99084,3.38,0.35,11.5,7,0
7.3,0.26,0.3,9.3,0.05,35.0,154.0,0.99581,3.21,0.5,10.4,6,0
5.8,0.2,0.34,1.0,0.035,40.0,86.0,0.98993,3.5,0.42,11.7,5,0
7.9,0.2,0.39,1.0,0.041,37.0,154.0,0.99093,3.08,0.43,11.9,5,0
5.6,0.18,0.58,1.25,0.034,29.0,129.0,0.98984,3.51,0.6,12.0,7,0
6.4,0.2,0.28,2.5,0.032,24.0,84.0,0.99168,3.31,0.55,11.5,5,0
6.2,0.16,0.34,1.7,0.038,85.0,153.0,0.9909,3.33,0.86,12.0,7,0
7.0,0.31,0.31,9.1,0.036,45.0,140.0,0.99216,2.98,0.31,12.0,7,0
7.2,0.2,0.22,1.6,0.044,17.0,101.0,0.99471,3.37,0.53,10.0,5,0
6.1,0.38,0.42,5.0,0.016,31.0,113.0,0.99007,3.15,0.31,12.4,7,0
6.9,0.3,0.3,10.55,0.037,4.0,28.0,0.99184,3.07,0.32,12.7,6,0
6.8,0.18,0.28,9.8,0.039,29.0,113.0,0.99406,3.11,0.45,10.9,7,0
6.0,0.32,0.3,1.3,0.025,18.0,112.0,0.98802,3.07,0.64,13.3,7,0
6.8,0.25,0.37,3.1,0.026,29.0,93.0,0.99035,3.14,0.45,12.2,6,0
7.2,0.32,0.3,8.25,0.02,14.0,104.0,0.99362,2.99,0.44,11.4,6,0
6.8,0.27,0.29,4.6,0.046,6.0,88.0,0.99458,3.34,0.48,10.6,4,1
7.0,0.13,0.37,12.85,0.042,36.0,105.0,0.99581,3.05,0.55,10.7,6,0
5.7,0.12,0.26,5.5,0.034,21.0,99.0,0.99324,3.09,0.57,9.9,6,0
7.1,0.17,0.43,1.3,0.023,33.0,132.0,0.99067,3.11,0.56,11.7,6,0
6.5,0.36,0.38,10.2,0.028,20.0,82.0,0.99274,3.1,0.43,12.1,7,0
8.5,0.23,0.4,9.9,0.036,24.0,88.0,0.9951,3.02,0.42,10.5,6,0
6.6,0.17,0.35,2.6,0.03,33.0,78.0,0.99146,3.22,0.72,11.3,6,0
7.0,0.25,0.45,2.3,0.045,40.0,118.0,0.99064,3.16,0.48,11.9,7,0
9.7,0.24,0.49,4.9,0.032,3.0,18.0,0.99368,2.85,0.54,10.0,6,0
6.6,0.78,0.5,1.5,0.045,30.0,133.0,0.99104,3.25,0.48,11.7,5,0
7.0,0.26,0.34,10.9,0.038,25.0,84.0,0.99432,3.11,0.34,10.9,6,0
7.7,0.25,0.49,2.5,0.047,31.0,169.0,0.99252,3.07,0.57,10.6,6,0
7.6,0.35,0.46,14.7,0.047,33.0,151.0,0.99709,3.03,0.53,10.3,5,0
6.2,0.25,0.42,8.0,0.049,53.0,206.0,0.99586,3.16,0.47,9.1,6,0
6.6,0.25,0.35,2.9,0.034,38.0,121.0,0.99008,3.19,0.4,12.8,6,0
5.5,0.19,0.27,0.9,0.04,52.0,103.0,0.99026,3.5,0.39,11.2,5,0
6.8,0.39,0.34,7.4,0.02,38.0,133.0,0.99212,3.18,0.44,12.0,7,0
6.8,0.39,0.34,7.4,0.02,38.0,133.0,0.99212,3.18,0.44,12.0,7,0
5.7,0.16,0.26,6.3,0.043,28.0,113.0,0.9936,3.06,0.58,9.9,6,0
7.3,0.2,0.39,2.3,0.048,24.0,87.0,0.99044,2.94,0.35,12.0,6,0
6.5,0.24,0.38,1.0,0.027,31.0,90.0,0.98926,3.24,0.36,12.3,6,0
5.5,0.12,0.33,1.0,0.038,23.0,131.0,0.99164,3.25,0.45,9.8,5,0
6.5,0.24,0.38,1.0,0.027,31.0,90.0,0.98926,3.24,0.36,12.3,6,0
6.7,0.18,0.37,1.3,0.027,42.0,125.0,0.98939,3.24,0.37,12.8,7,0
6.6,0.19,0.33,1.8,0.035,42.0,148.0,0.99196,3.15,0.36,10.2,5,0
7.9,0.34,0.44,6.5,0.027,47.0,126.0,0.99124,2.96,0.37,12.5,6,0
6.8,0.45,0.36,5.0,0.033,28.0,156.0,0.991,3.11,0.4,12.4,7,0
6.6,0.33,0.4,2.65,0.041,35.0,86.0,0.98916,3.11,0.39,13.3,7,0
6.4,0.25,0.37,4.5,0.039,41.0,147.0,0.9921,3.18,0.4,11.1,7,0
6.7,0.13,0.45,4.2,0.043,52.0,131.0,0.99162,3.06,0.54,11.3,6,0
7.1,0.26,0.37,5.5,0.025,31.0,105.0,0.99082,3.06,0.33,12.6,8,1
6.3,0.32,0.32,1.5,0.03,24.0,101.0,0.98923,3.21,0.42,13.0,5,0
6.5,0.48,0.02,0.9,0.043,32.0,99.0,0.99226,3.14,0.47,9.8,4,1
6.6,0.38,0.36,9.2,0.061,42.0,214.0,0.9976,3.31,0.56,9.4,5,0
6.5,0.25,0.5,7.6,0.047,54.0,184.0,0.99572,3.17,0.45,9.2,5,0
6.3,0.22,0.34,5.0,0.032,36.0,93.0,0.99012,3.27,0.36,13.5,7,0
5.9,0.24,0.28,1.3,0.032,36.0,95.0,0.98889,3.08,0.64,12.9,7,0
5.6,0.32,0.32,8.3,0.043,32.0,105.0,0.99266,3.24,0.47,11.2,6,0
5.8,0.17,0.36,1.3,0.036,11.0,70.0,0.99202,3.43,0.68,10.4,7,0
6.7,0.23,0.33,8.1,0.048,45.0,176.0,0.99472,3.11,0.52,10.1,6,0
6.6,0.425,0.25,2.35,0.034,23.0,87.0,0.99082,3.05,0.41,11.4,6,0
6.2,0.3,0.31,1.2,0.048,19.0,125.0,0.98999,3.32,0.54,12.6,6,0
6.5,0.43,0.28,11.25,0.032,31.0,87.0,0.9922,3.02,0.38,12.4,6,0
7.6,0.2,0.26,4.8,0.033,26.0,76.0,0.99076,2.98,0.49,12.3,7,0
6.0,0.29,0.25,1.4,0.033,30.0,114.0,0.98794,3.08,0.43,13.2,6,0
7.0,0.4,0.25,1.8,0.05,51.0,189.0,0.99174,3.0,0.55,11.4,6,0
6.1,0.28,0.27,4.7,0.03,56.0,140.0,0.99042,3.16,0.42,12.5,8,1
5.6,0.32,0.33,7.4,0.037,25.0,95.0,0.99268,3.25,0.49,11.1,6,0
7.1,0.18,0.39,15.25,0.047,45.0,158.0,0.99946,3.34,0.77,9.1,6,0
6.7,0.24,0.3,3.85,0.042,105.0,179.0,0.99189,3.04,0.59,11.3,8,1
5.4,0.45,0.27,6.4,0.033,20.0,102.0,0.98944,3.22,0.27,13.4,8,1
6.7,0.29,0.45,14.3,0.054,30.0,181.0,0.99869,3.14,0.57,9.1,5,0
6.5,0.16,0.34,1.4,0.029,29.0,133.0,0.99108,3.33,0.64,11.5,7,0
7.5,0.2,0.41,1.2,0.05,26.0,131.0,0.99133,3.19,0.52,11.1,5,0
7.6,0.23,0.29,8.6,0.053,65.0,146.0,0.9963,3.11,0.32,9.8,6,0
7.3,0.2,0.29,19.9,0.039,69.0,237.0,1.00037,3.1,0.48,9.2,6,0
6.0,0.33,0.2,1.8,0.031,49.0,159.0,0.9919,3.41,0.53,11.0,6,0
8.1,0.2,0.28,0.9,0.023,49.0,87.0,0.99062,2.92,0.36,11.1,6,0
6.9,0.26,0.27,4.2,0.031,20.0,80.0,0.99089,3.12,0.39,11.5,6,0
7.8,0.31,0.4,1.6,0.027,20.0,87.0,0.9911,3.15,0.48,11.9,6,0
6.8,0.18,0.28,1.1,0.027,32.0,112.0,0.99089,3.15,0.45,11.0,7,0
5.6,0.28,0.28,4.2,0.044,52.0,158.0,0.992,3.35,0.44,10.7,7,0
6.7,0.35,0.48,8.8,0.056,35.0,167.0,0.99628,3.04,0.47,9.4,5,0
6.8,0.14,0.18,1.4,0.047,30.0,90.0,0.99164,3.27,0.54,11.2,6,0
6.4,0.36,0.2,5.7,0.118,61.0,172.0,0.9946,3.24,0.43,9.5,6,0
6.5,0.21,0.51,17.6,0.045,34.0,125.0,0.99966,3.2,0.47,8.8,6,0
6.8,0.19,0.33,4.9,0.047,42.0,130.0,0.99283,3.12,0.56,11.0,6,0
5.9,0.18,0.28,5.1,0.039,50.0,139.0,0.99165,3.16,0.44,11.3,6,0
6.4,0.29,0.24,3.2,0.037,31.0,95.0,0.98942,2.9,0.66,12.6,7,0
6.8,0.18,0.32,7.2,0.047,17.0,109.0,0.99498,3.42,0.44,10.4,6,0
5.8,0.32,0.28,4.3,0.032,46.0,115.0,0.98946,3.16,0.57,13.0,8,1
6.5,0.27,0.26,11.0,0.03,2.0,82.0,0.99402,3.07,0.36,11.2,5,0
7.2,0.23,0.25,18.8,0.085,19.0,111.0,1.00044,3.1,0.51,8.7,5,0
7.1,0.2,0.27,9.6,0.037,19.0,105.0,0.99444,3.04,0.37,10.5,7,0
6.8,0.15,0.41,12.9,0.044,79.5,182.0,0.99742,3.24,0.78,10.2,6,0
6.6,0.26,0.22,18.15,0.05,23.0,139.0,0.99904,3.06,0.5,9.2,5,0
7.7,0.31,0.23,2.0,0.069,29.0,134.0,0.99382,3.11,0.62,9.8,5,0
7.0,0.34,0.26,10.3,0.041,51.0,166.0,0.99382,3.08,0.35,11.6,6,0
7.0,0.15,0.28,14.7,0.051,29.0,149.0,0.99792,2.96,0.39,9.0,7,0
5.4,0.46,0.15,2.1,0.026,29.0,130.0,0.98953,3.39,0.77,13.4,8,1
6.5,0.25,0.27,17.4,0.064,29.0,140.0,0.99776,3.2,0.49,10.1,6,0
7.0,0.39,0.21,10.7,0.098,13.0,91.0,0.99657,3.03,0.47,9.3,5,0
8.3,0.18,0.3,1.1,0.033,20.0,57.0,0.99109,3.02,0.51,11.0,6,0
8.3,0.18,0.3,1.1,0.033,20.0,57.0,0.99109,3.02,0.51,11.0,6,0
6.3,0.43,0.32,8.8,0.042,18.0,106.0,0.99172,3.28,0.33,12.9,7,0
5.1,0.23,0.18,1.0,0.053,13.0,99.0,0.98956,3.22,0.39,11.5,5,0
4.8,0.26,0.23,10.6,0.034,23.0,111.0,0.99274,3.46,0.28,11.5,7,0
7.0,0.15,0.29,16.4,0.058,45.0,110.0,0.9978,3.15,0.37,9.7,6,0
6.5,0.41,0.22,4.8,0.052,49.0,142.0,0.9946,3.14,0.62,9.2,5,0
7.5,0.34,0.28,4.0,0.028,46.0,100.0,0.98958,3.2,0.5,13.2,7,0
5.9,0.18,0.29,4.6,0.032,68.0,137.0,0.99159,3.21,0.38,11.3,6,0
6.0,0.31,0.38,4.8,0.04,41.0,101.0,0.98968,3.24,0.56,13.1,6,0
7.3,0.36,0.54,13.3,0.054,63.0,193.0,0.99864,3.06,0.49,8.6,4,1
6.8,0.73,0.2,6.6,0.054,25.0,65.0,0.99324,3.12,0.28,11.1,4,1
6.0,0.28,0.24,17.8,0.047,42.0,111.0,0.99896,3.1,0.45,8.9,6,0
6.4,0.38,0.26,8.2,0.043,28.0,98.0,0.99234,2.99,0.31,11.4,6,0
8.6,0.22,0.33,1.2,0.031,38.0,95.0,0.99239,2.83,0.31,10.3,5,0
4.9,0.345,0.34,1.0,0.068,32.0,143.0,0.99138,3.24,0.4,10.1,5,0
7.0,0.16,0.3,2.6,0.043,34.0,90.0,0.99047,2.88,0.47,11.2,6,0
5.4,0.24,0.18,2.3,0.05,22.0,145.0,0.99207,3.24,0.46,10.3,5,0
5.6,0.185,0.19,7.1,0.048,36.0,110.0,0.99438,3.26,0.41,9.5,6,0
7.5,0.35,0.48,12.4,0.056,61.0,176.5,0.99803,2.97,0.52,8.8,5,0
6.1,0.24,0.26,1.7,0.033,61.0,134.0,0.9903,3.19,0.81,11.9,7,0
6.9,0.2,0.41,1.1,0.06,36.0,104.0,0.99317,2.99,0.39,9.2,5,0
5.4,0.15,0.32,2.5,0.037,10.0,51.0,0.98878,3.04,0.58,12.6,6,0
7.2,0.4,0.24,8.5,0.055,45.0,151.0,0.99626,3.2,0.52,9.2,5,0
7.6,0.19,0.37,13.1,0.033,52.0,151.0,0.99726,3.18,0.79,10.4,6,0
6.9,0.19,0.38,1.15,0.023,30.0,105.0,0.99047,3.11,0.38,11.4,5,0
7.4,0.16,0.27,15.5,0.05,25.0,135.0,0.9984,2.9,0.43,8.7,7,0
7.4,0.16,0.27,15.5,0.05,25.0,135.0,0.9984,2.9,0.43,8.7,7,0
7.4,0.16,0.27,15.5,0.05,25.0,135.0,0.9984,2.9,0.43,8.7,7,0
6.9,0.19,0.35,13.5,0.038,49.0,118.0,0.99546,3.0,0.63,10.7,6,0
5.5,0.28,0.21,1.6,0.032,23.0,85.0,0.99027,3.42,0.42,12.5,5,0
6.2,0.24,0.28,12.2,0.049,54.0,133.0,0.9952,3.19,0.37,10.7,6,0
7.6,0.26,0.32,1.3,0.048,23.0,76.0,0.9903,2.96,0.46,12.0,6,0
6.6,0.35,0.19,10.5,0.06,15.0,82.0,0.99588,3.13,0.38,9.9,4,1
5.4,0.265,0.28,7.8,0.052,27.0,91.0,0.99432,3.19,0.38,10.4,6,0
5.9,0.23,0.28,8.6,0.046,37.0,142.0,0.99432,3.23,0.53,10.6,6,0
6.7,0.24,0.3,10.2,0.07,44.0,179.0,0.99666,2.86,0.46,8.9,6,0
7.4,0.16,0.3,13.7,0.056,33.0,168.0,0.99825,2.9,0.44,8.7,7,0
6.6,0.22,0.35,1.4,0.05,23.0,83.0,0.99019,3.17,0.48,12.0,7,0
6.6,0.22,0.37,1.6,0.04,31.0,101.0,0.99009,3.15,0.66,12.0,5,0
6.3,0.24,0.22,11.9,0.05,65.0,179.0,0.99659,3.06,0.58,9.3,6,0
8.1,0.27,0.33,1.3,0.045,26.0,100.0,0.99066,2.98,0.44,12.4,6,0
6.3,0.23,0.33,6.9,0.052,23.0,118.0,0.9938,3.23,0.46,10.4,6,0
6.9,0.52,0.54,7.9,0.036,23.0,169.0,0.99267,3.26,0.47,12.2,6,0
5.7,0.22,0.29,3.5,0.04,27.0,146.0,0.98999,3.17,0.36,12.1,6,0
6.9,0.22,0.32,5.8,0.041,20.0,119.0,0.99296,3.17,0.55,11.2,6,0
6.9,0.26,0.29,4.2,0.043,33.0,114.0,0.9902,3.16,0.31,12.5,6,0
6.3,0.28,0.22,11.5,0.036,27.0,150.0,0.99445,3.0,0.33,10.6,6,0
7.4,0.16,0.33,1.2,0.042,47.0,121.0,0.99198,3.04,0.68,10.5,7,0
6.4,0.42,0.19,9.3,0.043,28.0,145.0,0.99433,3.23,0.53,10.98,5,0
7.4,0.38,0.34,8.3,0.052,44.0,168.0,0.99627,3.11,0.52,9.2,5,0
7.3,0.19,0.27,13.9,0.057,45.0,155.0,0.99807,2.94,0.41,8.8,8,1
7.4,0.27,0.52,15.7,0.054,36.0,139.0,0.99788,3.04,0.62,10.0333333333333,6,0
6.4,0.31,0.27,7.4,0.049,48.0,169.0,0.99323,3.27,0.45,11.1,6,0
7.3,0.28,0.35,1.6,0.054,31.0,148.0,0.99178,3.18,0.47,10.7,5,0
6.2,0.24,0.27,2.9,0.039,30.0,123.0,0.98959,3.12,0.37,12.8,6,0
6.5,0.3,0.28,11.45,0.041,29.0,109.0,0.99418,2.98,0.3,10.9,6,0
6.5,0.13,0.27,2.6,0.035,32.0,76.0,0.9914,3.21,0.76,11.3333333333333,6,0
6.5,0.315,0.2,6.6,0.041,9.0,126.0,0.99494,2.94,0.51,8.8,5,0
6.1,0.34,0.21,5.0,0.042,17.0,133.0,0.99373,3.02,0.53,9.4,5,0
6.4,0.26,0.21,8.2,0.05,51.0,182.0,0.99542,3.23,0.48,9.5,5,0
5.8,0.3,0.38,4.9,0.039,22.0,86.0,0.98963,3.23,0.58,13.1,7,0
6.6,0.22,0.23,17.3,0.047,37.0,118.0,0.99906,3.08,0.46,8.8,6,0
6.2,0.22,0.28,2.2,0.04,24.0,125.0,0.9917,3.19,0.48,10.5,6,0
6.9,0.56,0.26,10.9,0.06,55.0,193.0,0.9969,3.21,0.44,9.4,5,0
6.7,0.28,0.28,4.5,0.051,14.0,92.0,0.99224,3.36,0.58,11.9,6,0
6.6,0.27,0.25,1.2,0.033,36.0,111.0,0.98918,3.16,0.37,12.4,6,0
7.2,0.47,0.16,5.9,0.048,14.0,125.0,0.99428,3.09,0.49,9.8,5,0
6.6,0.38,0.29,2.9,0.035,15.0,101.0,0.98916,3.04,0.37,12.5,6,0
6.4,0.28,0.22,12.8,0.039,51.0,150.0,0.99535,3.23,0.43,10.7,6,0
7.1,0.42,0.2,2.8,0.038,28.0,109.0,0.98968,3.23,0.47,13.4,6,0
6.0,0.2,0.38,1.3,0.034,37.0,104.0,0.98865,3.11,0.52,12.7,6,0
5.1,0.305,0.13,1.75,0.036,17.0,73.0,0.99,3.4,0.51,12.3333333333333,5,0
6.6,0.16,0.25,9.8,0.049,59.5,137.0,0.995,3.16,0.38,10.0,6,0
5.8,0.13,0.22,12.7,0.058,24.0,183.0,0.9956,3.32,0.42,11.7,6,0
6.1,0.37,0.46,12.0,0.042,61.0,210.0,0.997,3.17,0.59,9.7,6,0
6.9,0.22,0.32,9.3,0.04,22.0,110.0,0.9958,3.34,0.54,10.7,7,0
6.0,0.26,0.26,2.2,0.035,10.0,72.0,0.989465,3.11,0.48,12.15,6,0
6.8,0.32,0.23,3.3,0.026,31.0,99.0,0.9896,3.1,0.4,12.4,6,0
6.3,0.37,0.51,6.3,0.048,35.0,146.0,0.9943,3.1,1.01,10.5,6,0
7.0,0.33,0.78,9.9,0.042,21.0,251.0,0.99435,3.01,0.55,11.0,6,0
6.7,0.45,0.3,5.3,0.036,27.0,165.0,0.99122,3.12,0.46,12.2,6,0
6.3,0.3,0.91,8.2,0.034,50.0,199.0,0.99394,3.39,0.49,11.7,6,0
5.6,0.24,0.34,2.0,0.041,14.0,73.0,0.98981,3.04,0.45,11.6,7,0
6.0,0.24,0.41,1.3,0.036,42.0,118.0,0.99018,3.04,0.64,11.7333333333333,6,0
6.0,0.24,0.41,1.3,0.036,42.0,118.0,0.99018,3.04,0.64,11.75,6,0
6.5,0.21,0.35,5.7,0.043,47.0,197.0,0.99392,3.24,0.5,10.1,6,0
6.7,0.61,0.21,1.65,0.117,40.0,240.0,0.9938,3.11,0.57,9.3,5,0
6.0,0.29,0.41,10.8,0.048,55.0,149.0,0.9937,3.09,0.59,10.9666666666667,7,0
6.0,0.29,0.41,10.8,0.048,55.0,149.0,0.9937,3.09,0.59,11.0,7,0
6.6,0.33,0.41,2.0,0.027,14.0,79.0,0.99063,3.27,0.63,12.4,6,0
6.0,0.17,0.33,6.0,0.036,30.0,111.0,0.99362,3.32,0.58,10.1333333333333,7,0
6.4,0.31,0.53,8.8,0.057,36.0,221.0,0.99642,3.17,0.44,9.1,5,0
7.2,0.26,0.32,10.4,0.062,23.0,114.0,0.9966,3.23,0.49,10.5,5,0
6.8,0.63,0.04,1.3,0.058,25.0,133.0,0.99271,3.17,0.39,10.2,4,1
6.6,0.27,0.32,1.3,0.044,18.0,93.0,0.99044,3.11,0.56,12.25,5,0
6.1,0.34,0.24,18.35,0.05,33.0,184.0,0.99943,3.12,0.61,9.3,5,0
6.6,0.17,0.26,7.4,0.052,45.0,128.0,0.99388,3.16,0.37,10.0,6,0
5.3,0.4,0.25,3.9,0.031,45.0,130.0,0.99072,3.31,0.58,11.75,7,0
6.4,0.31,0.31,12.9,0.045,55.0,161.0,0.99546,3.02,0.59,10.2,5,0
5.9,0.32,0.19,14.5,0.042,37.0,115.0,0.99684,3.16,0.43,10.3,5,0
6.0,0.34,0.29,6.1,0.046,29.0,134.0,0.99462,3.48,0.57,10.7,6,0
6.0,0.32,0.33,9.9,0.032,22.0,90.0,0.99258,3.1,0.43,12.1,7,0
5.8,0.29,0.27,1.6,0.062,17.0,140.0,0.99138,3.23,0.35,11.1,6,0
5.6,0.33,0.28,1.2,0.031,33.0,97.0,0.99126,3.49,0.58,10.9,6,0
6.2,0.28,0.57,1.0,0.043,50.0,92.0,0.99004,3.17,0.36,11.5,6,0
5.2,0.25,0.23,1.4,0.047,20.0,77.0,0.99001,3.32,0.62,11.4,5,0
5.8,0.23,0.31,4.5,0.046,42.0,124.0,0.99324,3.31,0.64,10.8,6,0
5.6,0.2,0.36,2.5,0.048,16.0,125.0,0.99282,3.49,0.49,10.0,6,0
6.6,0.34,0.4,8.1,0.046,68.0,170.0,0.99494,3.15,0.5,9.53333333333333,6,0
6.5,0.33,0.38,8.3,0.048,68.0,174.0,0.99492,3.14,0.5,9.6,5,0
