7.2,0.23,0.32,8.5,0.058,47.0,186.0,0.9956,3.19,0.4,9.9,6,0
8.1,0.22,0.43,1.5,0.044,28.0,129.0,0.9938,3.22,0.45,11.0,6,0
6.3,0.48,0.04,1.1,0.046,30.0,99.0,0.9928,3.24,0.36,9.6,6,0
6.2,0.66,0.48,1.2,0.029,29.0,75.0,0.9892,3.33,0.39,12.8,8,1
7.4,0.25,0.36,2.05,0.05,31.0,100.0,0.992,3.19,0.44,10.8,6,0
7.0,0.31,0.26,7.4,0.069,28.0,160.0,0.9954,3.13,0.46,9.8,6,0
6.2,0.45,0.26,4.4,0.063,63.0,206.0,0.994,3.27,0.52,9.8,4,1
6.2,0.16,0.33,1.1,0.057,21.0,82.0,0.991,3.32,0.46,10.9,7,0
7.4,0.2,0.36,1.2,0.038,44.0,111.0,0.9926,3.36,0.34,9.9,6,0
6.8,0.22,0.24,4.9,0.092,30.0,123.0,0.9951,3.03,0.46,8.6,6,0
6.6,0.38,0.15,4.6,0.044,25.0,78.0,0.9931,3.11,0.38,10.2,6,0
7.4,0.24,0.29,10.1,0.05,21.0,105.0,0.9962,3.13,0.35,9.5,5,0
8.6,0.23,0.46,1.0,0.054,9.0,72.0,0.9941,2.95,0.49,9.1,6,0
7.4,0.18,0.3,8.8,0.064,26.0,103.0,0.9961,2.94,0.56,9.3,5,0
7.5,0.17,0.32,1.7,0.04,51.0,148.0,0.9916,3.21,0.44,11.5,7,0
7.1,0.23,0.35,16.5,0.04,60.0,171.0,0.999,3.16,0.59,9.1,6,0
7.0,0.14,0.4,1.7,0.035,16.0,85.0,0.9911,3.19,0.42,11.8,6,0
7.1,0.37,0.67,10.5,0.045,49.0,155.0,0.9975,3.16,0.44,8.7,5,0
7.1,0.37,0.67,10.5,0.045,49.0,155.0,0.9975,3.16,0.44,8.7,5,0
6.9,0.25,0.3,4.1,0.054,23.0,116.0,0.994,2.99,0.38,9.4,6,0
6.1,0.32,0.24,1.5,0.036,38.0,124.0,0.9898,3.29,0.42,12.4,7,0
7.9,0.19,0.45,1.5,0.045,17.0,96.0,0.9917,3.13,0.39,11.0,6,0
6.0,0.67,0.07,1.2,0.06,9.0,108.0,0.9931,3.11,0.35,8.7,4,1
6.4,0.25,0.32,5.5,0.049,41.0,176.0,0.995,3.19,0.68,9.2,6,0
7.1,0.32,0.24,13.1,0.05,52.0,204.0,0.998,3.1,0.49,8.8,5,0
7.0,0.16,0.32,8.3,0.045,38.0,126.0,0.9958,3.21,0.34,9.2,5,0
7.2,0.23,0.38,14.3,0.058,55.0,194.0,0.9979,3.09,0.44,9.0,6,0
6.8,0.21,0.27,2.1,0.03,26.0,139.0,0.99,3.16,0.61,12.6,7,0
6.9,0.28,0.4,8.2,0.036,15.0,95.0,0.9944,3.17,0.33,10.2,5,0
5.4,0.59,0.07,7.0,0.045,36.0,147.0,0.9944,3.34,0.57,9.7,6,0
6.6,0.58,0.3,5.1,0.057,30.0,123.0,0.9949,3.24,0.38,9.0,5,0
9.1,0.59,0.38,1.6,0.066,34.0,182.0,0.9968,3.23,0.38,8.5,3,0
7.3,0.4,0.24,6.7,0.058,41.0,166.0,0.995,3.2,0.41,9.9,6,0
6.1,0.125,0.25,3.3,0.04,10.0,69.0,0.9934,3.54,0.59,10.1,6,0
8.3,0.41,0.51,2.0,0.046,11.0,207.0,0.993,3.02,0.55,11.4,5,0
6.3,0.23,0.33,1.5,0.036,15.0,105.0,0.991,3.32,0.42,11.2,6,0
5.9,0.26,0.4,1.3,0.047,12.0,139.0,0.9945,3.45,0.53,10.4,5,0
7.3,0.33,0.4,6.85,0.038,32.0,138.0,0.992,3.03,0.3,11.9,7,0
7.7,0.29,0.48,2.3,0.049,36.0,178.0,0.9931,3.17,0.64,10.6,6,0
6.4,0.31,0.28,1.5,0.037,12.0,119.0,0.9919,3.32,0.51,10.4,7,0
6.8,0.37,0.51,11.8,0.044,62.0,163.0,0.9976,3.19,0.44,8.8,5,0
6.8,0.26,0.22,7.7,0.047,57.0,210.0,0.9959,3.1,0.47,9.0,5,0
7.4,0.31,0.28,1.6,0.05,33.0,137.0,0.9929,3.31,0.56,10.5,6,0
6.8,0.29,0.5,13.3,0.053,48.0,194.0,0.9974,3.09,0.45,9.4,5,0
6.2,0.35,0.04,1.2,0.06,23.0,108.0,0.9934,3.26,0.54,9.2,5,0
6.1,0.38,0.2,6.6,0.033,25.0,137.0,0.9938,3.3,0.69,10.4,6,0
7.2,0.6,0.2,9.9,0.07,21.0,174.0,0.9971,3.03,0.54,9.1,5,0
6.3,0.23,0.31,1.5,0.022,11.0,82.0,0.9892,3.3,0.4,12.9,7,0
6.8,0.32,0.21,2.2,0.044,15.0,68.0,0.9932,3.17,0.39,9.4,6,0
7.0,0.14,0.32,9.0,0.039,54.0,141.0,0.9956,3.22,0.43,9.4,6,0
5.9,0.36,0.41,1.3,0.047,45.0,104.0,0.9917,3.33,0.51,10.6,6,0
7.1,0.23,0.39,1.6,0.032,12.0,65.0,0.9898,3.25,0.4,12.7,7,0
7.8,0.19,0.26,8.9,0.039,42.0,182.0,0.996,3.18,0.46,9.9,6,0
7.2,0.4,0.62,10.8,0.041,70.0,189.0,0.9976,3.08,0.49,8.6,4,1
6.1,0.31,0.26,2.2,0.051,28.0,167.0,0.9926,3.37,0.47,10.4,6,0
5.6,0.35,0.37,1.0,0.038,6.0,72.0,0.9902,3.37,0.34,11.4,5,0
6.7,0.31,0.31,9.9,0.04,10.0,175.0,0.9953,3.46,0.55,11.4,4,1
7.2,0.46,0.65,10.4,0.05,76.0,192.0,0.9976,3.16,0.42,8.7,5,0
6.0,0.26,0.5,2.2,0.048,59.0,153.0,0.9928,3.08,0.61,9.8,5,0
7.2,0.2,0.34,2.7,0.032,49.0,151.0,0.99,3.16,0.39,12.7,7,0
6.0,0.38,0.26,6.0,0.034,42.0,134.0,0.9912,3.38,0.38,12.3,7,0
7.4,0.24,0.22,10.7,0.042,26.0,81.0,0.9954,2.86,0.36,9.7,6,0
7.4,0.24,0.22,10.7,0.042,26.0,81.0,0.9954,2.86,0.36,9.7,6,0
7.3,0.25,0.29,7.5,0.049,38.0,158.0,0.9965,3.43,0.38,9.6,5,0
9.0,0.27,0.35,4.9,0.028,27.0,95.0,0.9932,3.04,0.4,11.3,6,0
7.1,0.28,0.26,1.9,0.049,12.0,86.0,0.9934,3.15,0.38,9.4,5,0
6.2,0.36,0.26,13.2,0.051,54.0,201.0,0.9976,3.25,0.46,9.0,5,0
8.4,0.4,0.7,13.1,0.042,29.0,197.0,0.998,3.06,0.64,9.7,5,0
6.9,0.31,0.34,1.6,0.032,23.0,128.0,0.9917,3.37,0.47,11.7,6,0
6.6,0.25,0.3,14.4,0.052,40.0,183.0,0.998,3.02,0.5,9.1,6,0
7.3,0.3,0.42,7.35,0.025,51.0,175.0,0.9928,3.04,0.32,11.4,6,0
6.3,0.3,0.28,5.0,0.042,36.0,168.0,0.99505,3.22,0.69,9.5,6,0
7.2,0.27,0.42,1.6,0.05,35.0,135.0,0.992,2.94,0.46,11.0,6,0
6.8,0.2,0.36,1.6,0.028,7.0,46.0,0.99175,3.21,0.6,10.9,6,0
6.0,0.395,0.0,1.4,0.042,7.0,55.0,0.99135,3.37,0.38,11.2,4,1
7.8,0.29,0.22,9.5,0.056,44.0,213.0,0.99715,3.08,0.61,9.3,6,0
8.1,0.17,0.44,14.1,0.053,43.0,145.0,1.0006,3.28,0.75,8.8,8,1
7.7,0.34,0.28,11.0,0.04,31.0,117.0,0.99815,3.27,0.29,9.2,6,0
7.9,0.35,0.24,15.6,0.072,44.0,229.0,0.99785,3.03,0.59,10.5,6,0
6.7,0.19,0.23,6.2,0.047,36.0,117.0,0.9945,3.34,0.43,9.6,6,0
5.6,0.19,0.39,1.1,0.043,17.0,67.0,0.9918,3.23,0.53,10.3,6,0
8.3,0.27,0.45,1.3,0.048,8.0,72.0,0.9944,3.08,0.61,10.3,4,1
7.0,0.11,0.32,4.6,0.057,59.0,144.0,0.9956,3.55,0.44,9.4,7,0
6.1,0.36,0.58,15.0,0.044,42.0,115.0,0.9978,3.15,0.51,9.0,5,0
6.2,0.35,0.29,7.3,0.044,56.0,244.0,0.9956,3.36,0.55,10.0,6,0
7.4,0.28,0.3,5.3,0.054,44.0,161.0,0.9941,3.12,0.48,10.3,6,0
7.6,0.21,0.6,2.1,0.046,47.0,165.0,0.9936,3.05,0.54,10.1,7,0
6.6,0.18,0.28,3.3,0.044,18.0,91.0,0.993,3.42,0.64,10.8,6,0
5.8,0.36,0.26,3.3,0.038,40.0,153.0,0.9911,3.34,0.55,11.3,6,0
6.6,0.22,0.37,1.2,0.059,45.0,199.0,0.993,3.37,0.55,10.3,7,0
7.6,0.39,0.22,2.8,0.036,19.0,113.0,0.9926,3.03,0.29,10.2,5,0
7.9,0.64,0.46,10.6,0.244,33.0,227.0,0.9983,2.87,0.74,9.1,3,0
6.9,0.21,0.81,1.1,0.137,52.0,123.0,0.9932,3.03,0.39,9.2,6,0
9.4,0.29,0.55,2.2,0.05,17.0,119.0,0.9962,3.12,0.69,10.3,4,1
8.8,0.33,0.44,6.35,0.024,9.0,87.0,0.9917,2.96,0.4,12.6,7,0
8.0,0.37,0.32,1.6,0.04,32.0,166.0,0.992,3.0,0.55,11.3,7,0
6.3,0.27,0.25,5.8,0.038,52.0,155.0,0.995,3.28,0.38,9.4,6,0
5.3,0.24,0.33,1.3,0.033,25.0,97.0,0.9906,3.59,0.38,11.0,8,1
5.8,0.29,0.21,2.6,0.025,12.0,120.0,0.9894,3.39,0.79,14.0,7,0
6.5,0.52,0.17,1.4,0.047,5.0,26.0,0.9932,3.26,0.32,10.0,4,1
6.4,0.5,0.16,12.9,0.042,26.0,138.0,0.9974,3.28,0.33,9.0,5,0
6.8,0.32,0.18,7.5,0.041,71.0,223.0,0.9959,3.14,0.41,8.9,5,0
7.4,0.23,0.43,1.4,0.044,22.0,113.0,0.9938,3.22,0.62,10.6,6,0
7.4,0.22,0.33,2.0,0.045,31.0,101.0,0.9931,3.42,0.55,11.4,5,0
6.3,0.32,0.35,11.1,0.039,29.0,198.0,0.9984,3.36,0.5,9.4,7,0
6.4,0.26,0.3,2.2,0.025,33.0,134.0,0.992,3.21,0.47,10.6,6,0
6.6,0.21,0.38,2.2,0.026,40.0,104.0,0.9914,3.25,0.4,11.1,8,1
6.9,0.25,0.26,5.2,0.024,36.0,135.0,0.9948,3.16,0.72,10.7,7,0
5.0,0.33,0.16,1.5,0.049,10.0,97.0,0.9917,3.48,0.44,10.7,6,0
9.4,0.26,0.53,1.2,0.047,25.0,109.0,0.9921,3.23,0.28,12.5,6,0
6.4,0.17,0.27,6.7,0.036,88.0,223.0,0.9948,3.28,0.35,10.2,6,0
8.1,0.5,0.47,1.1,0.037,23.0,126.0,0.9938,3.21,0.42,10.9,5,0
8.4,0.35,0.56,13.8,0.048,55.0,190.0,0.9993,3.07,0.58,9.4,6,0
8.4,0.16,0.33,1.5,0.033,16.0,98.0,0.994,3.14,0.42,9.7,6,0
6.2,0.17,0.3,1.1,0.037,14.0,79.0,0.993,3.5,0.54,10.3,6,0
7.5,0.23,0.32,9.2,0.038,54.0,191.0,0.9966,3.04,0.56,9.7,6,0
6.4,0.31,0.4,6.2,0.04,46.0,169.0,0.9953,3.15,0.46,9.3,6,0
6.9,0.16,0.35,1.3,0.043,21.0,182.0,0.9927,3.25,0.62,10.8,6,0
6.8,0.15,0.32,8.8,0.058,24.0,110.0,0.9972,3.4,0.4,8.8,6,0
7.3,0.39,0.37,1.1,0.043,36.0,113.0,0.991,3.39,0.48,12.7,8,1
7.6,0.27,0.24,3.8,0.058,19.0,115.0,0.9958,3.15,0.45,8.9,5,0
7.4,0.64,0.47,14.15,0.168,42.0,185.0,0.9984,2.9,0.49,9.3,5,0
7.6,0.28,0.39,1.9,0.052,23.0,116.0,0.9941,3.25,0.4,10.4,6,0
6.9,0.28,0.41,1.7,0.05,10.0,136.0,0.993,3.16,0.71,11.4,6,0
6.9,0.28,0.3,1.6,0.047,46.0,132.0,0.9918,3.35,0.38,11.1,7,0
6.6,0.42,0.33,2.8,0.034,15.0,85.0,0.99,3.28,0.51,13.4,6,0
5.6,0.49,0.13,4.5,0.039,17.0,116.0,0.9907,3.42,0.9,13.7,7,0
7.3,0.25,0.36,13.1,0.05,35.0,200.0,0.9986,3.04,0.46,8.9,7,0
7.3,0.25,0.36,13.1,0.05,35.0,200.0,0.9986,3.04,0.46,8.9,7,0
7.0,0.2,0.34,5.7,0.035,32.0,83.0,0.9928,3.19,0.46,11.5,6,0
9.0,0.31,0.48,6.6,0.043,11.0,73.0,0.9938,2.9,0.38,11.6,5,0
6.9,0.3,0.33,4.1,0.035,26.0,155.0,0.9925,3.25,0.79,12.3,8,1
5.8,0.17,0.3,1.4,0.037,55.0,130.0,0.9909,3.29,0.38,11.3,6,0
8.2,0.18,0.49,1.1,0.033,28.0,81.0,0.9923,3.0,0.68,10.4,7,0
7.8,0.43,0.49,13.0,0.033,37.0,158.0,0.9955,3.14,0.35,11.3,6,0
6.3,0.27,0.49,1.2,0.063,35.0,92.0,0.9911,3.38,0.42,12.2,6,0
7.0,0.2,0.74,0.8,0.044,19.0,163.0,0.9931,3.46,0.53,10.2,5,0
6.9,0.25,0.24,3.6,0.057,13.0,85.0,0.9942,2.99,0.48,9.5,4,1
6.5,0.26,0.74,13.3,0.044,68.0,224.0,0.9972,3.18,0.54,9.5,6,0
7.9,0.16,0.74,17.85,0.037,52.0,187.0,0.9998,2.99,0.41,9.3,5,0
7.5,0.2,0.49,1.3,0.031,8.0,97.0,0.9918,3.06,0.62,11.1,5,0
8.0,0.34,0.49,9.0,0.033,39.0,180.0,0.9936,3.13,0.38,12.3,8,1
6.6,0.3,0.24,1.2,0.034,17.0,121.0,0.9933,3.13,0.36,9.2,5,0
14.2,0.27,0.49,1.1,0.037,33.0,156.0,0.992,3.15,0.54,11.1,6,0
8.1,0.3,0.49,8.1,0.037,26.0,174.0,0.9943,3.1,0.3,11.2,7,0
8.9,0.13,0.49,1.0,0.028,6.0,24.0,0.9926,2.91,0.32,9.9,5,0
6.7,0.3,0.49,4.8,0.034,36.0,158.0,0.9945,3.12,0.45,9.9,6,0
7.9,0.42,0.49,8.2,0.056,32.0,164.0,0.9965,3.29,0.6,11.2,7,0
7.8,0.3,0.74,1.8,0.033,33.0,156.0,0.991,3.29,0.52,12.8,6,0
8.5,0.17,0.49,8.8,0.048,23.0,108.0,0.9947,2.88,0.34,10.5,4,1
5.6,0.39,0.24,4.7,0.034,27.0,77.0,0.9906,3.28,0.36,12.7,5,0
5.8,0.19,0.49,4.9,0.04,44.0,118.0,0.9935,3.34,0.38,9.5,7,0
8.1,0.2,0.49,11.8,0.048,46.0,212.0,0.9968,3.09,0.46,10.0,7,0
7.5,0.32,0.49,1.7,0.031,44.0,109.0,0.9906,3.07,0.46,12.5,6,0
7.5,0.19,0.49,1.6,0.047,42.0,140.0,0.9932,3.4,0.47,10.7,6,0
8.3,0.25,0.49,16.8,0.048,50.0,228.0,1.0001,3.03,0.52,9.2,6,0
6.6,0.46,0.49,7.4,0.052,19.0,184.0,0.9956,3.11,0.38,9.0,5,0
7.9,0.18,0.33,1.2,0.033,20.0,72.0,0.9922,3.12,0.38,10.5,7,0
7.3,0.26,0.33,17.85,0.049,41.5,195.0,1.0,3.06,0.44,9.1,7,0
7.2,0.25,0.28,14.4,0.055,55.0,205.0,0.9986,3.12,0.38,9.0,7,0
6.6,0.25,0.31,1.5,0.035,32.0,127.0,0.9921,3.41,0.47,11.3,6,0
7.5,0.4,1.0,19.5,0.041,33.0,148.0,0.9977,3.24,0.38,12.0,6,0
6.9,0.17,0.22,4.6,0.064,55.0,152.0,0.9952,3.29,0.37,9.3,6,0
6.8,0.3,0.24,6.6,0.123,35.0,116.0,0.9953,3.07,0.48,9.4,5,0
7.7,0.38,0.4,2.0,0.038,28.0,152.0,0.9906,3.18,0.32,12.9,6,0
6.1,0.17,0.27,1.5,0.056,45.0,135.0,0.9924,3.2,0.43,10.2,6,0
7.8,0.22,0.36,1.4,0.056,21.0,153.0,0.993,3.2,0.53,10.4,6,0
5.6,0.46,0.24,4.8,0.042,24.0,72.0,0.9908,3.29,0.37,12.6,6,0
7.2,0.15,0.38,1.2,0.038,18.0,110.0,0.9917,3.19,0.43,11.1,6,0
6.0,0.26,0.29,1.0,0.032,27.0,96.0,0.9896,3.38,0.44,12.3,6,0
7.3,0.19,0.24,6.3,0.054,34.0,231.0,0.9964,3.36,0.54,10.0,6,0
7.1,0.32,0.4,1.5,0.034,13.0,84.0,0.9944,3.42,0.6,10.4,5,0
7.4,0.49,0.24,15.1,0.03,34.0,153.0,0.9953,3.13,0.51,12.0,7,0
8.3,0.28,0.45,7.8,0.059,32.0,139.0,0.9972,3.33,0.77,11.2,6,0
6.4,0.18,0.31,1.6,0.049,36.0,127.0,0.9934,3.6,0.67,10.4,7,0
10.0,0.91,0.42,1.6,0.056,34.0,181.0,0.9968,3.11,0.46,10.0,4,1
8.9,0.33,0.34,1.4,0.056,14.0,171.0,0.9946,3.13,0.47,9.7,5,0
6.6,0.28,0.3,7.8,0.049,57.0,202.0,0.9958,3.24,0.39,9.5,5,0
8.0,0.2,0.36,1.2,0.032,21.0,78.0,0.9921,3.08,0.37,10.4,6,0
7.7,0.3,0.42,14.3,0.045,45.0,213.0,0.9991,3.18,0.63,9.2,5,0
6.4,0.22,0.32,7.9,0.029,34.0,124.0,0.9948,3.4,0.39,10.2,5,0
7.2,0.24,0.4,17.85,0.049,50.0,185.0,1.0,3.34,0.42,9.6,5,0
7.5,0.29,0.67,8.1,0.037,53.0,166.0,0.9966,2.9,0.41,8.9,6,0
8.1,0.26,0.33,11.1,0.052,52.5,158.0,0.9976,3.03,0.49,10.2,7,0
7.6,0.13,0.34,9.3,0.062,40.0,126.0,0.9966,3.21,0.39,9.6,5,0
6.3,0.22,0.57,1.4,0.208,14.0,96.0,0.9932,3.16,0.43,10.0,6,0
7.1,0.25,0.28,1.6,0.052,46.0,169.0,0.9926,3.05,0.41,10.5,5,0
9.2,0.27,0.34,10.5,0.043,49.0,228.0,0.9974,3.04,0.41,10.4,6,0
7.2,0.47,0.65,8.3,0.083,27.0,182.0,0.9964,3.0,0.35,9.2,5,0
8.1,0.26,0.3,7.8,0.049,39.0,152.0,0.9954,2.99,0.58,10.0,6,0
5.7,0.45,0.42,1.1,0.051,61.0,197.0,0.9932,3.02,0.4,9.0,5,0
6.7,0.31,0.44,6.7,0.054,29.0,160.0,0.9952,3.04,0.44,9.6,5,0
7.4,0.32,0.55,16.6,0.056,53.0,238.0,1.0017,2.96,0.58,8.7,6,0
5.6,0.18,0.31,1.5,0.038,16.0,84.0,0.9924,3.34,0.58,10.1,6,0
7.2,0.15,0.39,1.8,0.043,21.0,159.0,0.9948,3.52,0.47,10.0,5,0
6.9,0.19,0.39,8.0,0.028,22.0,84.0,0.994,3.11,0.66,10.8,6,0
7.0,0.2,0.34,2.1,0.049,12.0,136.0,0.9922,3.25,0.46,11.6,7,0
6.6,0.32,0.22,16.7,0.046,38.0,133.0,0.9979,3.22,0.67,10.4,6,0
6.9,0.32,0.15,8.1,0.046,51.0,180.0,0.9958,3.13,0.45,8.9,5,0
9.5,0.42,0.41,2.3,0.034,22.0,145.0,0.9951,3.06,0.52,11.0,6,0
6.8,0.28,0.44,11.5,0.04,58.0,223.0,0.9969,3.22,0.56,9.5,5,0
7.8,0.27,0.28,1.8,0.05,21.0,127.0,0.9934,3.15,0.44,9.9,5,0
7.6,0.29,0.29,4.4,0.051,26.0,146.0,0.9939,3.16,0.39,10.2,5,0
7.1,0.33,0.25,1.6,0.03,25.0,126.0,0.9901,3.22,0.34,12.1,7,0
7.0,0.22,0.39,2.1,0.055,39.0,198.0,0.9951,3.52,0.54,10.2,6,0
7.5,0.33,0.32,11.1,0.036,25.0,119.0,0.9962,3.15,0.34,10.5,6,0
8.3,0.17,0.31,1.5,0.049,48.0,153.0,0.9942,3.12,0.58,9.4,6,0
5.3,0.76,0.03,2.7,0.043,27.0,93.0,0.9932,3.34,0.38,9.2,5,0
6.8,0.32,0.34,6.0,0.05,5.0,129.0,0.9953,3.19,0.4,9.1,5,0
6.5,0.22,0.25,17.1,0.05,44.0,138.0,1.0001,3.3,0.37,8.8,5,0
7.7,0.26,0.32,1.2,0.04,26.0,117.0,0.993,3.21,0.56,10.8,5,0
7.1,0.22,0.32,16.9,0.056,49.0,158.0,0.9998,3.37,0.38,9.6,6,0
7.0,0.22,0.33,2.1,0.052,15.0,76.0,0.993,3.2,0.41,10.6,6,0
7.4,0.18,0.27,1.3,0.048,26.0,105.0,0.994,3.52,0.66,10.6,6,0
6.6,0.32,0.27,10.9,0.041,37.0,146.0,0.9963,3.24,0.47,10.0,5,0
6.4,0.18,0.32,9.6,0.052,24.0,90.0,0.9963,3.35,0.49,9.4,6,0
7.8,0.24,0.38,2.1,0.058,14.0,167.0,0.994,3.21,0.55,9.9,5,0
6.5,0.39,0.35,1.6,0.049,10.0,164.0,0.99516,3.35,0.51,9.7,5,0
6.1,0.15,0.29,6.2,0.046,39.0,151.0,0.99471,3.6,0.44,10.6,6,0
9.2,0.34,0.54,17.3,0.06,46.0,235.0,1.00182,3.08,0.61,8.8,6,0
7.2,0.39,0.54,1.4,0.157,34.0,132.0,0.99449,3.11,0.53,9.0,6,0
8.5,0.25,0.31,2.8,0.032,11.0,61.0,0.99189,3.06,0.44,11.5,6,0
6.2,0.25,0.28,8.5,0.035,28.0,108.0,0.99486,3.4,0.42,10.4,6,0
7.0,0.32,0.31,6.4,0.031,38.0,115.0,0.99235,3.38,0.58,12.2,7,0
6.8,0.21,0.55,14.6,0.053,34.0,159.0,0.99805,2.93,0.44,9.2,5,0
6.9,0.35,0.55,11.95,0.038,22.0,111.0,0.99687,3.11,0.29,9.7,5,0
7.0,0.35,0.17,1.1,0.049,7.0,119.0,0.99297,3.13,0.36,9.7,6,0
6.9,0.35,0.55,11.95,0.038,22.0,111.0,0.99687,3.11,0.29,9.7,5,0
7.2,0.3,0.3,8.1,0.05,40.0,188.0,0.99652,3.15,0.49,9.1,6,0
7.2,0.2,0.3,2.0,0.039,43.0,188.0,0.9911,3.3,0.41,12.0,6,0
7.0,0.28,0.26,1.7,0.042,34.0,130.0,0.9925,3.43,0.5,10.7,8,1
7.1,0.21,0.28,2.7,0.034,23.0,111.0,0.99405,3.35,0.64,10.2,4,1
8.1,0.4,0.32,7.9,0.031,23.0,118.0,0.99176,3.05,0.46,13.3,7,0
6.4,0.28,0.17,8.3,0.042,61.0,195.0,0.99577,3.22,0.46,9.4,5,0
6.9,0.43,0.28,9.4,0.056,29.0,183.0,0.99594,3.17,0.43,9.4,5,0
7.1,0.29,0.3,16.0,0.036,58.0,201.0,0.99954,3.3,0.67,9.0,5,0
8.1,0.33,0.36,7.4,0.037,36.0,156.0,0.99592,3.19,0.54,10.6,6,0
6.8,0.32,0.3,1.0,0.049,22.0,113.0,0.99289,3.24,0.61,10.2,5,0
8.5,0.3,0.28,3.1,0.054,54.0,174.0,0.99543,3.21,0.43,9.4,6,0
6.6,0.26,0.25,11.6,0.045,45.0,178.0,0.99691,3.33,0.43,9.8,6,0
7.1,0.32,0.29,4.0,0.038,33.0,170.0,0.99463,3.27,0.64,10.2,6,0
6.6,0.42,0.13,12.8,0.044,26.0,158.0,0.99772,3.24,0.47,9.0,5,0
7.6,0.23,0.64,12.9,0.033,54.0,170.0,0.998,3.0,0.53,8.8,5,0
6.3,0.21,0.29,11.7,0.048,49.0,147.0,0.99482,3.22,0.38,10.8,5,0
7.8,0.28,0.31,2.1,0.046,28.0,208.0,0.99434,3.23,0.64,9.8,5,0
6.8,0.11,0.42,1.1,0.042,51.0,132.0,0.99059,3.18,0.74,11.3,7,0
7.1,0.2,0.3,0.9,0.019,4.0,28.0,0.98931,3.2,0.36,12.0,6,0
6.5,0.18,0.41,14.2,0.039,47.0,129.0,0.99678,3.28,0.72,10.3,7,0
4.5,0.19,0.21,0.95,0.033,89.0,159.0,0.99332,3.34,0.42,8.0,5,0
7.2,0.24,0.27,11.4,0.034,40.0,174.0,0.99773,3.2,0.44,9.0,5,0
7.0,0.34,0.39,6.9,0.066,43.0,162.0,0.99561,3.11,0.53,9.5,5,0
6.8,0.19,0.23,5.1,0.034,71.0,204.0,0.9942,3.23,0.69,10.1,5,0
5.9,0.34,0.31,2.0,0.03,38.0,142.0,0.98892,3.4,0.41,12.9,7,0
7.2,0.32,0.24,5.6,0.033,23.0,120.0,0.99334,2.92,0.66,10.3,7,0
7.1,0.31,0.17,1.0,0.042,21.0,144.0,0.99304,3.13,0.4,9.6,5,0
6.2,0.28,0.27,10.3,0.03,26.0,108.0,0.99388,3.2,0.36,10.7,6,0
5.7,0.23,0.28,9.65,0.025,26.0,121.0,0.9925,3.28,0.38,11.3,6,0
6.5,0.23,0.36,16.3,0.038,43.0,133.0,0.99924,3.26,0.41,8.8,5,0
7.8,0.25,0.34,13.7,0.044,66.0,184.0,0.99976,3.22,0.75,8.9,5,0
5.6,0.2,0.22,1.3,0.049,25.0,155.0,0.99296,3.74,0.43,10.0,5,0
7.5,0.18,0.31,6.5,0.029,53.0,160.0,0.99276,3.03,0.38,10.9,6,0
6.5,0.29,0.31,1.7,0.035,24.0,79.0,0.99053,3.27,0.69,11.4,7,0
6.8,0.17,0.36,1.4,0.036,38.0,108.0,0.99006,3.19,0.66,12.0,6,0
7.7,0.3,0.34,1.2,0.048,4.0,119.0,0.99084,3.18,0.34,12.1,6,0
7.9,0.16,0.3,7.4,0.05,58.0,152.0,0.99612,3.12,0.37,9.5,6,0
7.1,0.2,0.31,7.4,0.053,32.0,211.0,0.99587,3.31,0.59,10.4,6,0
6.4,0.24,0.25,20.2,0.083,35.0,157.0,0.99976,3.17,0.5,9.1,5,0
6.4,0.22,0.32,7.2,0.028,15.0,83.0,0.993,3.13,0.55,10.9,8,1
7.3,0.2,0.26,1.6,0.04,36.0,123.0,0.99238,3.34,0.44,10.8,6,0
5.8,0.32,0.31,2.7,0.049,25.0,153.0,0.99067,3.44,0.73,12.2,7,0
7.4,0.3,0.32,1.7,0.03,23.0,128.0,0.9929,3.17,0.66,10.9,5,0
7.2,0.17,0.41,1.6,0.052,24.0,126.0,0.99228,3.19,0.49,10.8,5,0
6.0,0.21,0.34,2.0,0.042,63.0,123.0,0.99052,3.44,0.42,11.4,6,0
6.6,0.4,0.46,6.2,0.056,42.0,241.0,0.9968,3.5,0.6,9.9,5,0
7.1,0.26,0.32,16.2,0.044,31.0,170.0,0.99644,3.17,0.37,11.2,5,0
6.5,0.37,0.33,3.5,0.036,23.0,92.0,0.99136,3.18,0.38,11.2,6,0
5.5,0.375,0.38,1.7,0.036,17.0,98.0,0.99142,3.29,0.39,10.5,6,0
6.6,0.31,0.07,1.5,0.033,55.0,144.0,0.99208,3.16,0.42,10.0,5,0
6.5,0.15,0.55,5.9,0.045,75.0,162.0,0.99482,2.97,0.4,9.3,5,0
6.6,0.41,0.31,1.6,0.042,18.0,101.0,0.99195,3.13,0.41,10.5,5,0
7.7,0.25,0.3,7.8,0.038,67.0,196.0,0.99555,3.1,0.5,10.1,5,0
7.7,0.25,0.3,7.8,0.038,67.0,196.0,0.99555,3.1,0.5,10.1,5,0
7.0,0.12,0.29,10.3,0.039,41.0,98.0,0.99564,3.19,0.38,9.8,8,1
7.0,0.12,0.29,10.3,0.039,41.0,98.0,0.99564,3.19,0.38,9.8,8,1
6.4,0.29,0.3,2.9,0.036,25.0,79.0,0.99037,3.29,0.6,12.4,7,0
7.3,0.4,0.26,5.45,0.016,26.0,90.0,0.98951,2.84,0.54,13.2,7,0
6.9,0.38,0.38,13.1,0.112,14.0,94.0,0.99792,3.02,0.48,9.2,5,0
6.6,0.23,0.3,14.9,0.051,33.0,118.0,0.99835,3.04,0.54,9.0,6,0
6.7,0.2,0.3,1.4,0.025,17.0,76.0,0.99104,3.11,0.44,11.0,6,0
6.2,0.16,0.32,1.1,0.036,74.0,184.0,0.99096,3.22,0.41,11.0,6,0
6.8,0.18,0.28,9.8,0.039,29.0,113.0,0.99406,3.11,0.45,10.9,7,0
6.7,0.25,0.31,1.35,0.061,30.5,218.0,0.99388,3.16,0.53,9.5,5,0
7.0,0.13,0.37,12.85,0.042,36.0,105.0,0.99581,3.05,0.55,10.7,6,0
7.5,0.18,0.37,6.2,0.05,21.0,138.0,0.99546,3.2,0.55,10.5,6,0
6.7,0.14,0.46,1.6,0.036,15.0,92.0,0.99264,3.37,0.49,10.9,5,0
7.7,0.18,0.53,1.2,0.041,42.0,167.0,0.9908,3.11,0.44,11.9,5,0
7.5,0.33,0.38,8.7,0.126,49.0,199.0,0.99711,2.98,0.57,9.4,5,0
6.2,0.25,0.38,7.9,0.045,54.0,208.0,0.99572,3.17,0.46,9.1,5,0
7.3,0.28,0.42,1.2,0.033,29.0,142.0,0.99205,3.17,0.43,10.7,4,1
7.0,0.53,0.43,6.1,0.029,6.0,76.0,0.99118,3.08,0.5,12.5,8,1
6.7,0.24,0.41,2.9,0.039,48.0,122.0,0.99052,3.25,0.43,12.0,5,0
6.4,0.15,0.4,1.5,0.042,23.0,87.0,0.98972,3.11,0.46,12.2,7,0
7.7,0.26,0.51,2.6,0.045,26.0,159.0,0.99126,3.0,0.5,11.2,6,0
6.5,0.16,0.33,4.8,0.043,45.0,114.0,0.992,3.18,0.44,11.2,6,0
7.8,0.17,0.5,1.3,0.045,35.0,140.0,0.9904,3.16,0.4,12.0,6,0
6.2,0.23,0.36,17.2,0.039,37.0,130.0,0.99946,3.23,0.43,8.8,6,0
6.8,0.39,0.34,7.4,0.02,38.0,133.0,0.99212,3.18,0.44,12.0,7,0
7.6,0.17,0.46,0.9,0.036,63.0,147.0,0.99126,3.02,0.41,10.7,6,0
8.3,0.16,0.37,7.9,0.025,38.0,107.0,0.99306,2.93,0.37,11.9,6,0
7.0,0.21,0.42,5.3,0.037,36.0,123.0,0.99321,3.14,0.52,10.9,6,0
7.9,0.34,0.44,6.5,0.027,47.0,126.0,0.99124,2.96,0.37,12.5,6,0
6.4,0.22,0.38,9.1,0.044,35.0,127.0,0.99326,2.97,0.3,11.0,7,0
7.1,0.14,0.33,1.0,0.104,20.0,54.0,0.99057,3.19,0.64,11.5,6,0
6.7,0.31,0.32,14.5,0.038,6.0,79.0,0.99412,3.14,0.34,12.5,5,0
5.7,0.15,0.28,3.7,0.045,57.0,151.0,0.9913,3.22,0.27,11.2,6,0
6.4,0.23,0.35,4.6,0.039,43.0,147.0,0.99216,3.18,0.4,11.0,7,0
6.4,0.23,0.32,1.9,0.038,40.0,118.0,0.99074,3.32,0.53,11.8,7,0
5.1,0.21,0.28,1.4,0.047,48.0,148.0,0.99168,3.5,0.49,10.4,5,0
7.1,0.17,0.31,1.6,0.037,15.0,103.0,0.991,3.14,0.5,12.0,6,0
6.5,0.26,0.32,6.65,0.059,34.0,104.0,0.99254,3.18,0.42,11.1,5,0
6.9,0.38,0.29,13.65,0.048,52.0,189.0,0.99784,3.0,0.6,9.5,6,0
5.3,0.32,0.23,9.65,0.026,26.0,119.0,0.99168,3.18,0.53,12.2,6,0
7.1,0.18,0.49,1.3,0.033,12.0,72.0,0.99072,3.05,0.53,11.3,7,0
6.9,0.28,0.24,2.1,0.034,49.0,121.0,0.98882,2.98,0.43,13.2,7,0
7.6,0.36,0.49,11.3,0.046,87.0,221.0,0.9984,3.01,0.43,9.2,5,0
8.0,0.28,0.3,8.4,0.03,35.0,115.0,0.99192,2.93,0.42,12.3,6,0
7.4,0.29,0.28,10.2,0.032,43.0,138.0,0.9951,3.1,0.47,10.6,6,0
5.6,0.32,0.33,7.4,0.037,25.0,95.0,0.99268,3.25,0.49,11.1,6,0
8.8,0.19,0.3,5.0,0.028,34.0,120.0,0.99242,2.94,0.47,11.2,5,0
7.7,0.46,0.18,3.3,0.054,18.0,143.0,0.99392,3.12,0.51,10.8,6,0
6.1,0.33,0.32,7.8,0.052,52.0,183.0,0.99657,3.39,0.65,9.5,5,0
8.9,0.3,0.35,4.6,0.032,32.0,148.0,0.99458,3.15,0.45,11.5,7,0
7.2,0.37,0.4,11.6,0.032,34.0,214.0,0.9963,3.1,0.51,9.8,6,0
7.1,0.18,0.39,14.5,0.051,48.0,156.0,0.99947,3.35,0.78,9.1,5,0
7.1,0.18,0.39,14.5,0.051,48.0,156.0,0.99947,3.35,0.78,9.1,5,0
6.9,0.24,0.23,7.1,0.041,20.0,97.0,0.99246,3.1,0.85,11.4,6,0
6.7,0.4,0.22,8.8,0.052,24.0,113.0,0.99576,3.22,0.45,9.4,5,0
5.9,0.27,0.27,5.0,0.035,14.0,97.0,0.99058,3.1,0.33,11.8,7,0
6.6,0.21,0.29,5.35,0.029,43.0,106.0,0.99112,2.93,0.43,11.5,7,0
6.2,0.3,0.31,1.6,0.035,40.0,106.0,0.98914,3.26,0.39,12.9,7,0
6.7,0.24,0.3,3.85,0.042,105.0,179.0,0.99189,3.04,0.59,11.3,8,1
6.7,0.16,0.36,2.0,0.045,24.0,131.0,0.99284,3.3,0.59,10.5,6,0
8.0,0.2,0.44,1.0,0.057,24.0,111.0,0.99158,3.09,0.32,11.2,6,0
6.7,0.24,0.36,8.4,0.042,42.0,123.0,0.99473,3.34,0.52,10.9,6,0
6.8,0.19,0.33,1.3,0.031,22.0,87.0,0.98987,3.08,0.62,12.3,7,0
5.9,0.23,0.24,3.8,0.038,61.0,152.0,0.99139,3.31,0.5,11.3,7,0
7.8,0.15,0.34,1.1,0.035,31.0,93.0,0.99096,3.07,0.72,11.3,7,0
5.9,0.655,0.0,5.6,0.033,8.0,31.0,0.9936,3.32,0.51,10.5,4,1
7.4,0.28,0.36,14.6,0.048,35.0,161.0,0.9968,3.14,0.56,10.6,5,0
7.4,0.25,0.28,7.25,0.028,14.0,78.0,0.99238,2.94,0.37,11.5,7,0
7.5,0.3,0.21,6.55,0.026,33.0,143.0,0.99244,2.92,0.35,11.1,5,0
7.2,0.16,0.29,1.0,0.031,40.0,123.0,0.98958,3.12,0.4,12.1,7,0
6.4,0.38,0.24,7.2,0.047,41.0,151.0,0.99604,3.11,0.6,9.2,5,0
7.0,0.16,0.25,14.3,0.044,27.0,149.0,0.998,2.91,0.46,9.2,6,0
7.2,0.24,0.3,1.2,0.037,11.0,95.0,0.98914,2.96,0.36,12.5,6,0
7.1,0.27,0.24,12.6,0.044,48.0,118.0,0.99726,3.04,0.56,10.0,7,0
6.6,0.3,0.25,8.0,0.036,21.0,124.0,0.99362,3.06,0.38,10.8,6,0
5.8,0.58,0.0,1.5,0.02,33.0,96.0,0.98918,3.29,0.38,12.4,6,0
6.9,0.19,0.6,4.0,0.037,6.0,122.0,0.99255,2.92,0.59,10.4,4,1
5.7,0.15,0.47,11.4,0.035,49.0,128.0,0.99456,3.03,0.34,10.5,8,1
5.0,0.29,0.54,5.7,0.035,54.0,155.0,0.98976,3.27,0.34,12.9,8,1
5.4,0.3,0.3,1.2,0.029,25.0,93.0,0.98742,3.31,0.4,13.6,7,0
6.6,0.34,0.2,1.0,0.053,26.0,112.0,0.99336,3.32,0.55,9.1,5,0
6.8,0.31,0.3,8.0,0.028,33.0,122.0,0.99164,3.13,0.63,12.6,7,0
7.4,0.22,0.26,8.8,0.027,23.0,112.0,0.9931,2.98,0.41,11.4,6,0
6.4,0.16,0.44,1.2,0.051,39.0,122.0,0.99058,3.11,0.75,11.3,7,0
7.5,0.24,0.31,13.1,0.05,26.0,180.0,0.99884,3.05,0.53,9.1,6,0
6.3,0.2,0.18,10.6,0.045,57.0,159.0,0.99666,3.09,0.54,9.2,5,0
6.6,0.26,0.22,18.15,0.05,23.0,139.0,0.99904,3.06,0.5,9.2,5,0
6.6,0.3,0.45,8.0,0.038,54.0,200.0,0.9956,3.18,0.48,9.5,5,0
6.2,0.2,0.33,5.4,0.028,21.0,75.0,0.99012,3.36,0.41,13.5,7,0
6.2,0.22,0.2,20.8,0.035,58.0,184.0,1.00022,3.11,0.53,9.0,6,0
7.0,0.15,0.28,14.7,0.051,29.0,149.0,0.99792,2.96,0.39,9.0,7,0
6.5,0.26,0.34,1.4,0.04,25.0,184.0,0.99216,3.29,0.46,10.7,5,0
5.5,0.17,0.23,2.9,0.039,10.0,108.0,0.99243,3.28,0.5,10.0,5,0
6.5,0.26,0.34,1.4,0.04,25.0,184.0,0.99216,3.29,0.46,10.7,5,0
6.9,0.4,0.17,12.9,0.033,59.0,186.0,0.99754,3.08,0.49,9.4,5,0
6.5,0.33,0.28,6.1,0.018,41.0,103.0,0.99122,3.24,0.32,12.2,6,0
6.9,0.33,0.31,7.7,0.04,29.0,135.0,0.99226,3.11,0.57,12.3,5,0
6.5,0.33,0.28,6.1,0.018,41.0,103.0,0.99122,3.24,0.32,12.2,6,0
6.5,0.25,0.27,17.4,0.064,29.0,140.0,0.99776,3.2,0.49,10.1,6,0
6.4,0.34,0.44,8.2,0.043,54.0,201.0,0.99551,3.18,0.48,9.5,5,0
7.9,0.21,0.39,2.0,0.057,21.0,138.0,0.99176,3.05,0.52,10.9,5,0
7.1,0.39,0.79,1.4,0.194,23.0,90.0,0.99212,3.17,0.46,10.5,6,0
6.7,0.24,0.32,9.0,0.023,20.0,109.0,0.99262,3.34,0.35,12.6,6,0
6.1,0.23,0.27,9.8,0.055,74.0,134.0,0.99534,3.16,0.4,10.2,6,0
6.0,0.28,0.24,17.8,0.047,42.0,111.0,0.99896,3.1,0.45,8.9,6,0
6.6,0.32,0.47,15.6,0.063,27.0,173.0,0.99872,3.18,0.56,9.0,5,0
8.4,0.22,0.3,1.3,0.038,45.0,122.0,0.99178,3.13,0.54,10.8,7,0
7.3,0.38,0.23,6.5,0.05,18.0,102.0,0.99304,3.1,0.55,11.2,4,1
6.7,0.18,0.31,10.6,0.035,42.0,143.0,0.99572,3.08,0.49,9.8,7,0
6.8,0.37,0.67,1.5,0.175,16.0,98.0,0.99244,3.06,0.56,10.3,6,0
5.6,0.23,0.25,8.0,0.043,31.0,101.0,0.99429,3.19,0.42,10.4,6,0
6.1,0.2,0.17,1.6,0.048,46.0,129.0,0.991,3.3,0.43,11.4,6,0
7.3,0.23,0.41,14.6,0.048,73.0,223.0,0.99863,3.16,0.71,9.4,6,0
6.7,0.28,0.34,8.9,0.048,32.0,111.0,0.99455,3.25,0.54,11.0,7,0
6.5,0.46,0.24,11.5,0.051,56.0,171.0,0.99588,3.08,0.56,9.8,6,0
6.5,0.18,0.48,18.0,0.054,56.0,183.0,1.00038,2.98,0.61,8.5,6,0
6.2,0.32,0.12,4.8,0.054,6.0,97.0,0.99424,3.16,0.5,9.3,5,0
7.3,0.33,0.22,1.4,0.041,40.0,177.0,0.99287,3.14,0.48,9.9,5,0
7.4,0.16,0.27,15.5,0.05,25.0,135.0,0.9984,2.9,0.43,8.7,7,0
6.5,0.36,0.16,1.3,0.054,11.0,107.0,0.99398,3.19,0.39,8.5,5,0
6.2,0.35,0.2,18.1,0.069,33.0,158.0,0.99908,3.15,0.5,8.8,6,0
6.6,0.44,0.32,3.0,0.095,13.0,75.0,0.98954,3.1,0.63,12.8,6,0
6.3,0.34,0.31,6.0,0.02,18.0,68.0,0.98981,3.22,0.29,13.4,7,0
6.8,0.26,0.29,11.9,0.052,54.0,160.0,0.99546,3.03,0.58,10.4,6,0
6.2,0.2,0.25,15.0,0.055,8.0,120.0,0.99767,3.19,0.53,9.6,6,0
6.1,0.3,0.47,1.4,0.049,50.0,187.0,0.9927,3.19,0.45,9.5,5,0
7.4,0.16,0.3,13.7,0.056,33.0,168.0,0.99825,2.9,0.44,8.7,7,0
6.9,0.24,0.4,15.4,0.052,81.0,198.0,0.9986,3.2,0.69,9.4,5,0
7.6,0.27,0.32,1.2,0.043,23.0,72.0,0.99236,3.06,0.68,10.5,5,0
5.3,0.33,0.3,1.2,0.048,25.0,119.0,0.99045,3.32,0.62,11.3,6,0
6.7,0.24,0.31,2.3,0.044,37.0,113.0,0.99013,3.29,0.46,12.9,6,0
7.0,0.44,0.24,12.1,0.056,68.0,210.0,0.99718,3.05,0.5,9.5,5,0
6.4,0.29,0.18,15.0,0.04,21.0,116.0,0.99736,3.14,0.5,9.2,5,0
5.8,0.2,0.16,1.4,0.042,44.0,99.0,0.98912,3.23,0.37,12.2,6,0
5.6,0.18,0.29,2.3,0.04,5.0,47.0,0.99126,3.07,0.45,10.1,4,1
6.2,0.24,0.27,16.8,0.04,48.0,129.0,0.99691,3.23,0.38,10.5,6,0
5.7,0.22,0.2,16.0,0.044,41.0,113.0,0.99862,3.22,0.46,8.9,6,0
7.2,0.21,0.36,15.7,0.045,68.0,183.0,0.99922,3.25,0.76,9.4,5,0
6.1,0.24,0.25,1.6,0.044,24.0,115.0,0.9921,3.39,0.59,10.9,6,0
6.3,0.41,0.22,7.3,0.035,23.0,117.0,0.99172,3.2,0.39,11.94,7,0
6.7,0.41,0.24,5.4,0.035,33.0,115.0,0.9901,3.12,0.44,12.8933333333333,7,0
6.4,0.24,0.26,8.2,0.054,47.0,182.0,0.99538,3.12,0.5,9.5,5,0
7.1,0.2,0.35,3.2,0.034,21.0,107.0,0.99195,3.11,0.54,11.1,6,0
7.1,0.23,0.3,2.6,0.034,62.0,148.0,0.99121,3.03,0.56,11.3,7,0
7.2,0.34,0.28,10.4,0.108,43.0,187.0,0.99738,2.96,0.57,9.4,5,0
7.4,0.16,0.3,1.4,0.064,34.0,166.0,0.99136,3.11,0.42,11.4333333333333,6,0
6.2,0.29,0.29,5.6,0.046,35.0,178.0,0.99313,3.25,0.51,10.5333333333333,5,0
5.9,0.28,0.34,3.6,0.04,50.0,194.0,0.9912,3.31,0.52,11.6,6,0
6.3,0.19,0.33,10.1,0.063,63.0,133.0,0.99561,2.86,0.41,9.1,5,0
6.4,0.3,0.27,5.0,0.058,27.0,151.0,0.99198,3.22,0.49,12.2,6,0
5.9,0.29,0.16,7.9,0.044,48.0,197.0,0.99512,3.21,0.36,9.4,5,0
6.3,0.29,0.29,3.3,0.037,32.0,140.0,0.9895,3.17,0.36,12.8,7,0
5.7,0.29,0.16,7.9,0.044,48.0,197.0,0.99512,3.21,0.36,9.4,5,0
6.2,0.22,0.28,2.2,0.04,24.0,125.0,0.9917,3.19,0.48,10.5,6,0
6.6,0.22,0.23,17.3,0.047,37.0,118.0,0.99906,3.08,0.46,8.8,6,0
6.6,0.38,0.28,2.8,0.043,17.0,67.0,0.98924,3.21,0.47,13.2,6,0
6.1,0.21,0.19,1.4,0.046,51.0,131.0,0.99184,3.22,0.39,10.5,5,0
7.2,0.47,0.16,5.9,0.048,14.0,125.0,0.99428,3.09,0.49,9.8,5,0
5.0,0.35,0.25,7.8,0.031,24.0,116.0,0.99241,3.39,0.4,11.3,6,0
6.9,0.29,0.25,12.2,0.04,29.0,136.0,0.99552,3.05,0.65,10.4,6,0
6.3,0.3,0.19,7.7,0.049,47.0,184.0,0.99514,3.22,0.48,9.5,5,0
6.0,0.28,0.29,19.3,0.051,36.0,174.0,0.99911,3.14,0.5,9.0,5,0
6.4,0.23,0.27,2.1,0.042,35.0,100.0,0.99094,3.03,0.63,10.9,6,0
5.9,0.22,0.45,22.6,0.12,55.0,122.0,0.99636,3.1,0.35,12.8,5,0
5.8,0.555,0.26,4.5,0.053,17.0,126.0,0.9943,3.24,0.46,9.1,5,0
5.8,0.3,0.33,3.5,0.033,25.0,116.0,0.99057,3.2,0.44,11.7,6,0
6.5,0.32,0.23,8.5,0.051,20.0,138.0,0.9943,3.03,0.42,10.7,5,0
6.8,0.33,0.3,2.1,0.047,35.0,147.0,0.9886,3.24,0.56,13.4,6,0
5.8,0.13,0.22,12.7,0.058,24.0,183.0,0.9956,3.32,0.42,11.7,6,0
7.3,0.28,0.54,12.9,0.049,62.0,162.5,0.9984,3.06,0.45,9.1,6,0
6.9,0.28,0.37,9.1,0.037,16.0,76.0,0.9948,3.05,0.54,11.1,5,0
6.3,0.25,0.53,1.8,0.021,41.0,101.0,0.989315,3.19,0.31,13.0,6,0
6.4,0.55,0.26,9.6,0.027,20.0,104.0,0.9924,3.22,0.73,13.1,6,0
6.4,0.23,0.37,7.9,0.05,60.0,150.0,0.99488,2.86,0.49,9.3,6,0
6.5,0.5,0.22,4.1,0.036,35.0,131.0,0.9902,3.26,0.55,13.0,7,0
6.6,0.4,0.3,5.3,0.038,20.0,125.0,0.99204,3.36,0.73,12.6,6,0
5.8,0.345,0.15,10.8,0.033,26.0,120.0,0.99494,3.25,0.49,10.0,6,0
5.6,0.695,0.06,6.8,0.042,9.0,84.0,0.99432,3.44,0.44,10.2,5,0
6.3,0.36,0.28,2.5,0.035,18.0,73.0,0.98868,3.1,0.47,12.8,7,0
6.0,0.29,0.41,10.8,0.048,55.0,149.0,0.9937,3.09,0.59,10.9666666666667,7,0
6.0,0.17,0.33,6.0,0.036,30.0,111.0,0.99362,3.32,0.58,10.15,7,0
6.7,0.35,0.32,9.0,0.032,29.0,113.0,0.99188,3.13,0.65,12.9,7,0
6.8,0.3,0.33,12.8,0.041,60.0,168.0,0.99659,3.1,0.56,9.8,5,0
5.4,0.33,0.31,4.0,0.03,27.0,108.0,0.99031,3.3,0.43,12.2,7,0
5.2,0.24,0.15,7.1,0.043,32.0,134.0,0.99378,3.24,0.48,9.9,6,0
6.1,0.32,0.33,10.7,0.036,27.0,98.0,0.99521,3.34,0.52,10.2,6,0
6.4,0.42,0.46,8.4,0.05,58.0,180.0,0.99495,3.18,0.46,9.7,6,0
5.3,0.31,0.38,10.5,0.031,53.0,140.0,0.99321,3.34,0.46,11.7,6,0
5.2,0.185,0.22,1.0,0.03,47.0,123.0,0.99218,3.55,0.44,10.15,6,0
6.1,0.24,0.32,9.0,0.031,41.0,134.0,0.99234,3.25,0.26,12.3,7,0
6.3,0.23,0.5,10.4,0.043,61.0,132.0,0.99542,2.86,0.46,9.1,6,0
5.6,0.26,0.5,11.4,0.029,25.0,93.0,0.99428,3.23,0.49,10.5,6,0
7.3,0.36,0.62,7.1,0.033,48.0,185.0,0.99472,3.14,0.62,10.6,6,0
6.4,0.19,0.35,10.2,0.043,40.0,106.0,0.99632,3.16,0.5,9.7,6,0
6.6,0.19,0.25,1.2,0.052,34.0,181.0,0.99352,3.3,0.42,9.4,7,0
5.2,0.21,0.31,1.7,0.048,17.0,61.0,0.98953,3.24,0.37,12.0,7,0
6.7,0.3,0.5,12.1,0.045,38.0,127.0,0.9974,3.04,0.53,8.9,6,0
6.9,0.25,0.29,2.4,0.038,28.0,76.0,0.99088,3.01,0.36,11.7,7,0
6.0,0.17,0.3,7.3,0.039,39.0,104.0,0.99252,2.91,0.57,11.0,6,0
5.8,0.36,0.5,1.0,0.127,63.0,178.0,0.99212,3.1,0.45,9.7,5,0
5.9,0.32,0.26,1.5,0.057,17.0,141.0,0.9917,3.24,0.36,10.7,5,0
5.2,0.405,0.15,1.45,0.038,10.0,44.0,0.99125,3.52,0.4,11.6,4,1
5.7,0.22,0.25,1.1,0.05,97.0,175.0,0.99099,3.44,0.62,11.1,6,0
6.2,0.355,0.35,2.0,0.046,31.0,95.0,0.98822,3.06,0.46,13.6,6,0
5.7,0.41,0.21,1.9,0.048,30.0,112.0,0.99138,3.29,0.55,11.2,6,0
6.2,0.53,0.02,0.9,0.035,6.0,81.0,0.99234,3.24,0.35,9.5,4,1
4.9,0.47,0.17,1.9,0.035,60.0,148.0,0.98964,3.27,0.35,11.5,6,0
6.5,0.23,0.38,1.3,0.032,29.0,112.0,0.99298,3.29,0.54,9.7,5,0
