6.3,0.3,0.34,1.6,0.049,14.0,132.0,0.994,3.3,0.49,9.5,6,0
7.9,0.18,0.37,1.2,0.04,16.0,75.0,0.992,3.18,0.63,10.8,5,0
7.6,0.67,0.14,1.5,0.074,25.0,168.0,0.9937,3.05,0.51,9.3,5,0
7.0,0.25,0.32,9.0,0.046,56.0,245.0,0.9955,3.25,0.5,10.4,6,0
7.0,0.33,0.32,1.2,0.053,38.0,138.0,0.9906,3.13,0.28,11.2,6,0
6.7,0.23,0.26,1.4,0.06,33.0,154.0,0.9934,3.24,0.56,9.5,6,0
6.9,0.19,0.35,5.0,0.067,32.0,150.0,0.995,3.36,0.48,9.8,5,0
6.9,0.25,0.35,1.3,0.039,29.0,191.0,0.9908,3.13,0.52,11.0,6,0
6.7,0.25,0.13,1.2,0.041,81.0,174.0,0.992,3.14,0.42,9.8,5,0
6.0,0.27,0.28,4.8,0.063,31.0,201.0,0.9964,3.69,0.71,10.0,5,0
7.1,0.44,0.62,11.8,0.044,52.0,152.0,0.9975,3.12,0.46,8.7,6,0
6.9,0.21,0.33,1.8,0.034,48.0,136.0,0.9899,3.25,0.41,12.6,7,0
7.4,0.25,0.37,13.5,0.06,52.0,192.0,0.9975,3.0,0.44,9.1,5,0
7.1,0.12,0.32,9.6,0.054,64.0,162.0,0.9962,3.4,0.41,9.4,5,0
6.9,0.33,0.28,1.3,0.051,37.0,187.0,0.9927,3.27,0.6,10.3,5,0
7.3,0.32,0.48,13.3,0.06,57.0,196.0,0.9982,3.04,0.5,9.2,5,0
6.4,0.13,0.47,1.6,0.092,40.0,158.0,0.9928,3.21,0.36,9.8,6,0
8.5,0.21,0.41,4.3,0.036,24.0,99.0,0.9947,3.18,0.53,9.7,6,0
6.3,0.34,0.33,4.6,0.034,19.0,80.0,0.9917,3.38,0.58,12.0,7,0
7.5,0.29,0.31,8.95,0.055,20.0,151.0,0.9968,3.08,0.54,9.3,5,0
7.5,0.27,0.31,17.7,0.051,33.0,173.0,0.999,3.09,0.64,10.2,5,0
5.9,0.23,0.3,12.9,0.054,57.0,170.0,0.9972,3.28,0.39,9.4,5,0
6.8,0.26,0.24,7.8,0.052,54.0,214.0,0.9961,3.13,0.47,8.9,5,0
5.8,0.28,0.35,2.3,0.053,36.0,114.0,0.9924,3.28,0.5,10.2,4,1
6.2,0.25,0.25,1.4,0.03,35.0,105.0,0.9912,3.3,0.44,11.1,7,0
7.2,0.685,0.21,9.5,0.07,33.0,172.0,0.9971,3.0,0.55,9.1,6,0
6.4,0.17,0.32,2.4,0.048,41.0,200.0,0.9938,3.5,0.5,9.7,6,0
8.2,0.27,0.39,7.8,0.039,49.0,208.0,0.9976,3.31,0.51,9.5,6,0
7.2,0.23,0.38,14.3,0.058,55.0,194.0,0.9979,3.09,0.44,9.0,6,0
6.9,0.29,0.4,19.45,0.043,36.0,156.0,0.9996,2.93,0.47,8.9,5,0
6.8,0.32,0.34,1.2,0.044,14.0,67.0,0.9919,3.05,0.47,10.6,4,1
7.0,0.24,0.36,2.8,0.034,22.0,112.0,0.99,3.19,0.38,12.6,8,1
6.0,0.29,0.21,1.3,0.055,42.0,168.0,0.9914,3.32,0.43,11.1,6,0
7.3,0.41,0.24,6.8,0.057,41.0,163.0,0.9949,3.2,0.41,9.9,6,0
6.8,0.25,0.34,4.7,0.031,34.0,134.0,0.9927,3.21,0.38,10.6,6,0
6.0,0.1,0.24,1.1,0.041,15.0,65.0,0.9927,3.61,0.61,10.3,7,0
6.7,0.19,0.41,15.6,0.056,75.0,155.0,0.9995,3.2,0.44,8.8,6,0
7.6,0.17,0.45,11.2,0.054,56.0,137.0,0.997,3.15,0.47,10.0,5,0
6.3,0.12,0.36,2.1,0.044,47.0,146.0,0.9914,3.27,0.74,11.4,7,0
5.5,0.335,0.3,2.5,0.071,27.0,128.0,0.9924,3.14,0.51,9.6,6,0
6.8,0.15,0.3,5.3,0.05,40.0,127.0,0.9942,3.4,0.39,9.7,6,0
7.3,0.2,0.44,1.4,0.045,21.0,98.0,0.9924,3.15,0.46,10.0,7,0
7.2,0.27,0.27,2.4,0.048,30.0,149.0,0.9936,3.1,0.51,9.2,6,0
8.2,0.28,0.42,1.8,0.031,30.0,93.0,0.9917,3.09,0.39,11.4,5,0
6.8,0.22,0.31,6.3,0.035,33.0,170.0,0.9918,3.24,0.66,12.6,6,0
5.8,0.28,0.34,4.0,0.031,40.0,99.0,0.9896,3.39,0.39,12.8,7,0
7.3,0.28,0.36,12.7,0.04,38.0,140.0,0.998,3.3,0.79,9.6,6,0
7.2,0.55,0.09,1.5,0.108,16.0,151.0,0.9938,3.07,0.57,9.2,4,1
6.0,0.25,0.28,2.2,0.026,54.0,126.0,0.9898,3.43,0.65,12.9,8,1
6.6,0.52,0.44,12.2,0.048,54.0,245.0,0.9975,3.26,0.54,9.3,6,0
8.6,0.37,0.7,12.15,0.039,21.0,158.0,0.9983,3.0,0.73,9.3,6,0
7.1,0.55,0.13,1.7,0.073,21.0,165.0,0.994,2.97,0.58,9.2,6,0
6.3,0.22,0.33,1.7,0.041,67.0,164.0,0.9928,3.32,0.56,10.4,6,0
6.6,0.34,0.28,1.3,0.035,32.0,90.0,0.9916,3.1,0.42,10.7,6,0
7.2,0.4,0.62,10.8,0.041,70.0,189.0,0.9976,3.08,0.49,8.6,4,1
5.7,0.335,0.34,1.0,0.04,13.0,174.0,0.992,3.27,0.66,10.0,5,0
7.8,0.18,0.31,12.2,0.053,46.0,140.0,0.998,3.06,0.53,8.9,6,0
7.8,0.34,0.35,1.8,0.042,8.0,167.0,0.9908,3.11,0.41,12.1,6,0
5.8,0.36,0.32,1.7,0.033,22.0,96.0,0.9898,3.03,0.38,11.2,6,0
7.2,0.31,0.46,5.0,0.04,3.0,29.0,0.9906,3.04,0.53,12.5,4,1
7.9,0.345,0.51,15.3,0.047,54.0,171.0,0.9987,3.09,0.51,9.1,5,0
6.1,0.24,0.3,1.5,0.045,22.0,61.0,0.992,3.31,0.54,10.4,5,0
7.2,0.46,0.65,10.4,0.05,76.0,192.0,0.9976,3.16,0.42,8.7,5,0
6.5,0.18,0.31,1.7,0.044,30.0,127.0,0.9928,3.49,0.5,10.2,7,0
7.2,0.34,0.44,4.2,0.047,51.0,144.0,0.991,3.01,0.76,12.3,6,0
5.9,0.37,0.1,1.6,0.057,39.0,128.0,0.9924,3.24,0.48,10.1,5,0
8.2,0.22,0.3,1.8,0.047,47.0,185.0,0.9933,3.13,0.5,10.2,6,0
7.1,0.22,0.33,2.8,0.033,48.0,153.0,0.9899,3.15,0.38,12.7,7,0
6.1,0.32,0.25,1.7,0.034,37.0,136.0,0.992,3.47,0.5,10.8,7,0
7.3,0.2,0.37,1.2,0.037,48.0,119.0,0.992,3.32,0.49,10.9,6,0
7.5,0.23,0.68,11.0,0.047,37.0,133.0,0.9978,2.99,0.38,8.8,5,0
6.5,0.46,0.41,16.8,0.084,59.0,222.0,0.9993,3.18,0.58,9.0,5,0
7.2,0.24,0.34,1.1,0.045,3.0,64.0,0.9913,3.23,0.51,11.4,5,0
7.0,0.32,0.24,6.2,0.048,31.0,228.0,0.9957,3.23,0.62,9.4,6,0
7.0,0.23,0.42,18.05,0.05,35.0,144.0,0.9999,3.22,0.42,8.8,5,0
6.9,0.24,0.33,4.8,0.04,16.0,131.0,0.9936,3.26,0.64,10.7,6,0
6.1,0.28,0.25,12.9,0.054,34.0,189.0,0.9979,3.25,0.43,9.0,4,1
7.3,0.34,0.21,3.2,0.05,14.0,136.0,0.9936,3.25,0.44,10.2,5,0
6.8,0.29,0.16,1.4,0.038,122.5,234.5,0.9922,3.15,0.47,10.0,4,1
6.8,0.22,0.37,1.7,0.036,38.0,195.0,0.9908,3.35,0.72,12.5,6,0
6.7,0.28,0.14,1.4,0.043,64.0,159.0,0.992,3.17,0.39,10.0,5,0
5.9,0.25,0.25,11.3,0.052,30.0,165.0,0.997,3.24,0.44,9.5,6,0
6.8,0.22,0.35,5.5,0.043,21.0,114.0,0.9938,3.3,0.53,10.7,7,0
7.6,0.29,0.58,17.5,0.041,51.0,225.0,0.9997,3.16,0.66,9.5,6,0
7.4,0.29,0.5,1.8,0.042,35.0,127.0,0.9937,3.45,0.5,10.2,7,0
7.0,0.21,0.34,8.0,0.057,19.0,101.0,0.9954,2.99,0.59,9.4,5,0
6.9,0.38,0.25,9.8,0.04,28.0,191.0,0.9971,3.28,0.61,9.2,5,0
7.1,0.21,0.31,3.8,0.021,40.0,142.0,0.99215,3.17,0.39,10.8,7,0
5.9,0.26,0.25,12.5,0.034,38.0,152.0,0.9977,3.33,0.43,9.4,5,0
6.9,0.18,0.38,8.1,0.049,44.0,176.0,0.9958,3.3,0.54,9.8,6,0
6.9,0.18,0.38,8.1,0.049,44.0,176.0,0.9958,3.3,0.54,9.8,6,0
6.1,0.27,0.3,16.7,0.039,49.0,172.0,0.99985,3.4,0.45,9.4,5,0
7.2,0.23,0.19,13.7,0.052,47.0,197.0,0.99865,3.12,0.53,9.0,5,0
6.2,0.3,0.17,2.8,0.04,24.0,125.0,0.9939,3.01,0.46,9.0,5,0
7.6,0.33,0.35,6.3,0.036,12.0,126.0,0.9924,3.16,0.39,12.0,7,0
8.7,0.23,0.32,13.4,0.044,35.0,169.0,0.99975,3.12,0.47,8.8,7,0
7.3,0.24,0.29,1.2,0.037,37.0,97.0,0.9926,3.19,0.7,10.1,6,0
7.7,0.34,0.58,11.1,0.039,41.0,151.0,0.9978,3.06,0.49,8.6,5,0
7.1,0.21,0.32,2.2,0.037,28.0,141.0,0.993,3.2,0.57,10.0,7,0
6.1,0.34,0.27,2.6,0.024,20.0,105.0,0.9906,3.4,0.67,12.2,7,0
7.3,0.26,0.31,1.6,0.04,39.0,173.0,0.9918,3.19,0.51,11.4,6,0
5.9,0.26,0.3,1.0,0.036,38.0,114.0,0.9928,3.58,0.48,9.4,5,0
6.6,0.26,0.29,1.4,0.039,13.0,67.0,0.9915,3.05,0.49,10.9,6,0
7.0,0.24,0.34,1.4,0.031,27.0,107.0,0.99,3.06,0.39,11.9,6,0
7.7,0.17,0.52,5.9,0.017,21.0,84.0,0.9929,3.14,0.4,11.9,7,0
7.7,0.24,0.29,15.3,0.044,39.0,194.0,0.9982,3.06,0.47,9.6,7,0
6.9,0.19,0.33,1.6,0.043,63.0,149.0,0.9925,3.44,0.52,10.8,5,0
6.1,0.16,0.27,12.6,0.064,63.0,162.0,0.9994,3.66,0.43,8.9,5,0
8.6,0.2,0.42,1.5,0.041,35.0,125.0,0.9925,3.11,0.49,11.4,7,0
7.1,0.47,0.24,6.0,0.044,11.0,77.0,0.9956,3.21,0.56,9.7,5,0
6.1,0.37,0.36,4.7,0.035,36.0,116.0,0.991,3.31,0.62,12.6,6,0
7.3,0.24,0.34,7.5,0.048,29.0,152.0,0.9962,3.1,0.54,9.0,5,0
8.3,0.22,0.38,14.8,0.054,32.0,126.0,1.0002,3.22,0.5,9.7,5,0
6.3,0.34,0.29,6.2,0.046,29.0,227.0,0.9952,3.29,0.53,10.1,6,0
6.3,0.27,0.25,5.8,0.038,52.0,155.0,0.995,3.28,0.38,9.4,6,0
6.5,0.28,0.26,8.8,0.04,44.0,139.0,0.9956,3.32,0.37,10.2,6,0
7.4,0.18,0.4,1.6,0.047,22.0,102.0,0.9937,3.28,0.44,10.7,5,0
8.1,0.45,0.34,8.3,0.037,33.0,216.0,0.9976,3.31,0.64,9.7,5,0
6.7,0.25,0.34,12.85,0.048,30.0,161.0,0.9986,3.44,0.47,9.5,6,0
5.7,0.26,0.27,4.1,0.201,73.5,189.5,0.9942,3.27,0.38,9.4,6,0
7.4,0.22,0.33,2.0,0.045,31.0,101.0,0.9931,3.42,0.55,11.4,5,0
7.9,0.46,0.32,4.1,0.033,40.0,138.0,0.9912,3.18,0.44,12.8,7,0
7.4,0.25,0.37,6.9,0.02,14.0,93.0,0.9939,3.0,0.48,10.7,7,0
9.2,0.28,0.41,1.0,0.042,14.0,59.0,0.9922,2.96,0.25,10.5,6,0
7.6,0.28,0.39,1.2,0.038,21.0,115.0,0.994,3.16,0.67,10.0,6,0
6.8,0.32,0.37,3.4,0.023,19.0,87.0,0.9902,3.14,0.53,12.7,6,0
8.0,0.2,0.4,5.2,0.055,41.0,167.0,0.9953,3.18,0.4,10.6,7,0
8.4,0.57,0.44,10.7,0.051,46.0,195.0,0.9981,3.15,0.51,10.4,5,0
7.3,0.19,0.68,1.5,0.05,31.0,156.0,0.9946,3.32,0.64,9.4,6,0
7.2,0.14,0.35,1.2,0.036,15.0,73.0,0.9938,3.46,0.39,9.9,5,0
7.6,0.31,0.29,10.5,0.04,21.0,145.0,0.9966,3.04,0.35,9.4,5,0
7.5,0.23,0.32,9.2,0.038,54.0,191.0,0.9966,3.04,0.56,9.7,6,0
7.5,0.38,0.33,5.0,0.045,30.0,131.0,0.9942,3.32,0.44,10.9,6,0
7.3,0.42,0.38,6.8,0.045,29.0,122.0,0.9925,3.19,0.37,12.6,7,0
7.3,0.34,0.39,5.2,0.04,45.0,163.0,0.9925,3.3,0.47,12.4,6,0
8.0,0.59,0.71,17.35,0.038,61.0,228.0,1.0,2.95,0.75,9.3,5,0
8.3,0.21,0.41,2.2,0.05,24.0,108.0,0.994,2.85,0.45,9.5,5,0
6.7,0.18,0.3,6.4,0.048,40.0,251.0,0.9956,3.29,0.52,10.0,5,0
8.2,0.35,0.4,6.3,0.039,35.0,162.0,0.9936,3.15,0.34,11.9,7,0
6.9,0.27,0.41,1.7,0.047,6.0,134.0,0.9929,3.15,0.69,11.4,6,0
7.1,0.19,0.28,3.6,0.033,16.0,78.0,0.993,2.91,0.78,11.4,6,0
6.5,0.36,0.49,2.9,0.03,16.0,94.0,0.9902,3.1,0.49,12.1,7,0
7.0,0.18,0.49,5.3,0.04,34.0,125.0,0.9914,3.24,0.4,12.2,6,0
8.3,0.21,0.49,19.8,0.054,50.0,231.0,1.0012,2.99,0.54,9.2,5,0
6.3,0.27,0.49,1.2,0.063,35.0,92.0,0.9911,3.38,0.42,12.2,6,0
7.9,0.11,0.49,4.5,0.048,27.0,133.0,0.9946,3.24,0.42,10.6,6,0
8.5,0.17,0.74,3.6,0.05,29.0,128.0,0.9928,3.28,0.4,12.4,6,0
7.2,0.4,0.49,1.1,0.048,11.0,138.0,0.9929,3.01,0.42,9.3,5,0
7.0,0.2,0.49,5.9,0.038,39.0,128.0,0.9938,3.21,0.48,10.8,6,0
7.2,0.08,0.49,1.3,0.05,18.0,148.0,0.9945,3.46,0.44,10.2,6,0
7.4,0.28,0.49,1.5,0.034,20.0,126.0,0.9918,2.98,0.39,10.6,6,0
6.7,0.25,0.74,19.4,0.054,44.0,169.0,1.0004,3.51,0.45,9.8,6,0
6.6,0.3,0.24,1.2,0.034,17.0,121.0,0.9933,3.13,0.36,9.2,5,0
7.0,0.17,0.74,12.8,0.045,24.0,126.0,0.9942,3.26,0.38,12.2,8,1
8.8,0.23,0.74,3.2,0.042,15.0,126.0,0.9934,3.02,0.51,11.2,6,0
7.3,0.155,0.49,1.3,0.039,34.0,136.0,0.9926,3.14,0.77,10.5,6,0
6.9,0.21,0.49,1.4,0.041,15.0,164.0,0.9927,3.25,0.63,11.0,5,0
7.9,0.28,0.49,7.7,0.045,48.0,195.0,0.9954,3.04,0.55,11.0,6,0
8.9,0.13,0.49,1.0,0.028,6.0,24.0,0.9926,2.91,0.32,9.9,5,0
6.7,0.29,0.49,4.7,0.034,35.0,156.0,0.9945,3.13,0.45,9.9,6,0
6.9,0.3,0.49,7.6,0.057,25.0,156.0,0.9962,3.43,0.63,11.0,7,0
6.9,0.22,0.49,7.0,0.063,50.0,168.0,0.9957,3.54,0.5,10.3,6,0
6.4,0.18,0.74,11.9,0.046,54.0,168.0,0.9978,3.58,0.68,10.1,5,0
7.9,0.14,0.74,1.2,0.028,30.0,165.0,0.991,3.08,0.82,12.3,6,0
6.8,0.21,0.74,1.2,0.047,25.0,111.0,0.9916,3.13,0.41,10.7,6,0
8.6,0.16,0.49,7.3,0.043,9.0,63.0,0.9953,3.13,0.59,10.5,6,0
6.4,0.27,0.49,7.3,0.046,53.0,206.0,0.9956,3.24,0.43,9.2,6,0
6.7,0.33,0.49,1.6,0.167,20.0,94.0,0.9914,3.11,0.5,11.4,6,0
5.6,0.41,0.24,1.9,0.034,10.0,53.0,0.98815,3.32,0.5,13.5,7,0
6.2,0.2,0.49,1.6,0.065,17.0,143.0,0.9937,3.22,0.52,9.2,6,0
8.2,0.2,0.49,3.5,0.057,14.0,108.0,0.9928,3.19,0.35,11.5,6,0
7.8,0.15,0.24,7.7,0.047,21.0,98.0,0.9951,2.94,0.31,9.6,6,0
7.8,0.49,0.49,7.0,0.043,29.0,149.0,0.9952,3.21,0.33,10.0,5,0
7.8,0.445,0.56,1.0,0.04,8.0,84.0,0.9938,3.25,0.43,10.8,5,0
6.6,0.26,0.31,4.8,0.138,41.0,168.0,0.9951,3.2,0.38,9.3,5,0
7.3,0.23,0.37,1.8,0.032,60.0,156.0,0.992,3.11,0.35,11.1,6,0
7.6,0.32,0.34,18.35,0.054,44.0,197.0,1.0008,3.22,0.55,9.0,5,0
9.0,0.43,0.3,1.5,0.05,7.0,175.0,0.9951,3.11,0.45,9.7,4,1
8.5,0.32,0.36,14.9,0.041,47.0,190.0,0.9982,3.08,0.31,10.0,6,0
6.7,0.26,0.3,1.8,0.043,25.0,121.0,0.9944,3.44,0.61,10.2,6,0
6.8,0.26,0.29,16.95,0.056,48.0,179.0,0.9998,3.45,0.4,9.6,5,0
8.1,0.31,0.24,1.6,0.032,10.0,67.0,0.9924,3.08,0.47,10.5,5,0
7.9,0.18,0.37,3.0,0.061,25.0,178.0,0.995,3.22,0.51,10.0,6,0
7.6,0.2,0.39,2.6,0.044,30.0,180.0,0.9941,3.46,0.44,10.8,7,0
9.2,0.23,0.3,1.1,0.031,40.0,99.0,0.9929,2.94,0.3,10.4,6,0
6.6,0.22,0.58,1.1,0.133,52.0,136.0,0.9932,3.1,0.3,9.1,5,0
7.3,0.21,0.3,10.9,0.037,18.0,112.0,0.997,3.4,0.5,9.6,6,0
6.6,0.25,0.35,14.0,0.069,42.0,163.0,0.999,3.56,0.47,9.8,5,0
6.5,0.18,0.26,1.4,0.041,40.0,141.0,0.9941,3.34,0.72,9.5,6,0
8.2,0.42,0.29,4.1,0.03,31.0,100.0,0.9911,3.0,0.32,12.8,7,0
7.7,0.44,0.24,11.2,0.031,41.0,167.0,0.9948,3.12,0.43,11.3,7,0
7.0,0.19,0.23,5.7,0.123,27.0,104.0,0.9954,3.04,0.54,9.4,6,0
6.5,0.34,0.36,11.0,0.052,53.0,247.0,0.9984,3.44,0.55,9.3,6,0
7.0,0.24,0.25,1.7,0.042,48.0,189.0,0.992,3.25,0.42,11.4,6,0
6.7,0.18,0.19,4.7,0.046,57.0,161.0,0.9946,3.32,0.66,10.5,6,0
7.6,0.36,0.44,8.3,0.255,28.0,142.0,0.9958,3.12,0.43,10.2,6,0
7.0,0.53,0.02,1.0,0.036,39.0,107.0,0.993,3.2,0.32,9.0,5,0
7.6,0.33,0.41,13.7,0.045,44.0,197.0,0.9989,3.18,0.64,9.1,5,0
6.7,0.44,0.31,1.9,0.03,41.0,104.0,0.99,3.29,0.62,12.6,7,0
7.1,0.18,0.26,1.3,0.041,20.0,71.0,0.9926,3.04,0.74,9.9,6,0
7.0,0.27,0.32,6.8,0.047,47.0,193.0,0.9938,3.23,0.39,11.4,6,0
8.3,0.36,0.57,15.0,0.052,35.0,256.0,1.0001,2.93,0.64,8.6,5,0
9.9,1.005,0.46,1.4,0.046,34.0,185.0,0.9966,3.02,0.49,10.2,4,1
6.8,0.28,0.37,7.0,0.057,35.0,208.0,0.9973,3.57,0.55,10.2,5,0
7.6,0.2,0.3,14.2,0.056,53.0,212.5,0.999,3.14,0.46,8.9,8,1
7.6,0.2,0.3,14.2,0.056,53.0,212.5,0.999,3.14,0.46,8.9,8,1
8.1,0.19,0.58,16.65,0.049,48.0,181.0,1.0006,3.2,0.62,9.1,6,0
7.6,0.2,0.3,14.2,0.056,53.0,212.5,0.999,3.14,0.46,8.9,8,1
7.0,0.28,0.33,14.6,0.043,47.0,168.0,0.9994,3.34,0.67,8.8,6,0
7.3,0.18,0.31,17.3,0.055,32.0,197.0,1.0002,3.13,0.46,9.0,6,0
9.0,0.55,0.3,8.1,0.026,14.0,71.0,0.993,2.94,0.36,11.8,5,0
6.4,0.26,0.4,1.7,0.179,5.0,60.0,0.9925,3.09,0.54,10.1,5,0
8.8,0.2,0.28,1.1,0.018,18.0,72.0,0.9926,2.97,0.35,10.4,5,0
7.6,0.29,0.26,6.5,0.042,32.0,160.0,0.9944,3.14,0.47,10.7,5,0
5.5,0.14,0.27,4.6,0.029,22.0,104.0,0.9949,3.34,0.44,9.0,5,0
6.7,0.31,0.31,4.9,0.031,20.0,151.0,0.9926,3.36,0.82,12.0,7,0
7.9,0.17,0.32,1.6,0.053,47.0,150.0,0.9948,3.29,0.76,9.6,6,0
6.7,0.24,0.33,12.3,0.046,31.0,145.0,0.9983,3.36,0.4,9.5,5,0
6.2,0.34,0.3,11.1,0.047,28.0,237.0,0.9981,3.18,0.49,8.7,5,0
5.7,0.33,0.15,1.9,0.05,20.0,93.0,0.9934,3.38,0.62,9.9,5,0
6.8,0.25,0.27,10.7,0.076,47.0,154.0,0.9967,3.05,0.38,9.0,5,0
6.8,0.25,0.27,10.7,0.076,47.0,154.0,0.9967,3.05,0.38,9.0,5,0
6.5,0.43,0.28,12.0,0.056,23.0,174.0,0.9986,3.31,0.55,9.3,5,0
7.1,0.22,0.32,16.9,0.056,49.0,158.0,0.9998,3.37,0.38,9.6,6,0
7.2,0.16,0.26,7.1,0.054,41.0,224.0,0.9966,3.38,0.55,10.1,5,0
7.1,0.33,0.64,13.2,0.056,12.0,105.0,0.9972,3.05,0.39,9.2,5,0
9.9,0.49,0.23,2.4,0.087,19.0,115.0,0.9948,2.77,0.44,9.4,6,0
7.4,0.19,0.3,12.8,0.053,48.5,229.0,0.9986,3.14,0.49,9.1,7,0
6.9,0.32,0.13,7.8,0.042,11.0,117.0,0.996,3.23,0.37,9.2,5,0
6.0,0.34,0.24,5.4,0.06,23.0,126.0,0.9951,3.25,0.44,9.0,7,0
7.5,0.18,0.31,11.7,0.051,24.0,94.0,0.997,3.19,0.44,9.5,7,0
7.6,0.27,0.42,2.6,0.044,29.0,110.0,0.9912,3.31,0.51,12.7,6,0
7.4,0.17,0.29,1.4,0.047,23.0,107.0,0.9939,3.52,0.65,10.4,6,0
6.9,0.25,0.35,9.2,0.034,42.0,150.0,0.9947,3.21,0.36,11.5,6,0
6.2,0.26,0.19,3.4,0.049,47.0,172.0,0.9924,3.14,0.43,10.4,6,0
6.5,0.36,0.31,4.1,0.061,20.0,134.0,0.99475,3.18,0.45,9.0,6,0
6.6,0.19,0.43,10.9,0.045,53.0,154.0,0.99752,3.52,0.77,10.4,6,0
6.7,0.25,0.26,13.5,0.06,50.0,156.0,0.99784,3.39,0.46,9.9,6,0
7.4,0.33,0.26,15.6,0.049,67.0,210.0,0.99907,3.06,0.68,9.5,5,0
7.4,0.33,0.26,15.6,0.049,67.0,210.0,0.99907,3.06,0.68,9.5,5,0
7.4,0.18,0.24,1.4,0.047,21.0,106.0,0.99383,3.52,0.64,10.5,7,0
6.5,0.32,0.23,1.2,0.054,39.0,208.0,0.99272,3.18,0.46,9.9,6,0
7.5,0.24,0.62,10.6,0.045,51.0,153.0,0.99779,3.16,0.44,8.8,5,0
7.6,0.2,0.34,1.8,0.041,42.0,148.0,0.99335,3.35,0.66,11.1,6,0
7.5,0.23,0.35,17.8,0.058,128.0,212.0,1.00241,3.44,0.43,8.9,5,0
7.2,0.34,0.3,8.4,0.051,40.0,167.0,0.99756,3.48,0.62,9.7,5,0
7.0,0.23,0.26,7.2,0.041,21.0,90.0,0.99509,3.22,0.55,9.5,6,0
6.1,0.28,0.16,1.3,0.06,36.0,126.0,0.99353,3.13,0.46,8.7,6,0
7.4,0.32,0.27,12.9,0.04,60.0,221.0,0.99831,3.05,0.66,9.4,5,0
6.0,0.495,0.27,5.0,0.157,17.0,129.0,0.99396,3.03,0.36,9.3,5,0
8.1,0.25,0.34,10.1,0.05,30.0,121.0,0.99724,3.17,0.49,10.1,6,0
6.3,0.1,0.24,6.0,0.039,25.0,107.0,0.99511,3.59,0.49,10.5,7,0
6.2,0.45,0.73,7.2,0.099,47.0,202.0,0.99582,3.21,0.43,9.2,5,0
6.9,0.15,0.28,4.4,0.029,14.0,107.0,0.99347,3.24,0.46,10.4,8,1
6.9,0.3,0.3,1.3,0.053,24.0,186.0,0.99361,3.29,0.54,9.9,4,1
6.6,0.23,0.18,8.5,0.044,59.0,188.0,0.99558,3.16,0.49,9.5,5,0
7.6,0.31,0.27,5.8,0.036,23.0,109.0,0.99399,3.34,0.54,11.0,6,0
7.2,0.24,0.29,3.0,0.036,17.0,117.0,0.99411,3.36,0.68,10.1,6,0
7.3,0.22,0.26,1.5,0.04,32.0,172.0,0.99194,3.27,0.48,11.2,6,0
8.1,0.34,0.28,7.5,0.04,70.0,230.0,0.99558,3.14,0.55,9.8,6,0
6.4,0.35,0.35,5.6,0.034,9.0,148.0,0.99441,3.17,0.5,9.8,4,1
8.0,0.26,0.28,4.8,0.05,34.0,150.0,0.99437,3.13,0.5,10.0,6,0
7.3,0.27,0.37,9.7,0.042,36.0,130.0,0.9979,3.48,0.75,9.9,6,0
7.6,0.285,0.32,14.6,0.063,32.0,201.0,0.998,3.0,0.45,9.2,5,0
6.6,0.33,0.24,16.05,0.045,31.0,147.0,0.99822,3.08,0.52,9.2,5,0
7.0,0.26,0.26,10.8,0.039,37.0,184.0,0.99787,3.47,0.58,10.3,7,0
6.8,0.34,0.1,1.4,0.049,29.0,118.0,0.9936,3.21,0.41,9.5,5,0
8.8,0.24,0.23,10.3,0.032,12.0,97.0,0.99571,3.13,0.4,10.7,6,0
6.1,0.27,0.31,1.5,0.035,17.0,83.0,0.99076,3.32,0.44,11.1,7,0
6.8,0.21,0.36,18.1,0.046,32.0,133.0,1.0,3.27,0.48,8.8,5,0
6.6,0.32,0.34,7.7,0.044,63.0,212.0,0.99526,3.22,0.48,9.7,6,0
7.1,0.12,0.3,3.1,0.018,15.0,37.0,0.99004,3.02,0.52,11.9,7,0
7.3,0.17,0.24,8.1,0.121,32.0,162.0,0.99508,3.17,0.38,10.4,8,1
7.3,0.16,0.35,1.5,0.036,29.0,108.0,0.99342,3.27,0.51,10.2,6,0
5.9,0.28,0.14,8.6,0.032,30.0,142.0,0.99542,3.28,0.44,9.5,6,0
6.7,0.5,0.38,7.5,0.046,26.0,175.0,0.99662,3.32,0.54,9.6,5,0
7.5,0.2,0.47,16.9,0.052,51.0,188.0,0.99944,3.09,0.62,9.3,5,0
6.6,0.36,0.52,11.3,0.046,8.0,110.0,0.9966,3.07,0.46,9.4,5,0
6.6,0.24,0.28,1.8,0.028,39.0,132.0,0.99182,3.34,0.46,11.4,5,0
7.0,0.16,0.32,1.1,0.032,29.0,80.0,0.98972,3.23,0.36,12.1,6,0
5.8,0.3,0.27,1.7,0.014,45.0,104.0,0.98914,3.4,0.56,12.6,7,0
6.8,0.18,0.3,12.8,0.062,19.0,171.0,0.99808,3.0,0.52,9.0,7,0
6.8,0.18,0.3,12.8,0.062,19.0,171.0,0.99808,3.0,0.52,9.0,7,0
8.9,0.26,0.33,8.1,0.024,47.0,202.0,0.99558,3.13,0.46,10.8,6,0
6.3,0.27,0.46,11.1,0.053,44.0,177.0,0.99691,3.18,0.67,9.4,5,0
6.5,0.3,0.39,7.8,0.038,61.0,219.0,0.9959,3.19,0.5,9.4,5,0
6.7,0.3,0.29,2.8,0.025,37.0,107.0,0.99159,3.31,0.63,11.3,7,0
7.6,0.23,0.4,5.2,0.066,14.0,91.0,0.99488,3.17,0.8,9.7,5,0
5.8,0.15,0.28,0.8,0.037,43.0,127.0,0.99198,3.24,0.51,9.3,5,0
7.15,0.17,0.24,9.6,0.119,56.0,178.0,0.99578,3.15,0.44,10.2,6,0
6.8,0.26,0.4,7.5,0.046,45.0,179.0,0.99583,3.2,0.49,9.3,5,0
6.9,0.31,0.32,1.2,0.024,20.0,166.0,0.99208,3.05,0.54,9.8,6,0
6.4,0.21,0.44,7.4,0.045,47.0,182.0,0.9957,3.24,0.46,9.1,5,0
6.8,0.23,0.42,7.4,0.044,56.0,189.0,0.9958,3.22,0.48,9.3,6,0
7.8,0.25,0.28,7.2,0.04,46.0,179.0,0.99541,3.14,0.6,10.1,6,0
8.2,0.37,0.64,13.9,0.043,22.0,171.0,0.99873,2.99,0.8,9.3,5,0
7.9,0.51,0.34,2.6,0.049,13.0,135.0,0.99335,3.09,0.51,10.0,5,0
6.5,0.17,0.31,1.5,0.041,34.0,121.0,0.99092,3.06,0.46,10.5,6,0
6.9,0.615,0.42,12.0,0.067,24.0,131.0,0.99727,3.19,0.34,9.3,5,0
6.7,0.27,0.33,3.6,0.034,9.0,45.0,0.99144,3.08,0.4,10.5,6,0
7.1,0.43,0.3,6.6,0.025,15.0,138.0,0.99126,3.18,0.46,12.6,6,0
5.8,0.315,0.27,1.55,0.026,15.0,70.0,0.98994,3.37,0.4,11.9,8,1
5.9,0.17,0.28,0.7,0.027,5.0,28.0,0.98985,3.13,0.32,10.6,5,0
7.9,0.16,0.3,7.4,0.05,58.0,152.0,0.99612,3.12,0.37,9.5,6,0
7.0,0.36,0.32,10.5,0.045,35.0,135.0,0.9935,3.09,0.33,11.6,8,1
7.6,0.2,0.36,1.9,0.043,24.0,111.0,0.99237,3.29,0.54,11.3,6,0
6.8,0.35,0.53,10.1,0.053,37.0,151.0,0.9963,3.07,0.4,9.4,5,0
6.6,0.36,0.24,0.9,0.038,15.0,72.0,0.99066,3.23,0.39,11.0,5,0
6.5,0.2,0.24,9.2,0.044,25.0,150.0,0.99502,3.22,0.44,10.5,5,0
7.6,0.27,0.34,5.0,0.04,18.0,56.0,0.99084,3.06,0.48,12.4,6,0
6.5,0.22,0.45,8.0,0.053,52.0,196.0,0.9959,3.23,0.48,9.1,6,0
5.3,0.16,0.39,1.0,0.028,40.0,101.0,0.99156,3.57,0.59,10.6,6,0
7.9,0.25,0.35,6.7,0.039,22.0,64.0,0.99362,2.93,0.49,10.7,5,0
7.0,0.24,0.3,6.7,0.039,37.0,125.0,0.99436,3.2,0.39,9.9,5,0
6.6,0.26,0.46,6.9,0.047,59.0,183.0,0.99594,3.2,0.45,9.3,5,0
7.1,0.27,0.28,1.25,0.023,3.0,89.0,0.98993,2.95,0.3,11.4,4,1
5.1,0.29,0.28,8.3,0.026,27.0,107.0,0.99308,3.36,0.37,11.0,6,0
8.1,0.12,0.38,0.9,0.034,36.0,86.0,0.99026,2.8,0.55,12.0,6,0
5.0,0.27,0.32,4.5,0.032,58.0,178.0,0.98956,3.45,0.31,12.6,7,0
5.9,0.34,0.3,3.8,0.035,57.0,135.0,0.99016,3.09,0.34,12.0,6,0
6.3,0.2,0.37,11.8,0.045,58.0,130.0,0.99519,3.2,0.35,10.8,5,0
6.2,0.25,0.54,7.0,0.046,58.0,176.0,0.99454,3.19,0.7,10.4,5,0
7.4,0.21,0.8,12.3,0.038,77.0,183.0,0.99778,2.95,0.48,9.0,5,0
6.1,0.18,0.38,2.3,0.033,28.0,111.0,0.98962,3.16,0.49,12.4,6,0
7.1,0.28,0.35,3.5,0.028,35.0,91.0,0.99022,2.96,0.33,12.1,5,0
5.1,0.33,0.27,6.7,0.022,44.0,129.0,0.99221,3.36,0.39,11.0,7,0
7.6,0.27,0.52,3.2,0.043,28.0,152.0,0.99129,3.02,0.53,11.4,6,0
6.9,0.3,0.36,4.5,0.054,31.0,203.0,0.99513,3.4,0.57,10.4,4,1
6.5,0.23,0.39,1.9,0.036,41.0,98.0,0.99,3.19,0.43,11.9,7,0
7.2,0.17,0.37,6.9,0.059,47.0,128.0,0.99322,3.08,0.46,11.0,7,0
6.3,0.17,0.32,4.2,0.04,37.0,117.0,0.99182,3.24,0.43,11.3,6,0
6.2,0.23,0.36,17.2,0.039,37.0,130.0,0.99946,3.23,0.43,8.8,6,0
5.8,0.39,0.47,7.5,0.027,12.0,88.0,0.9907,3.38,0.45,14.0,6,0
6.2,0.23,0.36,17.2,0.039,37.0,130.0,0.99946,3.23,0.43,8.8,6,0
5.8,0.29,0.33,3.7,0.029,30.0,88.0,0.98994,3.25,0.42,12.3,6,0
6.1,0.68,0.52,1.4,0.037,32.0,123.0,0.99022,3.24,0.45,12.0,6,0
6.7,0.33,0.36,6.6,0.042,34.0,116.0,0.99123,2.97,0.31,12.2,8,1
6.2,0.1,0.41,1.0,0.04,17.0,76.0,0.98988,3.14,0.56,11.4,7,0
5.6,0.42,0.34,2.4,0.022,34.0,97.0,0.98915,3.22,0.38,12.8,7,0
9.0,0.38,0.53,2.1,0.102,19.0,76.0,0.99001,2.93,0.57,12.9,5,0
6.2,0.2,0.29,11.8,0.035,21.0,93.0,0.99364,3.18,0.34,11.9,6,0
7.6,0.27,0.29,2.5,0.059,37.0,115.0,0.99328,3.09,0.37,9.8,5,0
4.2,0.215,0.23,5.1,0.041,64.0,157.0,0.99688,3.42,0.44,8.0,3,0
6.6,0.23,0.3,4.6,0.06,29.0,154.0,0.99142,3.23,0.49,12.2,8,1
6.4,0.15,0.29,1.8,0.044,21.0,115.0,0.99166,3.1,0.38,10.2,5,0
6.8,0.23,0.31,2.8,0.047,40.0,122.0,0.99126,3.06,0.64,10.9,7,0
9.4,0.24,0.29,8.5,0.037,124.0,208.0,0.99395,2.9,0.38,11.0,3,0
7.5,0.29,0.36,15.7,0.05,29.0,124.0,0.9968,3.06,0.54,10.4,5,0
6.5,0.22,0.28,3.7,0.059,29.0,151.0,0.99177,3.23,0.41,12.1,7,0
7.6,0.17,0.27,4.6,0.05,23.0,98.0,0.99422,3.08,0.47,9.5,6,0
6.9,0.36,0.28,13.55,0.048,51.0,189.0,0.99782,3.0,0.6,9.5,7,0
6.2,0.3,0.21,1.1,0.032,31.0,111.0,0.9889,2.97,0.42,12.2,6,0
6.0,0.29,0.25,1.4,0.033,30.0,114.0,0.98794,3.08,0.43,13.2,6,0
6.1,0.28,0.27,4.7,0.03,56.0,140.0,0.99042,3.16,0.42,12.5,8,1
8.8,0.39,0.35,1.8,0.096,22.0,80.0,0.99016,2.95,0.54,12.6,6,0
6.6,0.24,0.3,11.3,0.026,11.0,77.0,0.99381,3.13,0.55,12.8,7,0
6.2,0.28,0.28,4.3,0.026,22.0,105.0,0.989,2.98,0.64,13.1,8,1
5.8,0.24,0.26,10.05,0.039,63.0,162.0,0.99375,3.33,0.5,11.2,6,0
6.4,0.32,0.27,4.9,0.034,18.0,122.0,0.9916,3.36,0.71,12.5,6,0
6.9,0.29,0.41,7.8,0.046,52.0,171.0,0.99537,3.12,0.51,9.6,5,0
6.3,0.22,0.28,2.4,0.042,38.0,102.0,0.98998,3.14,0.37,11.6,7,0
6.7,0.24,0.36,8.4,0.042,42.0,123.0,0.99473,3.34,0.52,10.9,6,0
7.5,0.33,0.28,4.9,0.042,21.0,155.0,0.99385,3.36,0.57,10.9,6,0
6.7,0.29,0.45,14.3,0.054,30.0,181.0,0.99869,3.14,0.57,9.1,5,0
7.7,0.38,0.23,10.8,0.03,28.0,95.0,0.99164,2.93,0.41,13.6,6,0
6.4,0.28,0.44,7.1,0.048,49.0,179.0,0.99528,3.15,0.48,9.2,5,0
7.6,0.37,0.34,3.2,0.028,42.0,162.0,0.9903,3.01,0.33,12.4,6,0
6.9,0.26,0.27,4.2,0.031,20.0,80.0,0.99089,3.12,0.39,11.5,6,0
6.7,0.22,0.22,1.2,0.038,5.0,124.0,0.99098,3.1,0.37,11.2,4,1
7.0,0.24,0.35,1.0,0.032,42.0,104.0,0.98988,3.16,0.37,11.7,7,0
7.0,0.29,0.33,0.9,0.041,20.0,117.0,0.99048,3.21,0.5,11.4,5,0
7.7,0.32,0.61,11.8,0.041,66.0,188.0,0.99794,3.0,0.54,9.3,5,0
7.0,0.29,0.33,0.9,0.041,20.0,117.0,0.99048,3.21,0.5,11.4,5,0
8.7,0.3,0.34,4.8,0.018,23.0,127.0,0.99474,3.12,0.49,11.2,7,0
5.8,0.32,0.28,4.3,0.032,46.0,115.0,0.98946,3.16,0.57,13.0,8,1
7.1,0.2,0.27,9.6,0.037,19.0,105.0,0.99444,3.04,0.37,10.5,7,0
6.8,0.15,0.41,12.9,0.044,79.5,183.0,0.99742,3.24,0.78,10.2,6,0
7.0,0.22,0.26,9.2,0.027,37.0,122.0,0.99228,3.06,0.34,12.5,8,1
5.6,0.21,0.24,4.4,0.027,37.0,150.0,0.991,3.3,0.31,11.5,7,0
7.2,0.23,0.25,18.8,0.085,19.0,111.0,1.00044,3.1,0.51,8.7,5,0
7.6,0.3,0.37,1.6,0.087,27.0,177.0,0.99438,3.09,0.5,9.8,5,0
7.5,0.24,0.31,13.1,0.05,26.0,180.0,0.99884,3.05,0.53,9.1,6,0
6.7,0.31,0.09,1.4,0.039,53.0,141.0,0.99206,3.12,0.44,10.1,5,0
6.1,0.22,0.46,1.8,0.16,34.0,74.0,0.9884,3.19,0.33,13.4,6,0
7.0,0.15,0.28,14.7,0.051,29.0,149.0,0.99792,2.96,0.39,9.0,7,0
6.8,0.22,0.3,10.6,0.07,67.0,194.0,0.99654,2.89,0.42,9.0,6,0
6.3,0.24,0.29,13.7,0.035,53.0,134.0,0.99567,3.17,0.38,10.6,6,0
5.0,0.61,0.12,1.3,0.009,65.0,100.0,0.9874,3.26,0.37,13.5,5,0
6.3,0.32,0.26,12.0,0.049,63.0,170.0,0.9961,3.14,0.55,9.9,6,0
6.6,0.13,0.29,13.9,0.056,33.0,95.0,0.99702,3.17,0.39,9.4,6,0
7.9,0.21,0.39,2.0,0.057,21.0,138.0,0.99176,3.05,0.52,10.9,5,0
7.4,0.34,0.28,12.1,0.049,31.0,149.0,0.99677,3.22,0.49,10.3,5,0
6.8,0.41,0.3,8.8,0.045,28.0,131.0,0.9953,3.12,0.59,9.9,5,0
6.3,0.4,0.24,5.1,0.036,43.0,131.0,0.99186,3.24,0.44,11.3,6,0
7.1,0.44,0.23,5.8,0.035,24.0,100.0,0.99062,3.15,0.57,13.2,7,0
6.2,0.31,0.23,3.3,0.052,34.0,113.0,0.99429,3.16,0.48,8.4,5,0
6.7,0.37,0.25,2.5,0.028,24.0,84.0,0.9909,3.14,0.36,11.7,6,0
6.6,0.21,0.5,8.7,0.036,41.0,191.0,0.99294,2.96,0.56,11.0,6,0
6.1,0.21,0.3,6.3,0.039,47.0,136.0,0.99068,3.27,0.31,12.7,6,0
8.4,0.23,0.32,1.3,0.048,59.0,113.0,0.99178,3.1,0.55,11.0,6,0
6.0,0.22,0.25,11.1,0.056,112.0,177.0,0.9961,3.08,0.36,9.4,6,0
7.1,0.28,0.31,1.5,0.053,20.0,98.0,0.99069,3.15,0.5,11.4,5,0
6.0,0.28,0.24,17.8,0.047,42.0,111.0,0.99896,3.1,0.45,8.9,6,0
6.5,0.33,0.3,3.8,0.036,34.0,88.0,0.99028,3.25,0.63,12.5,7,0
6.5,0.22,0.31,3.9,0.046,17.0,106.0,0.99098,3.15,0.31,11.5,5,0
6.9,0.4,0.37,8.9,0.053,36.0,148.0,0.996,3.16,0.5,9.3,5,0
6.4,0.2,0.15,6.6,0.046,26.0,113.0,0.99408,2.99,0.58,9.9,6,0
7.7,0.31,0.36,4.3,0.026,15.0,87.0,0.99152,3.11,0.48,12.0,5,0
6.6,0.43,0.24,11.9,0.04,54.0,159.0,0.99622,3.14,0.54,9.8,6,0
6.5,0.29,0.52,7.9,0.049,35.0,192.0,0.99551,3.16,0.51,9.5,6,0
6.1,0.24,0.26,1.7,0.033,61.0,134.0,0.9903,3.19,0.81,11.9,7,0
6.5,0.29,0.52,1.7,0.034,41.0,193.0,0.99223,3.25,0.59,10.4,6,0
6.1,0.22,0.25,12.1,0.035,54.0,135.0,0.99481,3.21,0.4,10.7,5,0
6.8,0.11,0.27,8.6,0.044,45.0,104.0,0.99454,3.2,0.37,9.9,6,0
8.0,0.37,0.31,4.7,0.038,3.0,127.0,0.99186,2.9,0.72,12.1,5,0
6.0,0.26,0.29,3.1,0.041,37.0,144.0,0.98944,3.22,0.39,12.8,7,0
6.3,0.24,0.29,1.6,0.052,48.0,185.0,0.9934,3.21,0.5,9.4,5,0
7.4,0.16,0.27,15.5,0.05,25.0,135.0,0.9984,2.9,0.43,8.7,7,0
5.8,0.23,0.21,1.5,0.044,21.0,110.0,0.99138,3.3,0.57,11.0,6,0
5.7,0.25,0.27,10.8,0.05,58.0,116.0,0.99592,3.1,0.5,9.8,6,0
7.4,0.26,0.29,3.7,0.048,14.0,73.0,0.9915,3.06,0.45,11.4,6,0
6.4,0.25,0.28,4.9,0.03,29.0,98.0,0.99024,3.09,0.58,12.8,7,0
8.0,0.25,0.35,1.1,0.054,13.0,136.0,0.99366,3.08,0.55,9.5,5,0
6.4,0.14,0.28,7.9,0.057,21.0,82.0,0.99425,3.26,0.36,10.0,6,0
6.9,0.37,0.23,9.5,0.057,54.0,166.0,0.99568,3.23,0.42,10.0,5,0
6.8,0.28,0.29,11.9,0.052,51.0,149.0,0.99544,3.02,0.58,10.4,6,0
6.7,0.21,0.34,1.5,0.035,45.0,123.0,0.98949,3.24,0.36,12.6,7,0
7.8,0.27,0.35,1.2,0.05,36.0,140.0,0.99138,3.09,0.45,11.2,5,0
6.6,0.31,0.37,6.2,0.052,13.0,164.0,0.99602,3.24,0.39,8.8,4,1
7.5,0.23,0.3,1.2,0.03,27.0,80.0,0.99192,3.05,0.68,10.5,5,0
5.3,0.47,0.1,1.3,0.036,11.0,74.0,0.99082,3.48,0.54,11.2,4,1
6.0,0.2,0.26,6.8,0.049,22.0,93.0,0.9928,3.15,0.42,11.0,6,0
6.3,0.28,0.3,6.6,0.208,60.0,154.0,0.99478,3.1,0.4,9.4,6,0
6.1,0.24,0.27,11.5,0.05,51.0,133.0,0.99476,3.22,0.37,10.8,6,0
6.7,0.41,0.24,5.4,0.035,33.0,115.0,0.9901,3.12,0.44,12.8933333333333,7,0
7.3,0.19,0.27,13.9,0.057,45.0,155.0,0.99807,2.94,0.41,8.8,8,1
6.7,0.27,0.69,1.2,0.176,36.0,106.0,0.99288,2.96,0.43,9.2,6,0
7.1,0.23,0.23,3.5,0.038,23.0,112.0,0.99157,3.05,0.37,11.3666666666667,6,0
7.1,0.21,0.33,1.2,0.039,34.0,97.0,0.99112,3.11,0.75,11.2,6,0
6.2,0.25,0.44,15.8,0.057,39.0,167.0,0.99804,3.14,0.51,9.2,5,0
7.4,0.27,0.26,11.8,0.053,55.0,173.0,0.99699,3.11,0.6,9.8,5,0
6.3,0.305,0.22,16.0,0.061,26.0,141.0,0.99824,3.08,0.5,9.1,5,0
8.1,0.36,0.59,13.6,0.051,60.0,134.0,0.99886,2.96,0.39,8.7,5,0
7.2,0.24,0.24,1.7,0.045,18.0,161.0,0.99196,3.25,0.53,11.2,6,0
6.7,0.34,0.31,16.4,0.051,20.0,146.0,0.99834,3.06,0.54,9.1,5,0
7.3,0.3,0.25,2.5,0.045,32.0,122.0,0.99329,3.18,0.54,10.3,5,0
5.9,0.22,0.18,6.4,0.041,28.0,120.0,0.99403,3.27,0.5,9.9,5,0
6.3,0.25,0.27,6.6,0.054,40.0,158.0,0.99378,3.2,0.48,10.3,5,0
6.0,0.555,0.26,4.5,0.053,17.0,126.0,0.9943,3.24,0.46,9.1,5,0
7.1,0.25,0.31,2.3,0.05,32.0,156.0,0.9914,3.14,0.51,11.4,6,0
6.6,0.19,0.28,1.1,0.044,38.0,100.0,0.9904,3.22,0.69,11.2,6,0
6.1,0.4,0.18,9.0,0.051,28.5,259.0,0.9964,3.19,0.5,8.8,5,0
6.4,0.37,0.19,3.5,0.068,18.0,101.0,0.9934,3.03,0.38,9.0,6,0
7.3,0.26,0.53,12.7,0.047,60.5,156.0,0.9984,3.06,0.45,9.1,6,0
6.4,0.46,0.22,14.7,0.047,51.0,183.0,0.998275,3.39,0.6,10.5,5,0
4.8,0.13,0.32,1.2,0.042,40.0,98.0,0.9898,3.42,0.64,11.8,7,0
6.0,0.2,0.26,14.7,0.045,53.0,125.0,0.998365,2.99,0.69,9.4,6,0
6.5,0.36,0.31,13.55,0.053,20.0,113.0,0.99544,3.2,0.56,11.0,6,0
7.1,0.39,0.3,9.9,0.037,29.0,124.0,0.99414,3.07,0.42,10.9,6,0
8.3,0.22,0.34,1.1,0.043,20.0,116.0,0.9927,3.0,0.47,10.2,6,0
6.2,0.36,0.27,3.2,0.032,13.0,73.0,0.98942,2.9,0.69,12.6,7,0
6.0,0.615,0.04,0.8,0.032,8.0,50.0,0.99036,3.14,0.4,11.0,4,1
7.3,0.28,0.37,1.2,0.039,26.0,99.0,0.99198,3.01,0.62,10.8,5,0
6.1,0.19,0.37,2.6,0.041,24.0,99.0,0.99153,3.18,0.5,10.9,6,0
6.5,0.51,0.25,1.7,0.048,39.0,177.0,0.99212,3.28,0.57,10.6,5,0
6.6,0.26,0.36,1.2,0.035,43.0,126.0,0.99094,3.01,0.63,11.4,6,0
5.7,0.39,0.25,4.9,0.033,49.0,113.0,0.98966,3.26,0.58,13.1,7,0
7.1,0.43,0.25,2.8,0.036,43.0,132.0,0.98975,3.21,0.47,13.4,6,0
5.8,0.35,0.29,3.2,0.034,41.0,151.0,0.9912,3.35,0.58,11.6333333333333,7,0
5.9,0.12,0.28,1.4,0.037,36.0,83.0,0.99074,3.33,0.42,10.9,7,0
4.8,0.225,0.38,1.2,0.074,47.0,130.0,0.99132,3.31,0.4,10.3,6,0
6.0,0.25,0.28,7.7,0.053,37.0,132.0,0.99489,3.06,0.5,9.4,6,0
6.2,0.15,0.27,11.0,0.035,46.0,116.0,0.99602,3.12,0.38,9.1,6,0
5.0,0.27,0.4,1.2,0.076,42.0,124.0,0.99204,3.32,0.47,10.1,6,0
5.8,0.315,0.19,19.4,0.031,28.0,106.0,0.99704,2.97,0.4,10.55,6,0
5.8,0.3,0.09,6.3,0.042,36.0,138.0,0.99382,3.15,0.48,9.7,5,0
6.0,0.2,0.33,1.1,0.039,45.0,126.0,0.99051,3.31,0.45,11.6,7,0
5.1,0.26,0.34,6.4,0.034,26.0,99.0,0.99449,3.23,0.41,9.2,6,0
7.3,0.35,0.67,8.3,0.053,10.0,100.0,0.9959,3.19,0.5,10.9,5,0
5.8,0.385,0.25,3.7,0.031,38.0,122.0,0.99128,3.2,0.63,11.2,6,0
5.7,0.4,0.35,5.1,0.026,17.0,113.0,0.99052,3.18,0.67,12.4,6,0
6.8,0.34,0.36,8.9,0.029,44.0,128.0,0.99318,3.28,0.35,11.95,7,0
6.4,0.33,0.44,8.9,0.055,52.0,164.0,0.99488,3.1,0.48,9.6,5,0
6.2,0.35,0.29,3.9,0.041,22.0,79.0,0.99005,3.1,0.59,12.0666666666667,6,0
6.0,0.43,0.34,7.6,0.045,25.0,118.0,0.99222,3.03,0.37,11.0,6,0
5.5,0.31,0.29,3.0,0.027,16.0,102.0,0.99067,3.23,0.56,11.2,6,0
5.0,0.2,0.4,1.9,0.015,20.0,98.0,0.9897,3.37,0.55,12.05,6,0
5.9,0.54,0.0,0.8,0.032,12.0,82.0,0.99286,3.25,0.36,8.8,5,0
6.6,0.34,0.4,8.1,0.046,68.0,170.0,0.99494,3.15,0.5,9.55,6,0
6.2,0.21,0.28,5.7,0.028,45.0,121.0,0.99168,3.21,1.08,12.15,7,0
