7.4,0.7,0.0,1.9,0.076,11.0,34.0,0.9978,3.51,0.56,9.4,5,0
7.5,0.5,0.36,6.1,0.071,17.0,102.0,0.9978,3.35,0.8,10.5,5,0
6.7,0.58,0.08,1.8,0.097,15.0,65.0,0.9959,3.28,0.54,9.2,5,0
8.9,0.62,0.18,3.8,0.176,52.0,145.0,0.9986,3.16,0.88,9.2,5,0
7.9,0.43,0.21,1.6,0.106,10.0,37.0,0.9966,3.17,0.91,9.5,5,0
7.8,0.6,0.14,2.4,0.086,3.0,15.0,0.9975,3.42,0.6,10.8,6,0
8.1,0.66,0.22,2.2,0.069,9.0,23.0,0.9968,3.3,1.2,10.3,5,0
6.8,0.67,0.02,1.8,0.05,5.0,11.0,0.9962,3.48,0.52,9.5,5,0
7.7,0.63,0.08,1.9,0.076,15.0,27.0,0.9967,3.32,0.54,9.5,6,0
7.7,0.67,0.23,2.1,0.088,17.0,96.0,0.9962,3.32,0.48,9.5,5,0
6.8,0.785,0.0,2.4,0.104,14.0,30.0,0.9966,3.52,0.55,10.7,6,0
7.9,0.52,0.26,1.9,0.079,42.0,140.0,0.9964,3.23,0.54,9.5,5,0
8.1,0.575,0.22,2.1,0.077,12.0,65.0,0.9967,3.29,0.51,9.2,5,0
6.2,0.63,0.31,1.7,0.088,15.0,64.0,0.9969,3.46,0.79,9.3,5,0
7.8,0.56,0.19,1.8,0.104,12.0,47.0,0.9964,3.19,0.93,9.5,5,0
8.0,0.71,0.0,2.6,0.08,11.0,34.0,0.9976,3.44,0.53,9.5,5,0
9.0,0.62,0.04,1.9,0.146,27.0,90.0,0.9984,3.16,0.7,9.4,5,0
8.2,1.33,0.0,1.7,0.081,3.0,12.0,0.9964,3.53,0.49,10.9,5,0
8.1,1.33,0.0,1.8,0.082,3.0,12.0,0.9964,3.54,0.48,10.9,5,0
8.0,0.745,0.56,2.0,0.118,30.0,134.0,0.9968,3.24,0.66,9.4,5,0
8.3,0.715,0.15,1.8,0.089,10.0,52.0,0.9968,3.23,0.77,9.5,5,0
7.8,0.56,0.19,2.1,0.081,15.0,105.0,0.9962,3.33,0.54,9.5,5,0
7.6,0.95,0.03,2.0,0.09,7.0,20.0,0.9959,3.2,0.56,9.6,5,0
7.6,0.68,0.02,1.3,0.072,9.0,20.0,0.9965,3.17,1.08,9.2,4,1
7.3,0.38,0.21,2.0,0.08,7.0,35.0,0.9961,3.33,0.47,9.5,5,0
8.8,0.61,0.14,2.4,0.067,10.0,42.0,0.9969,3.19,0.59,9.5,5,0
8.2,0.5,0.35,2.9,0.077,21.0,127.0,0.9976,3.23,0.62,9.4,5,0
9.6,0.32,0.47,1.4,0.056,9.0,24.0,0.99695,3.22,0.82,10.3,7,0
6.8,0.5,0.11,1.5,0.075,16.0,49.0,0.99545,3.36,0.79,9.5,5,0
7.0,0.42,0.35,1.6,0.088,16.0,39.0,0.9961,3.34,0.55,9.2,5,0
15.0,0.21,0.44,2.2,0.075,10.0,24.0,1.00005,3.07,0.84,9.2,7,0
7.3,0.66,0.0,2.0,0.084,6.0,23.0,0.9983,3.61,0.96,9.9,6,0
7.1,0.68,0.07,1.9,0.075,16.0,51.0,0.99685,3.38,0.52,9.5,5,0
7.7,0.53,0.06,1.7,0.074,9.0,39.0,0.99615,3.35,0.48,9.8,6,0
7.3,0.66,0.0,2.0,0.084,6.0,23.0,0.9983,3.61,0.96,9.9,6,0
10.8,0.32,0.44,1.6,0.063,16.0,37.0,0.9985,3.22,0.78,10.0,6,0
8.1,0.87,0.0,3.3,0.096,26.0,61.0,1.00025,3.6,0.72,9.8,4,1
11.6,0.42,0.53,3.3,0.105,33.0,98.0,1.001,3.2,0.95,9.2,5,0
6.9,0.36,0.25,2.4,0.098,5.0,16.0,0.9964,3.41,0.6,10.1,6,0
10.3,0.53,0.48,2.5,0.063,6.0,25.0,0.9998,3.12,0.59,9.3,6,0
8.6,0.47,0.3,3.0,0.076,30.0,135.0,0.9976,3.3,0.53,9.4,5,0
9.6,0.77,0.12,2.9,0.082,30.0,74.0,0.99865,3.3,0.64,10.4,6,0
13.4,0.27,0.62,2.6,0.082,6.0,21.0,1.0002,3.16,0.67,9.7,6,0
10.6,0.42,0.48,2.7,0.065,5.0,18.0,0.9972,3.21,0.87,11.3,6,0
12.6,0.38,0.66,2.6,0.088,10.0,41.0,1.001,3.17,0.68,9.8,6,0
8.2,0.7,0.23,2.0,0.099,14.0,81.0,0.9973,3.19,0.7,9.4,5,0
7.4,0.55,0.22,2.2,0.106,12.0,72.0,0.9959,3.05,0.63,9.2,5,0
7.7,0.51,0.28,2.1,0.087,23.0,54.0,0.998,3.42,0.74,9.2,5,0
7.8,0.46,0.26,1.9,0.088,23.0,53.0,0.9981,3.43,0.74,9.2,6,0
5.6,0.85,0.05,1.4,0.045,12.0,88.0,0.9924,3.56,0.82,12.9,8,0
11.5,0.59,0.59,2.6,0.087,13.0,49.0,0.9988,3.18,0.65,11.0,6,0
8.7,0.765,0.22,2.3,0.064,9.0,42.0,0.9963,3.1,0.55,9.4,5,0
6.6,0.735,0.02,7.9,0.122,68.0,124.0,0.9994,3.47,0.53,9.9,5,0
11.4,0.6,0.49,2.7,0.085,10.0,41.0,0.9994,3.15,0.63,10.5,6,0
9.1,0.45,0.35,2.4,0.08,23.0,78.0,0.9987,3.38,0.62,9.5,5,0
9.9,0.4,0.53,6.7,0.097,6.0,19.0,0.9986,3.27,0.82,11.7,7,0
10.6,0.48,0.64,2.2,0.111,6.0,20.0,0.997,3.26,0.66,11.7,6,0
11.9,0.38,0.51,2.0,0.121,7.0,20.0,0.9996,3.24,0.76,10.4,6,0
7.7,0.96,0.2,2.0,0.047,15.0,60.0,0.9955,3.36,0.44,10.9,5,0
9.1,0.52,0.33,1.3,0.07,9.0,30.0,0.9978,3.24,0.6,9.3,5,0
10.5,0.24,0.47,2.1,0.066,6.0,24.0,0.9978,3.15,0.9,11.0,7,0
7.8,0.55,0.35,2.2,0.074,21.0,66.0,0.9974,3.25,0.56,9.2,5,0
9.2,0.63,0.21,2.7,0.097,29.0,65.0,0.9988,3.28,0.58,9.6,5,0
9.2,0.41,0.5,2.5,0.055,12.0,25.0,0.9952,3.34,0.79,13.3,7,0
8.9,0.4,0.51,2.6,0.052,13.0,27.0,0.995,3.32,0.9,13.4,7,0
10.4,0.44,0.73,6.55,0.074,38.0,76.0,0.999,3.17,0.85,12.0,7,0
10.5,0.24,0.42,1.8,0.077,6.0,22.0,0.9976,3.21,1.05,10.8,7,0
9.2,0.43,0.49,2.4,0.086,23.0,116.0,0.9976,3.23,0.64,9.5,5,0
8.8,0.44,0.49,2.8,0.083,18.0,111.0,0.9982,3.3,0.6,9.5,5,0
12.3,0.5,0.49,2.2,0.089,5.0,14.0,1.0002,3.19,0.44,9.6,5,0
9.0,0.45,0.49,2.6,0.084,21.0,75.0,0.9987,3.35,0.57,9.7,5,0
11.9,0.58,0.58,1.9,0.071,5.0,18.0,0.998,3.09,0.63,10.0,6,0
10.1,0.65,0.37,5.1,0.11,11.0,65.0,1.0026,3.32,0.64,10.4,6,0
8.3,0.54,0.24,3.4,0.076,16.0,112.0,0.9976,3.27,0.61,9.4,5,0
8.2,0.56,0.23,3.4,0.078,14.0,104.0,0.9976,3.28,0.62,9.4,5,0
7.6,0.685,0.23,2.3,0.111,20.0,84.0,0.9964,3.21,0.61,9.3,5,0
10.4,0.28,0.54,2.7,0.105,5.0,19.0,0.9988,3.25,0.63,9.5,5,0
9.5,0.59,0.44,2.3,0.071,21.0,68.0,0.9992,3.46,0.63,9.5,5,0
9.9,0.54,0.45,2.3,0.071,16.0,40.0,0.9991,3.39,0.62,9.4,5,0
8.7,0.48,0.3,2.8,0.066,10.0,28.0,0.9964,3.33,0.67,11.2,7,0
7.5,0.42,0.31,1.6,0.08,15.0,42.0,0.9978,3.31,0.64,9.0,5,0
8.0,0.45,0.23,2.2,0.094,16.0,29.0,0.9962,3.21,0.49,10.2,6,0
9.2,0.92,0.24,2.6,0.087,12.0,93.0,0.9998,3.48,0.54,9.8,5,0
8.0,0.43,0.36,2.3,0.075,10.0,48.0,0.9976,3.34,0.46,9.4,5,0
8.4,0.56,0.04,2.0,0.082,10.0,22.0,0.9976,3.22,0.44,9.6,5,0
8.2,0.34,0.38,2.5,0.08,12.0,57.0,0.9978,3.3,0.47,9.0,6,0
7.7,0.56,0.08,2.5,0.114,14.0,46.0,0.9971,3.24,0.66,9.6,6,0
6.7,0.54,0.13,2.0,0.076,15.0,36.0,0.9973,3.61,0.64,9.8,5,0
6.7,0.54,0.13,2.0,0.076,15.0,36.0,0.9973,3.61,0.64,9.8,5,0
5.9,0.61,0.08,2.1,0.071,16.0,24.0,0.99376,3.56,0.77,11.1,6,0
10.4,0.44,0.42,1.5,0.145,34.0,48.0,0.99832,3.38,0.86,9.9,3,1
10.1,0.31,0.35,1.6,0.075,9.0,28.0,0.99672,3.24,0.83,11.2,7,0
6.4,0.63,0.21,1.6,0.08,12.0,32.0,0.99689,3.58,0.66,9.8,5,0
7.6,0.735,0.02,2.5,0.071,10.0,14.0,0.99538,3.51,0.71,11.7,7,0
9.3,0.36,0.39,1.5,0.08,41.0,55.0,0.99652,3.47,0.73,10.9,6,0
7.2,0.62,0.06,2.7,0.077,15.0,85.0,0.99746,3.51,0.54,9.5,5,0
6.8,0.59,0.06,6.0,0.06,11.0,18.0,0.9962,3.41,0.59,10.8,7,0
7.3,0.305,0.39,1.2,0.059,7.0,11.0,0.99331,3.29,0.52,11.5,6,0
8.4,0.36,0.32,2.2,0.081,32.0,79.0,0.9964,3.3,0.72,11.0,6,0
8.6,0.47,0.27,2.3,0.055,14.0,28.0,0.99516,3.18,0.8,11.2,5,0
7.6,0.4,0.29,1.9,0.078,29.0,66.0,0.9971,3.45,0.59,9.5,6,0
6.6,0.61,0.01,1.9,0.08,8.0,25.0,0.99746,3.69,0.73,10.5,5,0
6.2,0.46,0.17,1.6,0.073,7.0,11.0,0.99425,3.61,0.54,11.4,5,0
8.8,0.27,0.39,2.0,0.1,20.0,27.0,0.99546,3.15,0.69,11.2,6,0
9.0,0.4,0.43,2.4,0.068,29.0,46.0,0.9943,3.2,0.6,12.2,6,0
8.8,0.33,0.41,5.9,0.073,7.0,13.0,0.99658,3.3,0.62,12.1,7,0
8.9,0.35,0.4,3.6,0.11,12.0,24.0,0.99549,3.23,0.7,12.0,7,0
7.3,0.55,0.01,1.8,0.093,9.0,15.0,0.99514,3.35,0.58,11.0,7,0
7.6,0.78,0.0,1.7,0.076,33.0,45.0,0.99612,3.31,0.62,10.7,6,0
9.9,0.32,0.56,2.0,0.073,3.0,8.0,0.99534,3.15,0.73,11.4,6,0
7.9,0.3,0.68,8.3,0.05,37.5,289.0,0.99316,3.01,0.51,12.3,7,0
7.9,0.19,0.42,1.6,0.057,18.0,30.0,0.994,3.29,0.69,11.2,6,0
8.1,0.78,0.1,3.3,0.09,4.0,13.0,0.99855,3.36,0.49,9.5,5,0
8.2,0.33,0.32,2.8,0.067,4.0,12.0,0.99473,3.3,0.76,12.8,7,0
8.3,0.6,0.25,2.2,0.118,9.0,38.0,0.99616,3.15,0.53,9.8,5,0
9.0,0.785,0.24,1.7,0.078,10.0,21.0,0.99692,3.29,0.67,10.0,5,0
7.6,0.36,0.31,1.7,0.079,26.0,65.0,0.99716,3.46,0.62,9.5,6,0
7.7,0.57,0.21,1.5,0.069,4.0,9.0,0.99458,3.16,0.54,9.8,6,0
7.9,0.34,0.36,1.9,0.065,5.0,10.0,0.99419,3.27,0.54,11.2,7,0
7.2,0.36,0.46,2.1,0.074,24.0,44.0,0.99534,3.4,0.85,11.0,7,0
7.2,0.36,0.46,2.1,0.074,24.0,44.0,0.99534,3.4,0.85,11.0,7,0
6.6,0.44,0.15,2.1,0.076,22.0,53.0,0.9957,3.32,0.62,9.3,5,0
10.2,0.33,0.46,1.9,0.081,6.0,9.0,0.99628,3.1,0.48,10.4,6,0
8.8,0.27,0.46,2.1,0.095,20.0,29.0,0.99488,3.26,0.56,11.3,6,0
6.0,0.33,0.32,12.9,0.054,6.0,113.0,0.99572,3.3,0.56,11.5,4,1
7.8,0.55,0.0,1.7,0.07,7.0,17.0,0.99659,3.26,0.64,9.4,6,0
6.5,0.67,0.0,4.3,0.057,11.0,20.0,0.99488,3.45,0.56,11.8,4,1
6.1,0.64,0.02,2.4,0.069,26.0,46.0,0.99358,3.47,0.45,11.0,5,0
5.9,0.46,0.0,1.9,0.077,25.0,44.0,0.99385,3.5,0.53,11.2,5,0
7.5,0.755,0.0,1.9,0.084,6.0,12.0,0.99672,3.34,0.49,9.7,4,1
8.0,0.28,0.44,1.8,0.081,28.0,68.0,0.99501,3.36,0.66,11.2,5,0
7.6,0.79,0.21,2.3,0.087,21.0,68.0,0.9955,3.12,0.44,9.2,5,0
6.5,0.51,0.15,3.0,0.064,12.0,27.0,0.9929,3.33,0.59,12.8,6,0
9.1,0.76,0.68,1.7,0.414,18.0,64.0,0.99652,2.9,1.33,9.1,6,0
6.7,0.46,0.24,1.7,0.077,18.0,34.0,0.9948,3.39,0.6,10.6,6,0
8.4,0.39,0.1,1.7,0.075,6.0,25.0,0.99581,3.09,0.43,9.7,6,0
7.3,0.43,0.24,2.5,0.078,27.0,67.0,0.99648,3.6,0.59,11.1,6,0
7.3,0.74,0.08,1.7,0.094,10.0,45.0,0.99576,3.24,0.5,9.8,5,0
6.9,0.54,0.3,2.2,0.088,9.0,105.0,0.99725,3.25,1.18,10.5,6,0
6.8,0.83,0.09,1.8,0.074,4.0,25.0,0.99534,3.38,0.45,9.6,5,0
7.4,0.64,0.07,1.8,0.1,8.0,23.0,0.9961,3.3,0.58,9.6,5,0
7.6,0.3,0.42,2.0,0.052,6.0,24.0,0.9963,3.44,0.82,11.9,6,0
7.9,0.18,0.4,2.2,0.049,38.0,67.0,0.996,3.33,0.93,11.3,5,0
7.6,0.43,0.31,2.1,0.069,13.0,74.0,0.9958,3.26,0.54,9.9,6,0
10.2,0.54,0.37,15.4,0.214,55.0,95.0,1.00369,3.18,0.77,9.0,6,0
7.2,0.58,0.54,2.1,0.114,3.0,9.0,0.99719,3.33,0.57,10.3,4,1
6.0,0.64,0.05,1.9,0.066,9.0,17.0,0.99496,3.52,0.78,10.6,5,0
5.6,0.54,0.04,1.7,0.049,5.0,13.0,0.9942,3.72,0.58,11.4,5,0
7.1,0.22,0.49,1.8,0.039,8.0,18.0,0.99344,3.39,0.56,12.4,6,0
7.0,0.43,0.02,1.9,0.08,15.0,28.0,0.99492,3.35,0.81,10.6,6,0
6.1,0.32,0.25,2.3,0.071,23.0,58.0,0.99633,3.42,0.97,10.6,5,0
7.9,0.29,0.49,2.2,0.096,21.0,59.0,0.99714,3.31,0.67,10.1,6,0
6.3,0.68,0.01,3.7,0.103,32.0,54.0,0.99586,3.51,0.66,11.3,6,0
7.2,0.695,0.13,2.0,0.076,12.0,20.0,0.99546,3.29,0.54,10.1,5,0
6.4,0.38,0.14,2.2,0.038,15.0,25.0,0.99514,3.44,0.65,11.1,6,0
5.6,0.31,0.78,13.9,0.074,23.0,92.0,0.99677,3.39,0.48,10.5,6,0
6.7,0.32,0.44,2.4,0.061,24.0,34.0,0.99484,3.29,0.8,11.6,7,0
6.8,0.62,0.08,1.9,0.068,28.0,38.0,0.99651,3.42,0.82,9.5,6,0
6.2,0.6,0.08,2.0,0.09,32.0,44.0,0.9949,3.45,0.58,10.5,5,0
6.0,0.31,0.47,3.6,0.067,18.0,42.0,0.99549,3.39,0.66,11.0,6,0
