8.9,0.22,0.48,1.8,0.077,29.0,60.0,0.9968,3.39,0.53,9.4,6,0
5.6,0.31,0.37,1.4,0.074,12.0,96.0,0.9954,3.32,0.58,9.2,5,0
7.6,0.51,0.15,2.8,0.11,33.0,73.0,0.9955,3.17,0.63,10.2,6,0
7.2,0.725,0.05,4.65,0.086,4.0,11.0,0.9962,3.41,0.39,10.9,5,0
9.7,0.32,0.54,2.5,0.094,28.0,83.0,0.9984,3.28,0.82,9.6,5,0
6.2,0.45,0.2,1.6,0.069,3.0,15.0,0.9958,3.41,0.56,9.2,5,0
8.6,0.49,0.28,1.9,0.11,20.0,136.0,0.9972,2.93,1.95,9.9,6,0
8.1,0.785,0.52,2.0,0.122,37.0,153.0,0.9969,3.21,0.69,9.3,5,0
6.6,0.5,0.01,1.5,0.06,17.0,26.0,0.9952,3.4,0.58,9.8,6,0
5.2,0.34,0.0,1.8,0.05,27.0,63.0,0.9916,3.68,0.79,14.0,6,0
6.8,0.63,0.07,2.1,0.089,11.0,44.0,0.9953,3.47,0.55,10.4,6,0
7.9,0.885,0.03,1.8,0.058,4.0,8.0,0.9972,3.36,0.33,9.1,4,1
7.5,0.52,0.42,2.3,0.087,8.0,38.0,0.9972,3.58,0.61,10.5,6,0
8.9,0.31,0.57,2.0,0.111,26.0,85.0,0.9971,3.26,0.53,9.7,5,0
7.0,0.43,0.36,1.6,0.089,14.0,37.0,0.99615,3.34,0.56,9.2,6,0
11.6,0.44,0.64,2.1,0.059,5.0,15.0,0.998,3.21,0.67,10.2,6,0
8.7,0.625,0.16,2.0,0.101,13.0,49.0,0.9962,3.14,0.57,11.0,5,0
6.8,0.61,0.04,1.5,0.057,5.0,10.0,0.99525,3.42,0.6,9.5,5,0
7.2,0.63,0.0,1.9,0.097,14.0,38.0,0.99675,3.37,0.58,9.0,6,0
8.2,1.0,0.09,2.3,0.065,7.0,37.0,0.99685,3.32,0.55,9.0,6,0
8.2,0.6,0.17,2.3,0.072,11.0,73.0,0.9963,3.2,0.45,9.3,5,0
6.6,0.695,0.0,2.1,0.075,12.0,56.0,0.9968,3.49,0.67,9.2,5,0
8.0,0.52,0.03,1.7,0.07,10.0,35.0,0.99575,3.34,0.57,10.0,5,0
6.9,0.54,0.04,3.0,0.077,7.0,27.0,0.9987,3.69,0.91,9.4,6,0
7.9,0.545,0.06,4.0,0.087,27.0,61.0,0.9965,3.36,0.67,10.7,6,0
9.9,0.59,0.07,3.4,0.102,32.0,71.0,1.00015,3.31,0.71,9.8,5,0
10.4,0.55,0.23,2.7,0.091,18.0,48.0,0.9994,3.22,0.64,10.3,6,0
10.8,0.5,0.46,2.5,0.073,5.0,27.0,1.0001,3.05,0.64,9.5,5,0
11.1,0.18,0.48,1.5,0.068,7.0,15.0,0.9973,3.22,0.64,10.1,6,0
9.8,0.66,0.39,3.2,0.083,21.0,59.0,0.9989,3.37,0.71,11.5,7,0
7.8,0.62,0.05,2.3,0.079,6.0,18.0,0.99735,3.29,0.63,9.3,5,0
10.5,0.42,0.66,2.95,0.116,12.0,29.0,0.997,3.24,0.75,11.7,7,0
9.4,0.27,0.53,2.4,0.074,6.0,18.0,0.9962,3.2,1.13,12.0,7,0
6.9,0.765,0.02,2.3,0.063,35.0,63.0,0.9975,3.57,0.78,9.9,5,0
9.4,0.27,0.53,2.4,0.074,6.0,18.0,0.9962,3.2,1.13,12.0,7,0
13.7,0.415,0.68,2.9,0.085,17.0,43.0,1.0014,3.06,0.8,10.0,6,0
8.3,0.66,0.15,1.9,0.079,17.0,42.0,0.9972,3.31,0.54,9.6,6,0
8.4,0.665,0.61,2.0,0.112,13.0,95.0,0.997,3.16,0.54,9.1,5,0
12.2,0.48,0.54,2.6,0.085,19.0,64.0,1.0,3.1,0.61,10.5,6,0
8.8,0.52,0.34,2.7,0.087,24.0,122.0,0.9982,3.26,0.61,9.5,5,0
10.5,0.24,0.47,2.1,0.066,6.0,24.0,0.9978,3.15,0.9,11.0,7,0
11.9,0.4,0.65,2.15,0.068,7.0,27.0,0.9988,3.06,0.68,11.3,6,0
9.6,0.54,0.42,2.4,0.081,25.0,52.0,0.997,3.2,0.71,11.4,6,0
9.9,0.35,0.55,2.1,0.062,5.0,14.0,0.9971,3.26,0.79,10.6,5,0
9.4,0.685,0.11,2.7,0.077,6.0,31.0,0.9984,3.19,0.7,10.1,6,0
10.6,0.44,0.68,4.1,0.114,6.0,24.0,0.997,3.06,0.66,13.4,6,0
9.3,0.775,0.27,2.8,0.078,24.0,56.0,0.9984,3.31,0.67,10.6,6,0
10.7,0.35,0.53,2.6,0.07,5.0,16.0,0.9972,3.15,0.65,11.0,8,0
10.4,0.24,0.46,1.8,0.075,6.0,21.0,0.9976,3.25,1.02,10.8,7,0
8.5,0.655,0.49,6.1,0.122,34.0,151.0,1.001,3.31,1.14,9.3,5,0
12.5,0.6,0.49,4.3,0.1,5.0,14.0,1.001,3.25,0.74,11.9,6,0
7.3,0.365,0.49,2.5,0.088,39.0,106.0,0.9966,3.36,0.78,11.0,5,0
9.9,0.63,0.24,2.4,0.077,6.0,33.0,0.9974,3.09,0.57,9.4,5,0
11.2,0.5,0.74,5.15,0.1,5.0,17.0,0.9996,3.22,0.62,11.2,5,0
9.1,0.47,0.49,2.6,0.094,38.0,106.0,0.9982,3.08,0.59,9.1,5,0
5.0,1.04,0.24,1.6,0.05,32.0,96.0,0.9934,3.74,0.62,11.5,5,0
12.7,0.6,0.49,2.8,0.075,5.0,19.0,0.9994,3.14,0.57,11.4,5,0
9.9,0.5,0.24,2.3,0.103,6.0,14.0,0.9978,3.34,0.52,10.0,4,1
8.8,0.47,0.49,2.9,0.085,17.0,110.0,0.9982,3.29,0.6,9.8,5,0
13.2,0.46,0.52,2.2,0.071,12.0,35.0,1.0006,3.1,0.56,9.0,6,0
7.7,0.835,0.0,2.6,0.081,6.0,14.0,0.9975,3.3,0.52,9.3,5,0
9.6,0.6,0.5,2.3,0.079,28.0,71.0,0.9997,3.5,0.57,9.7,5,0
11.3,0.37,0.41,2.3,0.088,6.0,16.0,0.9988,3.09,0.8,9.3,5,0
9.5,0.59,0.44,2.3,0.071,21.0,68.0,0.9992,3.46,0.63,9.5,5,0
8.3,0.845,0.01,2.2,0.07,5.0,14.0,0.9967,3.32,0.58,11.0,4,1
8.2,0.73,0.21,1.7,0.074,5.0,13.0,0.9968,3.2,0.52,9.5,5,0
13.3,0.43,0.58,1.9,0.07,15.0,40.0,1.0004,3.06,0.49,9.0,5,0
7.7,0.66,0.04,1.6,0.039,4.0,9.0,0.9962,3.4,0.47,9.4,5,0
7.0,0.65,0.02,2.1,0.066,8.0,25.0,0.9972,3.47,0.67,9.5,6,0
9.1,0.765,0.04,1.6,0.078,4.0,14.0,0.998,3.29,0.54,9.7,4,1
10.6,1.025,0.43,2.8,0.08,21.0,84.0,0.9985,3.06,0.57,10.1,5,0
8.9,0.48,0.24,2.85,0.094,35.0,106.0,0.9982,3.1,0.53,9.2,5,0
8.9,0.875,0.13,3.45,0.088,4.0,14.0,0.9994,3.44,0.52,11.5,5,0
8.1,0.87,0.0,2.2,0.084,10.0,31.0,0.99656,3.25,0.5,9.8,5,0
8.8,0.42,0.21,2.5,0.092,33.0,88.0,0.99823,3.19,0.52,9.2,5,0
9.2,0.67,0.1,3.0,0.091,12.0,48.0,0.99888,3.31,0.54,9.5,6,0
7.1,0.59,0.02,2.3,0.082,24.0,94.0,0.99744,3.55,0.53,9.7,6,0
8.3,0.43,0.3,3.4,0.079,7.0,34.0,0.99788,3.36,0.61,10.5,5,0
10.0,0.56,0.24,2.2,0.079,19.0,58.0,0.9991,3.18,0.56,10.1,6,0
10.0,0.56,0.24,2.2,0.079,19.0,58.0,0.9991,3.18,0.56,10.1,6,0
8.6,0.63,0.17,2.9,0.099,21.0,119.0,0.998,3.09,0.52,9.3,5,0
8.2,0.28,0.4,2.4,0.052,4.0,10.0,0.99356,3.33,0.7,12.8,7,0
10.8,0.45,0.33,2.5,0.099,20.0,38.0,0.99818,3.24,0.71,10.8,5,0
6.9,0.39,0.24,2.1,0.102,4.0,7.0,0.99462,3.44,0.58,11.4,4,1
10.8,0.45,0.33,2.5,0.099,20.0,38.0,0.99818,3.24,0.71,10.8,5,0
9.8,0.51,0.19,3.2,0.081,8.0,30.0,0.9984,3.23,0.58,10.5,6,0
4.9,0.42,0.0,2.1,0.048,16.0,42.0,0.99154,3.71,0.74,14.0,7,0
7.6,0.63,0.03,2.0,0.08,27.0,43.0,0.99578,3.44,0.64,10.9,6,0
9.1,0.21,0.37,1.6,0.067,6.0,10.0,0.99552,3.23,0.58,11.1,7,0
10.4,0.38,0.46,2.1,0.104,6.0,10.0,0.99664,3.12,0.65,11.8,7,0
8.4,0.31,0.29,3.1,0.194,14.0,26.0,0.99536,3.22,0.78,12.0,6,0
7.2,0.34,0.24,2.0,0.071,30.0,52.0,0.99576,3.44,0.58,10.1,5,0
9.3,0.38,0.48,3.8,0.132,3.0,11.0,0.99577,3.23,0.57,13.2,6,0
6.6,0.61,0.01,1.9,0.08,8.0,25.0,0.99746,3.69,0.73,10.5,5,0
9.6,0.33,0.52,2.2,0.074,13.0,25.0,0.99509,3.36,0.76,12.4,7,0
10.2,0.44,0.58,4.1,0.092,11.0,24.0,0.99745,3.29,0.99,12.0,7,0
8.9,0.12,0.45,1.8,0.075,10.0,21.0,0.99552,3.41,0.76,11.9,7,0
8.3,0.28,0.48,2.1,0.093,6.0,12.0,0.99408,3.26,0.62,12.4,7,0
9.8,0.34,0.39,1.4,0.066,3.0,7.0,0.9947,3.19,0.55,11.4,7,0
7.7,0.6,0.06,2.0,0.079,19.0,41.0,0.99697,3.39,0.62,10.1,6,0
7.5,0.43,0.3,2.2,0.062,6.0,12.0,0.99495,3.44,0.72,11.5,7,0
8.2,0.43,0.29,1.6,0.081,27.0,45.0,0.99603,3.25,0.54,10.3,5,0
8.0,0.18,0.37,0.9,0.049,36.0,109.0,0.99007,2.89,0.44,12.7,6,0
11.3,0.36,0.66,2.4,0.123,3.0,8.0,0.99642,3.2,0.53,11.9,6,0
8.6,0.83,0.0,2.8,0.095,17.0,43.0,0.99822,3.33,0.6,10.4,6,0
7.9,0.31,0.32,1.9,0.066,14.0,36.0,0.99364,3.41,0.56,12.6,6,0
7.2,0.34,0.21,2.5,0.075,41.0,68.0,0.99586,3.37,0.54,10.1,6,0
6.9,0.49,0.19,1.7,0.079,13.0,26.0,0.99547,3.38,0.64,9.8,6,0
9.5,0.39,0.41,8.9,0.069,18.0,39.0,0.99859,3.29,0.81,10.9,7,0
6.4,0.39,0.33,3.3,0.046,12.0,53.0,0.99294,3.36,0.62,12.2,6,0
7.1,0.43,0.17,1.8,0.082,27.0,51.0,0.99634,3.49,0.64,10.4,5,0
7.1,0.43,0.17,1.8,0.082,27.0,51.0,0.99634,3.49,0.64,10.4,5,0
9.3,0.33,0.45,1.5,0.057,19.0,37.0,0.99498,3.18,0.89,11.1,7,0
7.5,0.77,0.2,8.1,0.098,30.0,92.0,0.99892,3.2,0.58,9.2,5,0
8.7,0.42,0.45,2.4,0.072,32.0,59.0,0.99617,3.33,0.77,12.0,6,0
10.0,0.26,0.54,1.9,0.083,42.0,74.0,0.99451,2.98,0.63,11.8,8,0
5.0,0.4,0.5,4.3,0.046,29.0,80.0,0.9902,3.49,0.66,13.6,6,0
6.6,0.5,0.0,1.8,0.062,21.0,28.0,0.99352,3.44,0.55,12.3,6,0
8.8,0.24,0.35,1.7,0.055,13.0,27.0,0.99394,3.14,0.59,11.3,7,0
6.9,0.45,0.11,2.4,0.043,6.0,12.0,0.99354,3.3,0.65,11.4,6,0
9.8,0.39,0.43,1.65,0.068,5.0,11.0,0.99478,3.19,0.46,11.4,5,0
7.9,0.58,0.23,2.3,0.076,23.0,94.0,0.99686,3.21,0.58,9.5,6,0
7.2,0.36,0.46,2.1,0.074,24.0,44.0,0.99534,3.4,0.85,11.0,7,0
7.1,0.75,0.01,2.2,0.059,11.0,18.0,0.99242,3.39,0.4,12.8,6,0
9.8,0.37,0.39,2.5,0.079,28.0,65.0,0.99729,3.16,0.59,9.8,5,0
7.8,0.7,0.06,1.9,0.079,20.0,35.0,0.99628,3.4,0.69,10.9,5,0
8.6,0.635,0.68,1.8,0.403,19.0,56.0,0.99632,3.02,1.15,9.3,5,0
9.8,0.45,0.38,2.5,0.081,34.0,66.0,0.99726,3.15,0.58,9.8,5,0
7.3,0.44,0.2,1.6,0.049,24.0,64.0,0.9935,3.38,0.57,11.7,6,0
7.0,0.42,0.19,2.3,0.071,18.0,36.0,0.99476,3.39,0.56,10.9,5,0
7.1,0.16,0.44,2.5,0.068,17.0,31.0,0.99328,3.35,0.54,12.4,6,0
7.6,0.74,0.0,1.9,0.1,6.0,12.0,0.99521,3.36,0.59,11.0,5,0
7.0,0.62,0.1,1.4,0.071,27.0,63.0,0.996,3.28,0.61,9.2,5,0
7.4,0.6,0.26,2.1,0.083,17.0,91.0,0.99616,3.29,0.56,9.8,6,0
7.5,0.51,0.02,1.7,0.084,13.0,31.0,0.99538,3.36,0.54,10.5,6,0
7.2,0.655,0.03,1.8,0.078,7.0,12.0,0.99587,3.34,0.39,9.5,5,0
7.8,0.5,0.09,2.2,0.115,10.0,42.0,0.9971,3.18,0.62,9.5,5,0
7.7,0.75,0.27,3.8,0.11,34.0,89.0,0.99664,3.24,0.45,9.3,5,0
8.2,0.885,0.2,1.4,0.086,7.0,31.0,0.9946,3.11,0.46,10.0,5,0
5.2,0.49,0.26,2.3,0.09,23.0,74.0,0.9953,3.71,0.62,12.2,6,0
8.0,0.6,0.22,2.1,0.08,25.0,105.0,0.99613,3.3,0.49,9.9,5,0
7.1,0.755,0.15,1.8,0.107,20.0,84.0,0.99593,3.19,0.5,9.5,5,0
8.0,0.64,0.22,2.4,0.094,5.0,33.0,0.99612,3.37,0.58,11.0,5,0
6.8,0.67,0.0,1.9,0.08,22.0,39.0,0.99701,3.4,0.74,9.7,5,0
7.6,0.35,0.6,2.6,0.073,23.0,44.0,0.99656,3.38,0.79,11.1,6,0
5.3,0.47,0.11,2.2,0.048,16.0,89.0,0.99182,3.54,0.88,13.6,7,0
8.2,0.28,0.6,3.0,0.104,10.0,22.0,0.99828,3.39,0.68,10.6,5,0
6.9,0.74,0.03,2.3,0.054,7.0,16.0,0.99508,3.45,0.63,11.5,6,0
7.8,0.82,0.29,4.3,0.083,21.0,64.0,0.99642,3.16,0.53,9.4,5,0
7.1,0.27,0.6,2.1,0.074,17.0,25.0,0.99814,3.38,0.72,10.6,6,0
6.9,0.84,0.21,4.1,0.074,16.0,65.0,0.99842,3.53,0.72,9.23333333333333,6,0
6.1,0.32,0.25,2.3,0.071,23.0,58.0,0.99633,3.42,0.97,10.6,5,0
6.5,0.53,0.06,2.0,0.063,29.0,44.0,0.99489,3.38,0.83,10.3,6,0
6.9,0.48,0.2,1.9,0.082,9.0,23.0,0.99585,3.39,0.43,9.05,4,1
7.1,0.69,0.08,2.1,0.063,42.0,52.0,0.99608,3.42,0.6,10.2,6,0
6.7,0.855,0.02,1.9,0.064,29.0,38.0,0.99472,3.3,0.56,10.75,6,0
11.2,0.4,0.5,2.0,0.099,19.0,50.0,0.99783,3.1,0.58,10.4,5,0
7.8,0.6,0.26,2.0,0.08,31.0,131.0,0.99622,3.21,0.52,9.9,5,0
7.2,0.695,0.13,2.0,0.076,12.0,20.0,0.99546,3.29,0.54,10.1,5,0
7.3,0.69,0.32,2.2,0.069,35.0,104.0,0.99632,3.33,0.51,9.5,5,0
