6.9,0.685,0.0,2.5,0.105,22.0,37.0,0.9966,3.46,0.57,10.6,6,0
6.9,0.605,0.12,10.7,0.073,40.0,83.0,0.9993,3.45,0.52,9.4,6,0
5.2,0.32,0.25,1.8,0.103,13.0,50.0,0.9957,3.38,0.55,9.2,5,0
7.7,0.935,0.43,2.2,0.114,22.0,114.0,0.997,3.25,0.73,9.2,5,0
8.7,0.29,0.52,1.6,0.113,12.0,37.0,0.9969,3.25,0.58,9.5,5,0
6.6,0.52,0.04,2.2,0.069,8.0,15.0,0.9956,3.4,0.63,9.4,6,0
6.6,0.705,0.07,1.6,0.076,6.0,15.0,0.9962,3.44,0.58,10.7,5,0
8.0,0.705,0.05,1.9,0.074,8.0,19.0,0.9962,3.34,0.95,10.5,6,0
8.3,0.625,0.2,1.5,0.08,27.0,119.0,0.9972,3.16,1.12,9.1,4,1
9.3,0.39,0.44,2.1,0.107,34.0,125.0,0.9978,3.14,1.22,9.5,5,0
9.4,0.4,0.31,2.2,0.09,13.0,62.0,0.9966,3.07,0.63,10.5,6,0
7.5,0.6,0.03,1.8,0.095,25.0,99.0,0.995,3.35,0.54,10.1,5,0
7.1,0.43,0.42,5.5,0.071,28.0,128.0,0.9973,3.42,0.71,10.5,5,0
7.8,0.63,0.48,1.7,0.1,14.0,96.0,0.9961,3.19,0.62,9.5,5,0
7.3,0.38,0.21,2.0,0.08,7.0,35.0,0.9961,3.33,0.47,9.5,5,0
7.7,0.705,0.1,2.6,0.084,9.0,26.0,0.9976,3.39,0.49,9.7,5,0
7.3,0.58,0.3,2.4,0.074,15.0,55.0,0.9968,3.46,0.59,10.2,5,0
7.8,0.34,0.37,2.0,0.082,24.0,58.0,0.9964,3.34,0.59,9.4,6,0
7.4,0.53,0.26,2.0,0.101,16.0,72.0,0.9957,3.15,0.57,9.4,5,0
8.4,0.635,0.36,2.0,0.089,15.0,55.0,0.99745,3.31,0.57,10.4,4,1
8.9,0.59,0.5,2.0,0.337,27.0,81.0,0.9964,3.04,1.61,9.5,6,0
8.0,0.38,0.06,1.8,0.078,12.0,49.0,0.99625,3.37,0.52,9.9,6,0
6.9,0.52,0.25,2.6,0.081,10.0,37.0,0.99685,3.46,0.5,11.0,5,0
7.2,0.63,0.0,1.9,0.097,14.0,38.0,0.99675,3.37,0.58,9.0,6,0
7.7,0.58,0.1,1.8,0.102,28.0,109.0,0.99565,3.08,0.49,9.8,6,0
11.5,0.18,0.51,4.0,0.104,4.0,23.0,0.9996,3.28,0.97,10.1,6,0
11.5,0.18,0.51,4.0,0.104,4.0,23.0,0.9996,3.28,0.97,10.1,6,0
7.7,0.27,0.68,3.5,0.358,5.0,10.0,0.9972,3.25,1.08,9.9,7,0
8.7,0.52,0.09,2.5,0.091,20.0,49.0,0.9976,3.34,0.86,10.6,7,0
6.9,0.67,0.06,2.1,0.08,8.0,33.0,0.99845,3.68,0.71,9.6,5,0
7.1,0.35,0.29,2.5,0.096,20.0,53.0,0.9962,3.42,0.65,11.0,6,0
9.6,0.56,0.23,3.4,0.102,37.0,92.0,0.9996,3.3,0.65,10.1,5,0
7.8,0.43,0.32,2.8,0.08,29.0,58.0,0.9974,3.31,0.64,10.3,5,0
12.4,0.49,0.58,3.0,0.103,28.0,99.0,1.0008,3.16,1.0,11.5,6,0
7.7,0.665,0.0,2.4,0.09,8.0,19.0,0.9974,3.27,0.73,9.3,5,0
12.5,0.46,0.63,2.0,0.071,6.0,15.0,0.9988,2.99,0.87,10.2,5,0
10.0,0.42,0.5,3.4,0.107,7.0,21.0,0.9979,3.26,0.93,11.8,6,0
9.1,0.28,0.48,1.8,0.067,26.0,46.0,0.9967,3.32,1.04,10.6,6,0
14.0,0.41,0.63,3.8,0.089,6.0,47.0,1.0014,3.01,0.81,10.8,6,0
8.3,0.26,0.42,2.0,0.08,11.0,27.0,0.9974,3.21,0.8,9.4,6,0
9.5,0.37,0.52,2.0,0.082,6.0,26.0,0.998,3.18,0.51,9.5,5,0
6.6,0.735,0.02,7.9,0.122,68.0,124.0,0.9994,3.47,0.53,9.9,5,0
12.5,0.46,0.49,4.5,0.07,26.0,49.0,0.9981,3.05,0.57,9.6,4,1
6.4,0.67,0.08,2.1,0.045,19.0,48.0,0.9949,3.49,0.49,11.4,6,0
9.5,0.78,0.22,1.9,0.077,6.0,32.0,0.9988,3.26,0.56,10.6,6,0
10.4,0.41,0.55,3.2,0.076,22.0,54.0,0.9996,3.15,0.89,9.9,6,0
10.4,0.41,0.55,3.2,0.076,22.0,54.0,0.9996,3.15,0.89,9.9,6,0
7.0,0.62,0.18,1.5,0.062,7.0,50.0,0.9951,3.08,0.6,9.3,5,0
10.0,0.44,0.49,2.7,0.077,11.0,19.0,0.9963,3.23,0.63,11.6,7,0
11.9,0.39,0.69,2.8,0.095,17.0,35.0,0.9994,3.1,0.61,10.8,6,0
10.4,0.33,0.63,2.8,0.084,5.0,22.0,0.9998,3.26,0.74,11.2,7,0
9.2,0.43,0.52,2.3,0.083,14.0,23.0,0.9976,3.35,0.61,11.3,6,0
10.0,0.29,0.4,2.9,0.098,10.0,26.0,1.0006,3.48,0.91,9.7,5,0
11.4,0.36,0.69,2.1,0.09,6.0,21.0,1.0,3.17,0.62,9.2,6,0
10.5,0.28,0.51,1.7,0.08,10.0,24.0,0.9982,3.2,0.89,9.4,6,0
10.2,0.645,0.36,1.8,0.053,5.0,14.0,0.9982,3.17,0.42,10.0,6,0
10.2,0.49,0.63,2.9,0.072,10.0,26.0,0.9968,3.16,0.78,12.5,7,0
10.0,0.59,0.31,2.2,0.09,26.0,62.0,0.9994,3.18,0.63,10.2,6,0
9.8,0.25,0.49,2.7,0.088,15.0,33.0,0.9982,3.42,0.9,10.0,6,0
7.3,0.365,0.49,2.5,0.088,39.0,106.0,0.9966,3.36,0.78,11.0,5,0
9.1,0.22,0.24,2.1,0.078,1.0,28.0,0.999,3.41,0.87,10.3,6,0
11.9,0.38,0.49,2.7,0.098,12.0,42.0,1.0004,3.16,0.61,10.3,5,0
10.3,0.27,0.24,2.1,0.072,15.0,33.0,0.9956,3.22,0.66,12.8,6,0
12.4,0.35,0.49,2.6,0.079,27.0,69.0,0.9994,3.12,0.75,10.4,6,0
6.2,0.36,0.24,2.2,0.095,19.0,42.0,0.9946,3.57,0.57,11.7,6,0
8.8,0.48,0.41,3.3,0.092,26.0,52.0,0.9982,3.31,0.53,10.5,6,0
13.2,0.38,0.55,2.7,0.081,5.0,16.0,1.0006,2.98,0.54,9.4,5,0
8.8,0.6,0.29,2.2,0.098,5.0,15.0,0.9988,3.36,0.49,9.1,5,0
8.8,0.6,0.29,2.2,0.098,5.0,15.0,0.9988,3.36,0.49,9.1,5,0
8.7,0.54,0.26,2.5,0.097,7.0,31.0,0.9976,3.27,0.6,9.3,6,0
7.6,0.41,0.14,3.0,0.087,21.0,43.0,0.9964,3.32,0.57,10.5,6,0
9.5,0.885,0.27,2.3,0.084,31.0,145.0,0.9978,3.24,0.53,9.4,5,0
9.9,0.54,0.45,2.3,0.071,16.0,40.0,0.9991,3.39,0.62,9.4,5,0
9.8,0.88,0.25,2.5,0.104,35.0,155.0,1.001,3.41,0.67,11.2,5,0
7.1,0.84,0.02,4.4,0.096,5.0,13.0,0.997,3.41,0.57,11.0,4,1
12.1,0.4,0.52,2.0,0.092,15.0,54.0,1.0,3.03,0.66,10.2,5,0
9.4,0.59,0.14,2.0,0.084,25.0,48.0,0.9981,3.14,0.56,9.7,5,0
8.3,0.78,0.1,2.6,0.081,45.0,87.0,0.9983,3.48,0.53,10.0,5,0
8.1,0.78,0.23,2.6,0.059,5.0,15.0,0.997,3.37,0.56,11.3,5,0
7.0,0.65,0.02,2.1,0.066,8.0,25.0,0.9972,3.47,0.67,9.5,6,0
9.0,0.66,0.17,3.0,0.077,5.0,13.0,0.9976,3.29,0.55,10.4,5,0
8.3,0.76,0.29,4.2,0.075,12.0,16.0,0.9965,3.45,0.68,11.5,6,0
7.3,0.51,0.18,2.1,0.07,12.0,28.0,0.99768,3.52,0.73,9.5,6,0
8.6,0.33,0.4,2.6,0.083,16.0,68.0,0.99782,3.3,0.48,9.4,5,0
7.2,0.5,0.18,2.1,0.071,12.0,31.0,0.99761,3.52,0.72,9.6,6,0
8.8,0.7,0.0,1.7,0.069,8.0,19.0,0.99701,3.31,0.53,10.0,6,0
7.9,0.4,0.29,1.8,0.157,1.0,44.0,0.9973,3.3,0.92,9.5,6,0
7.1,0.59,0.01,2.5,0.077,20.0,85.0,0.99746,3.55,0.59,9.8,5,0
9.9,0.35,0.41,2.3,0.083,11.0,61.0,0.9982,3.21,0.5,9.5,5,0
7.5,0.42,0.32,2.7,0.067,7.0,25.0,0.99628,3.24,0.44,10.4,5,0
7.2,0.66,0.03,2.3,0.078,16.0,86.0,0.99743,3.53,0.57,9.7,5,0
7.1,0.59,0.01,2.3,0.08,27.0,43.0,0.9955,3.42,0.58,10.7,6,0
6.8,0.59,0.06,6.0,0.06,11.0,18.0,0.9962,3.41,0.59,10.8,7,0
7.3,0.305,0.39,1.2,0.059,7.0,11.0,0.99331,3.29,0.52,11.5,6,0
8.4,0.67,0.19,2.2,0.093,11.0,75.0,0.99736,3.2,0.59,9.2,4,1
12.0,0.63,0.5,1.4,0.071,6.0,26.0,0.99791,3.07,0.6,10.4,4,1
7.2,0.38,0.38,2.8,0.068,23.0,42.0,0.99356,3.34,0.72,12.9,7,0
8.3,0.3,0.49,3.8,0.09,11.0,24.0,0.99498,3.27,0.64,12.1,7,0
8.5,0.47,0.27,1.9,0.058,18.0,38.0,0.99518,3.16,0.85,11.1,6,0
8.5,0.66,0.2,2.1,0.097,23.0,113.0,0.99733,3.13,0.48,9.2,5,0
6.7,0.56,0.09,2.9,0.079,7.0,22.0,0.99669,3.46,0.61,10.2,5,0
12.2,0.45,0.49,1.4,0.075,3.0,6.0,0.9969,3.13,0.63,10.4,5,0
7.7,0.39,0.12,1.7,0.097,19.0,27.0,0.99596,3.16,0.49,9.4,5,0
9.6,0.5,0.36,2.8,0.116,26.0,55.0,0.99722,3.18,0.68,10.9,5,0
7.5,0.71,0.0,1.6,0.092,22.0,31.0,0.99635,3.38,0.58,10.0,6,0
7.0,0.5,0.14,1.8,0.078,10.0,23.0,0.99636,3.53,0.61,10.4,5,0
7.7,0.58,0.01,1.8,0.088,12.0,18.0,0.99568,3.32,0.56,10.5,7,0
7.5,0.57,0.08,2.6,0.089,14.0,27.0,0.99592,3.3,0.59,10.4,6,0
7.3,0.91,0.1,1.8,0.074,20.0,56.0,0.99672,3.35,0.56,9.2,5,0
8.2,0.64,0.27,2.0,0.095,5.0,77.0,0.99747,3.13,0.62,9.1,6,0
8.9,0.48,0.53,4.0,0.101,3.0,10.0,0.99586,3.21,0.59,12.1,7,0
11.6,0.23,0.57,1.8,0.074,3.0,8.0,0.9981,3.14,0.7,9.9,6,0
8.6,0.37,0.65,6.4,0.08,3.0,8.0,0.99817,3.27,0.58,11.0,5,0
8.0,0.48,0.34,2.2,0.073,16.0,25.0,0.9936,3.28,0.66,12.4,6,0
5.4,0.42,0.27,2.0,0.092,23.0,55.0,0.99471,3.78,0.64,12.3,7,0
10.5,0.43,0.35,3.3,0.092,24.0,70.0,0.99798,3.21,0.69,10.5,6,0
8.0,0.25,0.43,1.7,0.067,22.0,50.0,0.9946,3.38,0.6,11.9,6,0
8.2,0.38,0.32,2.5,0.08,24.0,71.0,0.99624,3.27,0.85,11.0,6,0
10.2,0.41,0.43,2.2,0.11,11.0,37.0,0.99728,3.16,0.67,10.8,5,0
8.5,0.32,0.42,2.3,0.075,12.0,19.0,0.99434,3.14,0.71,11.8,7,0
9.0,0.785,0.24,1.7,0.078,10.0,21.0,0.99692,3.29,0.67,10.0,5,0
9.9,0.54,0.26,2.0,0.111,7.0,60.0,0.99709,2.94,0.98,10.2,5,0
6.2,0.39,0.43,2.0,0.071,14.0,24.0,0.99428,3.45,0.87,11.2,7,0
7.9,0.57,0.31,2.0,0.079,10.0,79.0,0.99677,3.29,0.69,9.5,6,0
10.9,0.32,0.52,1.8,0.132,17.0,44.0,0.99734,3.28,0.77,11.5,6,0
7.7,0.18,0.34,2.7,0.066,15.0,58.0,0.9947,3.37,0.78,11.8,6,0
7.5,0.61,0.2,1.7,0.076,36.0,60.0,0.99494,3.1,0.4,9.3,5,0
7.4,0.74,0.07,1.7,0.086,15.0,48.0,0.99502,3.12,0.48,10.0,5,0
6.8,0.64,0.0,2.7,0.123,15.0,33.0,0.99538,3.44,0.63,11.3,6,0
8.5,0.37,0.32,1.8,0.066,26.0,51.0,0.99456,3.38,0.72,11.8,6,0
6.9,0.41,0.31,2.0,0.079,21.0,51.0,0.99668,3.47,0.55,9.5,6,0
5.0,0.38,0.01,1.6,0.048,26.0,60.0,0.99084,3.7,0.75,14.0,6,0
7.0,0.69,0.0,1.9,0.114,3.0,10.0,0.99636,3.35,0.6,9.7,6,0
6.6,0.63,0.0,4.3,0.093,51.0,77.5,0.99558,3.2,0.45,9.5,5,0
7.5,0.63,0.27,2.0,0.083,17.0,91.0,0.99616,3.26,0.58,9.8,6,0
9.1,0.36,0.39,1.8,0.06,21.0,55.0,0.99495,3.18,0.82,11.0,7,0
6.9,0.57,0.0,2.8,0.081,21.0,41.0,0.99518,3.41,0.52,10.8,5,0
7.6,0.645,0.03,1.9,0.086,14.0,57.0,0.9969,3.37,0.46,10.3,5,0
6.1,0.32,0.25,1.8,0.086,5.0,32.0,0.99464,3.36,0.44,10.1,5,0
7.2,0.605,0.02,1.9,0.096,10.0,31.0,0.995,3.46,0.53,11.8,6,0
8.0,0.77,0.32,2.1,0.079,16.0,74.0,0.99656,3.27,0.5,9.8,6,0
7.7,0.23,0.37,1.8,0.046,23.0,60.0,0.9971,3.41,0.71,12.1,6,0
7.8,0.64,0.0,1.9,0.072,27.0,55.0,0.9962,3.31,0.63,11.0,5,0
5.9,0.44,0.0,1.6,0.042,3.0,11.0,0.9944,3.48,0.85,11.7,6,0
10.2,0.54,0.37,15.4,0.214,55.0,95.0,1.00369,3.18,0.77,9.0,6,0
7.0,0.59,0.0,1.7,0.052,3.0,8.0,0.996,3.41,0.47,10.3,5,0
7.4,0.785,0.19,5.2,0.094,19.0,98.0,0.99713,3.16,0.52,9.56666666666667,6,0
7.6,0.49,0.33,1.9,0.074,27.0,85.0,0.99706,3.41,0.58,9.0,5,0
6.8,0.59,0.1,1.7,0.063,34.0,53.0,0.9958,3.41,0.67,9.7,5,0
6.8,0.68,0.21,2.1,0.07,9.0,23.0,0.99546,3.38,0.6,10.3,5,0
6.2,0.65,0.06,1.6,0.05,6.0,18.0,0.99348,3.57,0.54,11.95,5,0
6.9,0.74,0.03,2.3,0.054,7.0,16.0,0.99508,3.45,0.63,11.5,6,0
6.8,0.48,0.25,2.0,0.076,29.0,61.0,0.9953,3.34,0.6,10.4,5,0
7.2,0.53,0.13,2.0,0.058,18.0,22.0,0.99573,3.21,0.68,9.9,6,0
7.2,0.39,0.32,1.8,0.065,34.0,60.0,0.99714,3.46,0.78,9.9,5,0
6.5,0.63,0.33,1.8,0.059,16.0,28.0,0.99531,3.36,0.64,10.1,6,0
7.0,0.56,0.17,1.7,0.065,15.0,24.0,0.99514,3.44,0.68,10.55,7,0
7.2,0.695,0.13,2.0,0.076,12.0,20.0,0.99546,3.29,0.54,10.1,5,0
7.2,0.695,0.13,2.0,0.076,12.0,20.0,0.99546,3.29,0.54,10.1,5,0
6.3,0.55,0.15,1.8,0.077,26.0,35.0,0.99314,3.32,0.82,11.6,6,0
