7.3,0.65,0.0,1.2,0.065,15.0,21.0,0.9946,3.39,0.47,10.0,7,0
7.8,0.61,0.29,1.6,0.114,9.0,29.0,0.9974,3.26,1.56,9.1,5,0
8.9,0.62,0.19,3.9,0.17,51.0,148.0,0.9986,3.17,0.93,9.2,5,0
7.8,0.645,0.0,5.5,0.086,5.0,18.0,0.9986,3.4,0.55,9.6,6,0
4.6,0.52,0.15,2.1,0.054,8.0,65.0,0.9934,3.9,0.56,13.1,4,1
6.6,0.5,0.04,2.1,0.068,6.0,14.0,0.9955,3.39,0.64,9.4,6,0
7.5,0.63,0.12,5.1,0.111,50.0,110.0,0.9983,3.26,0.77,9.4,5,0
7.8,0.59,0.18,2.3,0.076,17.0,54.0,0.9975,3.43,0.59,10.0,5,0
7.7,0.69,0.49,1.8,0.115,20.0,112.0,0.9968,3.21,0.71,9.3,5,0
8.3,0.675,0.26,2.1,0.084,11.0,43.0,0.9976,3.31,0.53,9.2,4,1
6.3,0.3,0.48,1.8,0.069,18.0,61.0,0.9959,3.44,0.78,10.3,6,0
7.8,0.56,0.19,1.8,0.104,12.0,47.0,0.9964,3.19,0.93,9.5,5,0
8.4,0.6,0.1,2.2,0.085,14.0,111.0,0.9964,3.15,0.66,9.8,5,0
8.8,0.55,0.04,2.2,0.119,14.0,56.0,0.9962,3.21,0.6,10.9,6,0
5.6,0.5,0.09,2.3,0.049,17.0,99.0,0.9937,3.63,0.63,13.0,5,0
6.9,0.49,0.1,2.3,0.074,12.0,30.0,0.9959,3.42,0.58,10.2,6,0
7.3,0.33,0.47,2.1,0.077,5.0,11.0,0.9958,3.33,0.53,10.3,6,0
7.1,0.68,0.0,2.2,0.073,12.0,22.0,0.9969,3.48,0.5,9.3,5,0
8.0,0.42,0.17,2.0,0.073,6.0,18.0,0.9972,3.29,0.61,9.2,6,0
8.0,0.42,0.17,2.0,0.073,6.0,18.0,0.9972,3.29,0.61,9.2,6,0
7.4,0.39,0.48,2.0,0.082,14.0,67.0,0.9972,3.34,0.55,9.2,5,0
11.0,0.3,0.58,2.1,0.054,7.0,19.0,0.998,3.31,0.88,10.5,7,0
8.2,0.57,0.26,2.2,0.06,28.0,65.0,0.9959,3.3,0.43,10.1,5,0
10.0,0.31,0.47,2.6,0.085,14.0,33.0,0.99965,3.36,0.8,10.5,7,0
7.9,0.35,0.46,3.6,0.078,15.0,37.0,0.9973,3.35,0.86,12.8,8,0
13.3,0.34,0.52,3.2,0.094,17.0,53.0,1.0014,3.05,0.81,9.5,6,0
7.2,0.65,0.02,2.3,0.094,5.0,31.0,0.9993,3.67,0.8,9.7,5,0
7.4,0.29,0.38,1.7,0.062,9.0,30.0,0.9968,3.41,0.53,9.5,6,0
7.4,0.36,0.29,2.6,0.087,26.0,72.0,0.99645,3.39,0.68,11.0,5,0
9.6,0.77,0.12,2.9,0.082,30.0,74.0,0.99865,3.3,0.64,10.4,6,0
11.6,0.53,0.66,3.65,0.121,6.0,14.0,0.9978,3.05,0.74,11.5,7,0
7.9,0.65,0.01,2.5,0.078,17.0,38.0,0.9963,3.34,0.74,11.7,7,0
11.9,0.57,0.5,2.6,0.082,6.0,32.0,1.0006,3.12,0.78,10.7,6,0
9.1,0.785,0.0,2.6,0.093,11.0,28.0,0.9994,3.36,0.86,9.4,6,0
13.5,0.53,0.79,4.8,0.12,23.0,77.0,1.0018,3.18,0.77,13.0,5,0
11.5,0.41,0.52,3.0,0.08,29.0,55.0,1.0001,3.26,0.88,11.0,5,0
10.3,0.34,0.52,2.8,0.159,15.0,75.0,0.9998,3.18,0.64,9.4,5,0
7.9,0.24,0.4,1.6,0.056,11.0,25.0,0.9967,3.32,0.87,8.7,6,0
8.3,0.42,0.38,2.5,0.094,24.0,60.0,0.9979,3.31,0.7,10.8,6,0
8.3,0.26,0.42,2.0,0.08,11.0,27.0,0.9974,3.21,0.8,9.4,6,0
7.7,0.26,0.3,1.7,0.059,20.0,38.0,0.9949,3.29,0.47,10.8,6,0
9.8,0.44,0.47,2.5,0.063,9.0,28.0,0.9981,3.24,0.65,10.8,6,0
6.6,0.84,0.03,2.3,0.059,32.0,48.0,0.9952,3.52,0.56,12.3,7,0
12.3,0.39,0.63,2.3,0.091,6.0,18.0,1.0004,3.16,0.49,9.5,5,0
9.3,0.48,0.29,2.1,0.127,6.0,16.0,0.9968,3.22,0.72,11.2,5,0
8.6,0.53,0.22,2.0,0.1,7.0,27.0,0.9967,3.2,0.56,10.2,6,0
11.6,0.58,0.66,2.2,0.074,10.0,47.0,1.0008,3.25,0.57,9.0,3,1
10.3,0.5,0.42,2.0,0.069,21.0,51.0,0.9982,3.16,0.72,11.5,6,0
13.0,0.32,0.65,2.6,0.093,15.0,47.0,0.9996,3.05,0.61,10.6,5,0
12.5,0.37,0.55,2.6,0.083,25.0,68.0,0.9995,3.15,0.82,10.4,6,0
10.6,0.28,0.39,15.5,0.069,6.0,23.0,1.0026,3.12,0.66,9.2,5,0
8.7,0.69,0.31,3.0,0.086,23.0,81.0,1.0002,3.48,0.74,11.6,6,0
9.3,0.4,0.49,2.5,0.085,38.0,142.0,0.9978,3.22,0.55,9.4,5,0
10.2,0.24,0.49,2.4,0.075,10.0,28.0,0.9978,3.14,0.61,10.4,5,0
10.6,0.34,0.49,3.2,0.078,20.0,78.0,0.9992,3.19,0.7,10.0,6,0
10.6,0.31,0.49,2.2,0.063,18.0,40.0,0.9976,3.14,0.51,9.8,6,0
12.0,0.28,0.49,1.9,0.074,10.0,21.0,0.9976,2.98,0.66,9.9,7,0
7.6,0.51,0.24,2.4,0.091,8.0,38.0,0.998,3.47,0.66,9.6,6,0
9.9,0.49,0.58,3.5,0.094,9.0,43.0,1.0004,3.29,0.58,9.0,5,0
7.9,0.51,0.25,2.9,0.077,21.0,45.0,0.9974,3.49,0.96,12.1,6,0
6.7,0.42,0.27,8.6,0.068,24.0,148.0,0.9948,3.16,0.57,11.3,6,0
10.7,0.43,0.39,2.2,0.106,8.0,32.0,0.9986,2.89,0.5,9.6,5,0
15.9,0.36,0.65,7.5,0.096,22.0,71.0,0.9976,2.98,0.84,14.9,5,0
8.6,0.47,0.47,2.4,0.074,7.0,29.0,0.9979,3.08,0.46,9.5,5,0
7.2,0.52,0.07,1.4,0.074,5.0,20.0,0.9973,3.32,0.81,9.6,6,0
8.3,0.49,0.36,1.8,0.222,6.0,16.0,0.998,3.18,0.6,9.5,6,0
9.8,1.24,0.34,2.0,0.079,32.0,151.0,0.998,3.15,0.53,9.5,5,0
9.3,0.41,0.39,2.2,0.064,12.0,31.0,0.9984,3.26,0.65,10.2,5,0
8.1,0.78,0.23,2.6,0.059,5.0,15.0,0.997,3.37,0.56,11.3,5,0
9.1,0.64,0.23,3.1,0.095,13.0,38.0,0.9998,3.28,0.59,9.7,5,0
8.6,0.49,0.51,2.0,0.422,16.0,62.0,0.9979,3.03,1.17,9.0,5,0
5.1,0.47,0.02,1.3,0.034,18.0,44.0,0.9921,3.9,0.62,12.8,6,0
9.4,0.615,0.28,3.2,0.087,18.0,72.0,1.0001,3.31,0.53,9.7,5,0
7.8,0.545,0.12,2.5,0.068,11.0,35.0,0.996,3.34,0.61,11.6,6,0
9.7,0.31,0.47,1.6,0.062,13.0,33.0,0.9983,3.27,0.66,10.0,6,0
9.5,0.55,0.66,2.3,0.387,12.0,37.0,0.9982,3.17,0.67,9.6,5,0
8.7,0.46,0.31,2.5,0.126,24.0,64.0,0.99746,3.1,0.74,9.6,5,0
8.4,0.52,0.22,2.7,0.084,4.0,18.0,0.99682,3.26,0.57,9.9,6,0
8.2,0.28,0.4,2.4,0.052,4.0,10.0,0.99356,3.33,0.7,12.8,7,0
9.1,0.66,0.15,3.2,0.097,9.0,59.0,0.99976,3.28,0.54,9.6,5,0
6.4,0.64,0.21,1.8,0.081,14.0,31.0,0.99689,3.59,0.66,9.8,5,0
7.7,0.715,0.01,2.1,0.064,31.0,43.0,0.99371,3.41,0.57,11.8,6,0
7.2,0.6,0.04,2.5,0.076,18.0,88.0,0.99745,3.53,0.55,9.5,5,0
8.8,0.61,0.19,4.0,0.094,30.0,69.0,0.99787,3.22,0.5,10.0,6,0
7.4,0.635,0.1,2.4,0.08,16.0,33.0,0.99736,3.58,0.69,10.8,7,0
7.2,0.54,0.27,2.6,0.084,12.0,78.0,0.9964,3.39,0.71,11.0,5,0
9.1,0.28,0.46,9.0,0.114,3.0,9.0,0.99901,3.18,0.6,10.9,6,0
6.8,0.41,0.31,8.8,0.084,26.0,45.0,0.99824,3.38,0.64,10.1,6,0
8.4,0.62,0.12,1.8,0.072,38.0,46.0,0.99504,3.38,0.89,11.8,6,0
8.7,0.33,0.38,3.3,0.063,10.0,19.0,0.99468,3.3,0.73,12.0,7,0
10.1,0.43,0.4,2.6,0.092,13.0,52.0,0.99834,3.22,0.64,10.0,7,0
7.0,0.4,0.32,3.6,0.061,9.0,29.0,0.99416,3.28,0.49,11.3,7,0
9.7,0.295,0.4,1.5,0.073,14.0,21.0,0.99556,3.14,0.51,10.9,6,0
10.0,0.35,0.45,2.5,0.092,20.0,88.0,0.99918,3.15,0.43,9.4,5,0
9.1,0.3,0.34,2.0,0.064,12.0,25.0,0.99516,3.26,0.84,11.7,7,0
8.0,0.58,0.16,2.0,0.12,3.0,7.0,0.99454,3.22,0.58,11.2,6,0
7.0,0.51,0.09,2.1,0.062,4.0,9.0,0.99584,3.35,0.54,10.5,5,0
7.7,0.58,0.01,1.8,0.088,12.0,18.0,0.99568,3.32,0.56,10.5,7,0
8.9,0.48,0.53,4.0,0.101,3.0,10.0,0.99586,3.21,0.59,12.1,7,0
9.9,0.53,0.57,2.4,0.093,30.0,52.0,0.9971,3.19,0.76,11.6,7,0
7.2,0.38,0.3,1.8,0.073,31.0,70.0,0.99685,3.42,0.59,9.5,6,0
8.5,0.34,0.4,4.7,0.055,3.0,9.0,0.99738,3.38,0.66,11.6,7,0
9.4,0.4,0.47,2.5,0.087,6.0,20.0,0.99772,3.15,0.5,10.5,5,0
6.1,0.48,0.09,1.7,0.078,18.0,30.0,0.99402,3.45,0.54,11.2,6,0
6.3,0.57,0.28,2.1,0.048,13.0,49.0,0.99374,3.41,0.6,12.8,5,0
10.8,0.47,0.43,2.1,0.171,27.0,66.0,0.9982,3.17,0.76,10.8,6,0
7.1,0.39,0.12,2.1,0.065,14.0,24.0,0.99252,3.3,0.53,13.3,6,0
6.3,0.76,0.0,2.9,0.072,26.0,52.0,0.99379,3.51,0.6,11.5,6,0
7.8,0.5,0.12,1.8,0.178,6.0,21.0,0.996,3.28,0.87,9.8,6,0
5.1,0.51,0.18,2.1,0.042,16.0,101.0,0.9924,3.46,0.87,12.9,7,0
5.6,0.915,0.0,2.1,0.041,17.0,78.0,0.99346,3.68,0.73,11.4,5,0
7.2,0.25,0.37,2.5,0.063,11.0,41.0,0.99439,3.52,0.8,12.4,7,0
7.7,0.26,0.26,2.0,0.052,19.0,77.0,0.9951,3.15,0.79,10.9,6,0
7.4,0.55,0.19,1.8,0.082,15.0,34.0,0.99655,3.49,0.68,10.5,5,0
7.1,0.6,0.01,2.3,0.079,24.0,37.0,0.99514,3.4,0.61,10.9,6,0
7.9,0.66,0.0,1.4,0.096,6.0,13.0,0.99569,3.43,0.58,9.5,5,0
7.0,0.58,0.28,4.8,0.085,12.0,69.0,0.99633,3.32,0.7,11.0,6,0
10.4,0.43,0.5,2.3,0.068,13.0,19.0,0.996,3.1,0.87,11.4,6,0
8.0,0.715,0.22,2.3,0.075,13.0,81.0,0.99688,3.24,0.54,9.5,6,0
8.7,0.63,0.28,2.7,0.096,17.0,69.0,0.99734,3.26,0.63,10.2,6,0
7.0,0.6,0.3,4.5,0.068,20.0,110.0,0.99914,3.3,1.17,10.2,5,0
7.2,0.53,0.14,2.1,0.064,15.0,29.0,0.99323,3.35,0.61,12.1,6,0
5.2,0.645,0.0,2.15,0.08,15.0,28.0,0.99444,3.78,0.61,12.5,6,0
9.7,0.69,0.32,2.5,0.088,22.0,91.0,0.9979,3.29,0.62,10.1,5,0
9.9,0.44,0.46,2.2,0.091,10.0,41.0,0.99638,3.18,0.69,11.9,6,0
7.4,0.6,0.26,2.1,0.083,17.0,91.0,0.99616,3.29,0.56,9.8,6,0
7.8,0.87,0.26,3.8,0.107,31.0,67.0,0.99668,3.26,0.46,9.2,5,0
7.5,0.51,0.02,1.7,0.084,13.0,31.0,0.99538,3.36,0.54,10.5,6,0
7.2,0.62,0.01,2.3,0.065,8.0,46.0,0.99332,3.32,0.51,11.8,6,0
7.6,0.645,0.03,1.9,0.086,14.0,57.0,0.9969,3.37,0.46,10.3,5,0
6.1,0.34,0.25,1.8,0.084,4.0,28.0,0.99464,3.36,0.44,10.1,5,0
8.3,0.85,0.14,2.5,0.093,13.0,54.0,0.99724,3.36,0.54,10.1,5,0
6.6,0.61,0.0,1.6,0.069,4.0,8.0,0.99396,3.33,0.37,10.4,4,1
7.2,0.45,0.15,2.0,0.078,10.0,28.0,0.99609,3.29,0.51,9.9,6,0
8.0,0.81,0.25,3.4,0.076,34.0,85.0,0.99668,3.19,0.42,9.2,5,0
7.4,0.64,0.07,1.8,0.1,8.0,23.0,0.9961,3.3,0.58,9.6,5,0
8.7,0.675,0.1,1.6,0.09,4.0,11.0,0.99745,3.31,0.65,9.55,5,0
7.9,0.69,0.21,2.1,0.08,33.0,141.0,0.9962,3.25,0.51,9.9,5,0
7.7,0.28,0.3,2.0,0.062,18.0,34.0,0.9952,3.28,0.9,11.3,7,0
6.0,0.51,0.0,2.1,0.064,40.0,54.0,0.995,3.54,0.93,10.7,6,0
7.3,0.34,0.33,2.5,0.064,21.0,37.0,0.9952,3.35,0.77,12.1,7,0
7.8,0.53,0.01,1.6,0.077,3.0,19.0,0.995,3.16,0.46,9.8,5,0
7.5,0.4,0.18,1.6,0.079,24.0,58.0,0.9965,3.34,0.58,9.4,5,0
6.8,0.915,0.29,4.8,0.07,15.0,39.0,0.99577,3.53,0.54,11.1,5,0
7.6,0.49,0.33,1.9,0.074,27.0,85.0,0.99706,3.41,0.58,9.0,5,0
6.2,0.785,0.0,2.1,0.06,6.0,13.0,0.99664,3.59,0.61,10.0,4,1
6.7,0.76,0.02,1.8,0.078,6.0,12.0,0.996,3.55,0.63,9.95,3,1
6.4,0.79,0.04,2.2,0.061,11.0,17.0,0.99588,3.53,0.65,10.4,6,0
6.0,0.42,0.19,2.0,0.075,22.0,47.0,0.99522,3.39,0.78,10.0,6,0
7.1,0.53,0.07,1.7,0.071,15.0,24.0,0.9951,3.29,0.66,10.8,6,0
8.0,0.39,0.3,1.9,0.074,32.0,84.0,0.99717,3.39,0.61,9.0,5,0
6.6,0.56,0.14,2.4,0.064,13.0,29.0,0.99397,3.42,0.62,11.7,7,0
7.0,0.55,0.13,2.2,0.075,15.0,35.0,0.9959,3.36,0.59,9.7,6,0
6.6,0.88,0.04,2.2,0.066,12.0,20.0,0.99636,3.53,0.56,9.9,5,0
6.2,0.7,0.15,5.1,0.076,13.0,27.0,0.99622,3.54,0.6,11.9,6,0
6.8,0.67,0.15,1.8,0.118,13.0,20.0,0.9954,3.42,0.67,11.3,6,0
7.2,0.39,0.44,2.6,0.066,22.0,48.0,0.99494,3.3,0.84,11.5,6,0
5.8,0.61,0.11,1.8,0.066,18.0,28.0,0.99483,3.55,0.66,10.9,6,0
5.9,0.645,0.12,2.0,0.075,32.0,44.0,0.99547,3.57,0.71,10.2,5,0
