7.8,0.76,0.04,2.3,0.092,15.0,54.0,0.997,3.26,0.65,9.8,5,0
5.6,0.615,0.0,1.6,0.089,16.0,59.0,0.9943,3.58,0.52,9.9,5,0
7.6,0.39,0.31,2.3,0.082,23.0,71.0,0.9982,3.52,0.65,9.7,5,0
7.9,0.43,0.21,1.6,0.106,10.0,37.0,0.9966,3.17,0.91,9.5,5,0
6.9,0.4,0.14,2.4,0.085,21.0,40.0,0.9968,3.43,0.63,9.7,6,0
5.7,1.13,0.09,1.5,0.172,7.0,19.0,0.994,3.5,0.48,9.8,4,1
6.4,0.4,0.23,1.6,0.066,5.0,12.0,0.9958,3.34,0.56,9.2,5,0
7.5,0.52,0.16,1.9,0.085,12.0,35.0,0.9968,3.38,0.62,9.5,7,0
7.7,0.69,0.22,1.9,0.084,18.0,94.0,0.9961,3.31,0.48,9.5,5,0
6.7,0.75,0.12,2.0,0.086,12.0,80.0,0.9958,3.38,0.52,10.1,5,0
7.3,0.67,0.26,1.8,0.401,16.0,51.0,0.9969,3.16,1.14,9.4,5,0
7.6,0.9,0.06,2.5,0.079,5.0,10.0,0.9967,3.39,0.56,9.8,5,0
8.1,0.545,0.18,1.9,0.08,13.0,35.0,0.9972,3.3,0.59,9.0,6,0
8.4,0.62,0.09,2.2,0.084,11.0,108.0,0.9964,3.15,0.66,9.8,5,0
7.0,0.69,0.08,1.8,0.097,22.0,89.0,0.9959,3.34,0.54,9.2,6,0
7.9,1.04,0.05,2.2,0.084,13.0,29.0,0.9959,3.22,0.55,9.9,6,0
9.2,0.52,1.0,3.4,0.61,32.0,69.0,0.9996,2.74,2.0,9.4,4,1
7.5,0.6,0.03,1.8,0.095,25.0,99.0,0.995,3.35,0.54,10.1,5,0
7.1,0.43,0.42,5.5,0.07,29.0,129.0,0.9973,3.42,0.72,10.5,5,0
7.8,0.53,0.04,1.7,0.076,17.0,31.0,0.9964,3.33,0.56,10.0,6,0
6.9,0.5,0.04,1.5,0.085,19.0,49.0,0.9958,3.35,0.78,9.5,5,0
6.4,0.37,0.25,1.9,0.074,21.0,49.0,0.9974,3.57,0.62,9.8,6,0
7.6,0.55,0.21,2.2,0.071,7.0,28.0,0.9964,3.28,0.55,9.7,5,0
5.4,0.835,0.08,1.2,0.046,13.0,93.0,0.9924,3.57,0.85,13.0,7,0
8.0,0.725,0.24,2.8,0.083,10.0,62.0,0.99685,3.35,0.56,10.0,6,0
7.0,0.49,0.49,5.6,0.06,26.0,121.0,0.9974,3.34,0.76,10.5,5,0
5.2,0.48,0.04,1.6,0.054,19.0,106.0,0.9927,3.54,0.62,12.2,7,0
12.5,0.56,0.49,2.4,0.064,5.0,27.0,0.9999,3.08,0.87,10.9,5,0
8.4,0.715,0.2,2.4,0.076,10.0,38.0,0.99735,3.31,0.64,9.4,5,0
7.5,0.65,0.18,7.0,0.088,27.0,94.0,0.99915,3.38,0.77,9.4,5,0
11.5,0.18,0.51,4.0,0.104,4.0,23.0,0.9996,3.28,0.97,10.1,6,0
10.3,0.32,0.45,6.4,0.073,5.0,13.0,0.9976,3.23,0.82,12.6,8,0
9.9,0.59,0.07,3.4,0.102,32.0,71.0,1.00015,3.31,0.71,9.8,5,0
8.3,0.705,0.12,2.6,0.092,12.0,28.0,0.9994,3.51,0.72,10.0,5,0
8.4,0.65,0.6,2.1,0.112,12.0,90.0,0.9973,3.2,0.52,9.2,5,0
10.3,0.43,0.44,2.4,0.214,5.0,12.0,0.9994,3.19,0.63,9.5,6,0
10.3,0.44,0.5,4.5,0.107,5.0,13.0,0.998,3.28,0.83,11.5,5,0
8.9,0.43,0.45,1.9,0.052,6.0,16.0,0.9948,3.35,0.7,12.5,6,0
12.2,0.34,0.5,2.4,0.066,10.0,21.0,1.0,3.12,1.18,9.2,6,0
10.9,0.39,0.47,1.8,0.118,6.0,14.0,0.9982,3.3,0.75,9.8,6,0
10.9,0.39,0.47,1.8,0.118,6.0,14.0,0.9982,3.3,0.75,9.8,6,0
6.6,0.815,0.02,2.7,0.072,17.0,34.0,0.9955,3.58,0.89,12.3,7,0
13.8,0.49,0.67,3.0,0.093,6.0,15.0,0.9986,3.02,0.93,12.0,6,0
11.9,0.43,0.66,3.1,0.109,10.0,23.0,1.0,3.15,0.85,10.4,7,0
8.3,0.26,0.42,2.0,0.08,11.0,27.0,0.9974,3.21,0.8,9.4,6,0
8.6,0.725,0.24,6.6,0.117,31.0,134.0,1.0014,3.32,1.07,9.3,5,0
7.0,0.58,0.12,1.9,0.091,34.0,124.0,0.9956,3.44,0.48,10.5,5,0
7.7,0.96,0.2,2.0,0.047,15.0,60.0,0.9955,3.36,0.44,10.9,5,0
12.8,0.84,0.63,2.4,0.088,13.0,35.0,0.9997,3.1,0.6,10.4,6,0
11.9,0.37,0.69,2.3,0.078,12.0,24.0,0.9958,3.0,0.65,12.8,6,0
11.9,0.39,0.69,2.8,0.095,17.0,35.0,0.9994,3.1,0.61,10.8,6,0
8.4,0.37,0.53,1.8,0.413,9.0,26.0,0.9979,3.06,1.06,9.1,6,0
10.4,0.33,0.63,2.8,0.084,5.0,22.0,0.9998,3.26,0.74,11.2,7,0
7.0,0.23,0.4,1.6,0.063,21.0,67.0,0.9952,3.5,0.63,11.1,5,0
11.3,0.62,0.67,5.2,0.086,6.0,19.0,0.9988,3.22,0.69,13.4,8,0
8.3,0.615,0.22,2.6,0.087,6.0,19.0,0.9982,3.26,0.61,9.3,5,0
9.6,0.68,0.24,2.2,0.087,5.0,28.0,0.9988,3.14,0.6,10.2,5,0
10.6,0.36,0.6,2.2,0.152,7.0,18.0,0.9986,3.04,1.06,9.4,5,0
11.6,0.32,0.55,2.8,0.081,35.0,67.0,1.0002,3.32,0.92,10.8,7,0
7.0,0.38,0.49,2.5,0.097,33.0,85.0,0.9962,3.39,0.77,11.4,6,0
8.2,0.42,0.49,2.6,0.084,32.0,55.0,0.9988,3.34,0.75,8.7,6,0
9.3,0.715,0.24,2.1,0.07,5.0,20.0,0.9966,3.12,0.59,9.9,5,0
7.5,0.55,0.24,2.0,0.078,10.0,28.0,0.9983,3.45,0.78,9.5,6,0
9.5,0.46,0.24,2.7,0.092,14.0,44.0,0.998,3.12,0.74,10.0,6,0
15.5,0.645,0.49,4.2,0.095,10.0,23.0,1.00315,2.92,0.74,11.1,5,0
12.3,0.5,0.49,2.2,0.089,5.0,14.0,1.0002,3.19,0.44,9.6,5,0
7.3,0.73,0.24,1.9,0.108,18.0,102.0,0.9967,3.26,0.59,9.3,5,0
5.0,0.42,0.24,2.0,0.06,19.0,50.0,0.9917,3.72,0.74,14.0,8,0
10.2,0.29,0.49,2.6,0.059,5.0,13.0,0.9976,3.05,0.74,10.5,7,0
8.9,0.595,0.41,7.9,0.086,30.0,109.0,0.9998,3.27,0.57,9.3,5,0
12.4,0.4,0.51,2.0,0.059,6.0,24.0,0.9994,3.04,0.6,9.3,6,0
11.5,0.31,0.51,2.2,0.079,14.0,28.0,0.9982,3.03,0.93,9.8,6,0
11.4,0.46,0.5,2.7,0.122,4.0,17.0,1.0006,3.13,0.7,10.2,5,0
7.9,0.35,0.21,1.9,0.073,46.0,102.0,0.9964,3.27,0.58,9.5,5,0
9.7,0.55,0.17,2.9,0.087,20.0,53.0,1.0004,3.14,0.61,9.4,5,0
10.7,0.43,0.39,2.2,0.106,8.0,32.0,0.9986,2.89,0.5,9.6,5,0
12.0,0.5,0.59,1.4,0.073,23.0,42.0,0.998,2.92,0.68,10.5,7,0
7.2,0.52,0.07,1.4,0.074,5.0,20.0,0.9973,3.32,0.81,9.6,6,0
10.1,0.28,0.46,1.8,0.05,5.0,13.0,0.9974,3.04,0.79,10.2,6,0
8.6,0.8,0.11,2.3,0.084,12.0,31.0,0.9979,3.4,0.48,9.9,5,0
11.8,0.38,0.55,2.1,0.071,5.0,19.0,0.9986,3.11,0.62,10.8,6,0
8.4,1.035,0.15,6.0,0.073,11.0,54.0,0.999,3.37,0.49,9.9,5,0
7.1,0.31,0.3,2.2,0.053,36.0,127.0,0.9965,2.94,1.62,9.5,5,0
6.4,0.57,0.02,1.8,0.067,4.0,11.0,0.997,3.46,0.68,9.5,5,0
9.3,0.655,0.26,2.0,0.096,5.0,35.0,0.99738,3.25,0.42,9.6,5,0
7.4,0.37,0.43,2.6,0.082,18.0,82.0,0.99708,3.33,0.68,9.7,6,0
7.1,0.61,0.02,2.5,0.081,17.0,87.0,0.99745,3.48,0.6,9.7,6,0
7.2,0.61,0.08,4.0,0.082,26.0,108.0,0.99641,3.25,0.51,9.4,5,0
12.9,0.5,0.55,2.8,0.072,7.0,24.0,1.00012,3.09,0.68,10.9,6,0
5.9,0.61,0.08,2.1,0.071,16.0,24.0,0.99376,3.56,0.77,11.1,6,0
8.8,0.685,0.26,1.6,0.088,16.0,23.0,0.99694,3.32,0.47,9.4,5,0
6.4,0.64,0.21,1.8,0.081,14.0,31.0,0.99689,3.59,0.66,9.8,5,0
9.3,0.43,0.44,1.9,0.085,9.0,22.0,0.99708,3.28,0.55,9.5,5,0
8.2,0.26,0.34,2.5,0.073,16.0,47.0,0.99594,3.4,0.78,11.3,7,0
8.8,0.61,0.19,4.0,0.094,30.0,69.0,0.99787,3.22,0.5,10.0,6,0
10.7,0.52,0.38,2.6,0.066,29.0,56.0,0.99577,3.15,0.79,12.1,7,0
10.1,0.45,0.23,1.9,0.082,10.0,18.0,0.99774,3.22,0.65,9.3,6,0
8.3,0.31,0.39,2.4,0.078,17.0,43.0,0.99444,3.31,0.77,12.5,7,0
8.3,1.02,0.02,3.4,0.084,6.0,11.0,0.99892,3.48,0.49,11.0,3,1
8.4,0.62,0.12,1.8,0.072,38.0,46.0,0.99504,3.38,0.89,11.8,6,0
8.6,0.22,0.36,1.9,0.064,53.0,77.0,0.99604,3.47,0.87,11.0,7,0
7.4,0.61,0.01,2.0,0.074,13.0,38.0,0.99748,3.48,0.65,9.8,5,0
9.8,0.5,0.34,2.3,0.094,10.0,45.0,0.99864,3.24,0.6,9.7,7,0
8.3,0.34,0.4,2.4,0.065,24.0,48.0,0.99554,3.34,0.86,11.0,6,0
9.0,0.38,0.41,2.4,0.103,6.0,10.0,0.99604,3.13,0.58,11.9,7,0
10.4,0.26,0.48,1.9,0.066,6.0,10.0,0.99724,3.33,0.87,10.9,6,0
10.1,0.38,0.5,2.4,0.104,6.0,13.0,0.99643,3.22,0.65,11.6,7,0
7.2,0.41,0.3,2.1,0.083,35.0,72.0,0.997,3.44,0.52,9.4,5,0
7.1,0.36,0.3,1.6,0.08,35.0,70.0,0.99693,3.44,0.5,9.4,5,0
6.4,0.69,0.0,1.65,0.055,7.0,12.0,0.99162,3.47,0.53,12.9,6,0
9.1,0.29,0.33,2.05,0.063,13.0,27.0,0.99516,3.26,0.84,11.7,7,0
8.9,0.28,0.45,1.7,0.067,7.0,12.0,0.99354,3.25,0.55,12.3,7,0
7.7,1.005,0.15,2.1,0.102,11.0,32.0,0.99604,3.23,0.48,10.0,5,0
10.5,0.39,0.46,2.2,0.075,14.0,27.0,0.99598,3.06,0.84,11.4,6,0
8.9,0.38,0.4,2.2,0.068,12.0,28.0,0.99486,3.27,0.75,12.6,7,0
8.0,0.62,0.35,2.8,0.086,28.0,52.0,0.997,3.31,0.62,10.8,5,0
7.2,0.35,0.26,1.8,0.083,33.0,75.0,0.9968,3.4,0.58,9.5,6,0
8.0,0.62,0.33,2.7,0.088,16.0,37.0,0.9972,3.31,0.58,10.7,6,0
7.0,0.54,0.09,2.0,0.081,10.0,16.0,0.99479,3.43,0.59,11.5,6,0
8.6,0.52,0.38,1.5,0.096,5.0,18.0,0.99666,3.2,0.52,9.4,5,0
7.4,0.49,0.27,2.1,0.071,14.0,25.0,0.99388,3.35,0.63,12.0,6,0
8.9,0.24,0.39,1.6,0.074,3.0,10.0,0.99698,3.12,0.59,9.5,6,0
5.8,0.29,0.26,1.7,0.063,3.0,11.0,0.9915,3.39,0.54,13.5,6,0
10.4,0.52,0.45,2.0,0.08,6.0,13.0,0.99774,3.22,0.76,11.4,6,0
8.2,0.51,0.24,2.0,0.079,16.0,86.0,0.99764,3.34,0.64,9.5,6,0
7.3,0.4,0.3,1.7,0.08,33.0,79.0,0.9969,3.41,0.65,9.5,6,0
8.2,0.35,0.33,2.4,0.076,11.0,47.0,0.99599,3.27,0.81,11.0,6,0
7.9,0.58,0.23,2.3,0.076,23.0,94.0,0.99686,3.21,0.58,9.5,6,0
7.2,0.36,0.46,2.1,0.074,24.0,44.0,0.99534,3.4,0.85,11.0,7,0
9.0,0.39,0.4,1.3,0.044,25.0,50.0,0.99478,3.2,0.83,10.9,6,0
10.9,0.32,0.52,1.8,0.132,17.0,44.0,0.99734,3.28,0.77,11.5,6,0
5.1,0.42,0.0,1.8,0.044,18.0,88.0,0.99157,3.68,0.73,13.6,7,0
7.0,0.6,0.3,4.5,0.068,20.0,110.0,0.99914,3.3,1.17,10.2,5,0
6.8,0.68,0.09,3.9,0.068,15.0,29.0,0.99524,3.41,0.52,11.1,4,1
6.5,0.52,0.11,1.8,0.073,13.0,38.0,0.9955,3.34,0.52,9.3,5,0
6.0,0.5,0.0,1.4,0.057,15.0,26.0,0.99448,3.36,0.45,9.5,5,0
8.2,0.44,0.24,2.3,0.063,10.0,28.0,0.99613,3.25,0.53,10.2,6,0
11.6,0.475,0.4,1.4,0.091,6.0,28.0,0.99704,3.07,0.65,10.0333333333333,6,0
7.5,0.57,0.02,2.6,0.077,11.0,35.0,0.99557,3.36,0.62,10.8,6,0
6.6,0.64,0.31,6.1,0.083,7.0,49.0,0.99718,3.35,0.68,10.3,5,0
7.9,0.69,0.21,2.1,0.08,33.0,141.0,0.9962,3.25,0.51,9.9,5,0
8.1,0.29,0.36,2.2,0.048,35.0,53.0,0.995,3.27,1.01,12.4,7,0
6.4,0.53,0.09,3.9,0.123,14.0,31.0,0.9968,3.5,0.67,11.0,4,1
6.9,0.58,0.01,1.9,0.08,40.0,54.0,0.99683,3.4,0.73,9.7,5,0
7.8,0.32,0.44,2.7,0.104,8.0,17.0,0.99732,3.33,0.78,11.0,7,0
6.8,0.59,0.1,1.7,0.063,34.0,53.0,0.9958,3.41,0.67,9.7,5,0
7.1,0.875,0.05,5.7,0.082,3.0,14.0,0.99808,3.4,0.52,10.2,3,1
8.2,0.28,0.6,3.0,0.104,10.0,22.0,0.99828,3.39,0.68,10.6,5,0
8.1,0.33,0.44,1.5,0.042,6.0,12.0,0.99542,3.35,0.61,10.7,5,0
7.0,0.655,0.16,2.1,0.074,8.0,25.0,0.99606,3.37,0.55,9.7,5,0
6.6,0.895,0.04,2.3,0.068,7.0,13.0,0.99582,3.53,0.58,10.8,6,0
6.8,0.81,0.05,2.0,0.07,6.0,14.0,0.99562,3.51,0.66,10.8,6,0
7.1,0.69,0.04,2.1,0.068,19.0,27.0,0.99712,3.44,0.67,9.8,5,0
6.6,0.7,0.08,2.6,0.106,14.0,27.0,0.99665,3.44,0.58,10.2,5,0
8.4,0.37,0.43,2.3,0.063,12.0,19.0,0.9955,3.17,0.81,11.2,7,0
7.0,0.57,0.02,2.0,0.072,17.0,26.0,0.99575,3.36,0.61,10.2,5,0
6.4,0.36,0.53,2.2,0.23,19.0,35.0,0.9934,3.37,0.93,12.4,6,0
7.5,0.52,0.4,2.2,0.06,12.0,20.0,0.99474,3.26,0.64,11.8,6,0
6.2,0.56,0.09,1.7,0.053,24.0,32.0,0.99402,3.54,0.6,11.3,5,0
7.2,0.66,0.33,2.5,0.068,34.0,102.0,0.99414,3.27,0.78,12.8,6,0
