7.9,0.6,0.06,1.6,0.069,15.0,59.0,0.9964,3.3,0.46,9.4,5,0
7.5,0.5,0.36,6.1,0.071,17.0,102.0,0.9978,3.35,0.8,10.5,5,0
7.1,0.71,0.0,1.9,0.08,14.0,35.0,0.9972,3.47,0.55,9.4,5,0
8.1,0.38,0.28,2.1,0.066,13.0,30.0,0.9968,3.23,0.73,9.7,7,0
7.3,0.45,0.36,5.9,0.074,12.0,87.0,0.9978,3.33,0.83,10.5,5,0
7.3,0.39,0.31,2.4,0.074,9.0,46.0,0.9962,3.41,0.54,9.4,6,0
7.0,0.735,0.05,2.0,0.081,13.0,54.0,0.9966,3.39,0.57,9.8,5,0
7.2,0.725,0.05,4.65,0.086,4.0,11.0,0.9962,3.41,0.39,10.9,5,0
8.8,0.41,0.64,2.2,0.093,9.0,42.0,0.9986,3.54,0.66,10.5,5,0
4.7,0.6,0.17,2.3,0.058,17.0,106.0,0.9932,3.85,0.6,12.9,6,0
7.2,0.49,0.24,2.2,0.07,5.0,36.0,0.996,3.33,0.48,9.4,5,0
8.1,0.575,0.22,2.1,0.077,12.0,65.0,0.9967,3.29,0.51,9.2,5,0
7.8,0.41,0.68,1.7,0.467,18.0,69.0,0.9973,3.08,1.31,9.3,5,0
6.1,0.38,0.15,1.8,0.072,6.0,19.0,0.9955,3.42,0.57,9.4,5,0
5.6,0.5,0.09,2.3,0.049,17.0,99.0,0.9937,3.63,0.63,13.0,5,0
7.2,0.415,0.36,2.0,0.081,13.0,45.0,0.9972,3.48,0.64,9.2,5,0
7.8,0.59,0.33,2.0,0.074,24.0,120.0,0.9968,3.25,0.54,9.4,5,0
6.9,1.09,0.06,2.1,0.061,12.0,31.0,0.9948,3.51,0.43,11.4,4,1
7.8,0.44,0.28,2.7,0.1,18.0,95.0,0.9966,3.22,0.67,9.4,5,0
7.8,0.735,0.08,2.4,0.092,10.0,41.0,0.9974,3.24,0.71,9.8,6,0
7.5,0.49,0.19,1.9,0.076,10.0,44.0,0.9957,3.39,0.54,9.7,5,0
7.2,0.63,0.0,1.9,0.097,14.0,38.0,0.99675,3.37,0.58,9.0,6,0
8.9,0.635,0.37,1.7,0.263,5.0,62.0,0.9971,3.0,1.09,9.3,5,0
12.0,0.38,0.56,2.1,0.093,6.0,24.0,0.99925,3.14,0.71,10.9,6,0
11.1,0.35,0.48,3.1,0.09,5.0,21.0,0.9986,3.17,0.53,10.5,5,0
7.7,0.41,0.76,1.8,0.611,8.0,45.0,0.9968,3.06,1.26,9.4,5,0
8.9,0.4,0.32,5.6,0.087,10.0,47.0,0.9991,3.38,0.77,10.5,7,0
7.6,0.52,0.12,3.0,0.067,12.0,53.0,0.9971,3.36,0.57,9.1,5,0
8.9,0.4,0.32,5.6,0.087,10.0,47.0,0.9991,3.38,0.77,10.5,7,0
12.0,0.45,0.55,2.0,0.073,25.0,49.0,0.9997,3.1,0.76,10.3,6,0
7.5,0.4,0.12,3.0,0.092,29.0,53.0,0.9967,3.37,0.7,10.3,6,0
10.6,0.83,0.37,2.6,0.086,26.0,70.0,0.9981,3.16,0.52,9.9,5,0
7.9,0.53,0.24,2.0,0.072,15.0,105.0,0.996,3.27,0.54,9.4,6,0
8.4,0.56,0.08,2.1,0.105,16.0,44.0,0.9958,3.13,0.52,11.0,5,0
11.9,0.695,0.53,3.4,0.128,7.0,21.0,0.9992,3.17,0.84,12.2,7,0
6.1,0.21,0.4,1.4,0.066,40.5,165.0,0.9912,3.25,0.59,11.9,6,0
11.9,0.58,0.66,2.5,0.072,6.0,37.0,0.9992,3.05,0.56,10.0,5,0
11.5,0.54,0.71,4.4,0.124,6.0,15.0,0.9984,3.01,0.83,11.8,7,0
11.5,0.45,0.5,3.0,0.078,19.0,47.0,1.0003,3.26,1.11,11.0,6,0
9.6,0.38,0.31,2.5,0.096,16.0,49.0,0.9982,3.19,0.7,10.0,7,0
8.0,0.67,0.3,2.0,0.06,38.0,62.0,0.9958,3.26,0.56,10.2,6,0
8.7,0.82,0.02,1.2,0.07,36.0,48.0,0.9952,3.2,0.58,9.8,5,0
9.4,0.3,0.56,2.8,0.08,6.0,17.0,0.9964,3.15,0.92,11.7,8,0
10.2,0.67,0.39,1.9,0.054,6.0,17.0,0.9976,3.17,0.47,10.0,5,0
7.8,0.52,0.25,1.9,0.081,14.0,38.0,0.9984,3.43,0.65,9.0,6,0
10.4,0.44,0.73,6.55,0.074,38.0,76.0,0.999,3.17,0.85,12.0,7,0
10.5,0.26,0.47,1.9,0.078,6.0,24.0,0.9976,3.18,1.04,10.9,7,0
10.5,0.51,0.64,2.4,0.107,6.0,15.0,0.9973,3.09,0.66,11.8,7,0
10.9,0.21,0.49,2.8,0.088,11.0,32.0,0.9972,3.22,0.68,11.7,6,0
7.6,0.41,0.49,2.0,0.088,16.0,43.0,0.998,3.48,0.64,9.1,5,0
9.9,0.63,0.24,2.4,0.077,6.0,33.0,0.9974,3.09,0.57,9.4,5,0
11.9,0.38,0.49,2.7,0.098,12.0,42.0,1.0004,3.16,0.61,10.3,5,0
9.0,0.53,0.49,1.9,0.171,6.0,25.0,0.9975,3.27,0.61,9.4,6,0
6.8,0.51,0.01,2.1,0.074,9.0,25.0,0.9958,3.33,0.56,9.5,6,0
10.9,0.53,0.49,4.6,0.118,10.0,17.0,1.0002,3.07,0.56,11.7,6,0
13.0,0.47,0.49,4.3,0.085,6.0,47.0,1.0021,3.3,0.68,12.7,6,0
12.3,0.27,0.49,3.1,0.079,28.0,46.0,0.9993,3.2,0.8,10.2,6,0
11.8,0.33,0.49,3.4,0.093,54.0,80.0,1.0002,3.3,0.76,10.7,7,0
11.1,0.31,0.49,2.7,0.094,16.0,47.0,0.9986,3.12,1.02,10.6,7,0
9.0,0.45,0.49,2.6,0.084,21.0,75.0,0.9987,3.35,0.57,9.7,5,0
7.3,0.67,0.05,3.6,0.107,6.0,20.0,0.9972,3.4,0.63,10.1,5,0
9.8,0.98,0.32,2.3,0.078,35.0,152.0,0.998,3.25,0.48,9.4,5,0
7.4,1.185,0.0,4.25,0.097,5.0,14.0,0.9966,3.63,0.54,10.7,3,1
9.0,0.48,0.32,2.8,0.084,21.0,122.0,0.9984,3.32,0.62,9.4,5,0
10.6,1.02,0.43,2.9,0.076,26.0,88.0,0.9984,3.08,0.57,10.1,6,0
7.4,0.49,0.19,3.0,0.077,16.0,37.0,0.9966,3.37,0.51,10.5,5,0
7.2,0.49,0.18,2.7,0.069,13.0,34.0,0.9967,3.29,0.48,9.2,6,0
8.0,0.43,0.36,2.3,0.075,10.0,48.0,0.9976,3.34,0.46,9.4,5,0
7.1,0.66,0.0,3.9,0.086,17.0,45.0,0.9976,3.46,0.54,9.5,5,0
8.2,0.59,0.0,2.5,0.093,19.0,58.0,1.0002,3.5,0.65,9.3,6,0
6.3,0.98,0.01,2.0,0.057,15.0,33.0,0.99488,3.6,0.46,11.2,6,0
8.1,0.87,0.0,2.2,0.084,10.0,31.0,0.99656,3.25,0.5,9.8,5,0
9.0,0.58,0.25,2.8,0.075,9.0,104.0,0.99779,3.23,0.57,9.7,5,0
9.9,0.35,0.41,2.3,0.083,11.0,61.0,0.9982,3.21,0.5,9.5,5,0
10.8,0.89,0.3,2.6,0.132,7.0,60.0,0.99786,2.99,1.18,10.2,5,0
7.6,0.48,0.31,2.8,0.07,4.0,15.0,0.99693,3.22,0.55,10.3,6,0
7.3,0.49,0.1,2.6,0.068,4.0,14.0,0.99562,3.3,0.47,10.5,5,0
7.0,0.685,0.0,1.9,0.099,9.0,22.0,0.99606,3.34,0.6,9.7,5,0
6.7,0.28,0.28,2.4,0.012,36.0,100.0,0.99064,3.26,0.39,11.7,7,0
7.4,0.68,0.16,1.8,0.078,12.0,39.0,0.9977,3.5,0.7,9.9,6,0
8.0,0.42,0.32,2.5,0.08,26.0,122.0,0.99801,3.22,1.07,9.7,5,0
7.2,0.62,0.06,2.7,0.077,15.0,85.0,0.99746,3.51,0.54,9.5,5,0
10.7,0.9,0.34,6.6,0.112,23.0,99.0,1.00289,3.22,0.68,9.3,5,0
8.9,0.31,0.36,2.6,0.056,10.0,39.0,0.99562,3.4,0.69,11.8,5,0
9.2,0.58,0.2,3.0,0.081,15.0,115.0,0.998,3.23,0.59,9.5,5,0
7.4,0.52,0.13,2.4,0.078,34.0,61.0,0.99528,3.43,0.59,10.8,6,0
10.0,0.46,0.44,2.9,0.065,4.0,8.0,0.99674,3.33,0.62,12.2,6,0
9.6,0.41,0.37,2.3,0.091,10.0,23.0,0.99786,3.24,0.56,10.5,5,0
8.6,0.47,0.27,2.3,0.055,14.0,28.0,0.99516,3.18,0.8,11.2,5,0
6.4,0.57,0.12,2.3,0.12,25.0,36.0,0.99519,3.47,0.71,11.3,7,0
7.3,0.52,0.32,2.1,0.07,51.0,70.0,0.99418,3.34,0.82,12.9,6,0
6.5,0.4,0.1,2.0,0.076,30.0,47.0,0.99554,3.36,0.48,9.4,6,0
6.4,0.795,0.0,2.2,0.065,28.0,52.0,0.99378,3.49,0.52,11.6,5,0
8.7,0.41,0.41,6.2,0.078,25.0,42.0,0.9953,3.24,0.77,12.6,7,0
8.9,0.5,0.21,2.2,0.088,21.0,39.0,0.99692,3.33,0.83,11.1,6,0
8.9,0.5,0.21,2.2,0.088,21.0,39.0,0.99692,3.33,0.83,11.1,6,0
5.6,0.605,0.05,2.4,0.073,19.0,25.0,0.99258,3.56,0.55,12.9,5,0
11.1,0.31,0.53,2.2,0.06,3.0,10.0,0.99572,3.02,0.83,10.9,7,0
11.1,0.31,0.53,2.2,0.06,3.0,10.0,0.99572,3.02,0.83,10.9,7,0
6.8,0.48,0.08,1.8,0.074,40.0,64.0,0.99529,3.12,0.49,9.6,5,0
11.6,0.41,0.54,1.5,0.095,22.0,41.0,0.99735,3.02,0.76,9.9,7,0
9.2,0.31,0.36,2.2,0.079,11.0,31.0,0.99615,3.33,0.86,12.0,7,0
6.6,0.725,0.09,5.5,0.117,9.0,17.0,0.99655,3.35,0.49,10.8,6,0
6.6,0.725,0.09,5.5,0.117,9.0,17.0,0.99655,3.35,0.49,10.8,6,0
8.6,0.52,0.38,1.5,0.096,5.0,18.0,0.99666,3.2,0.52,9.4,5,0
8.3,0.53,0.0,1.4,0.07,6.0,14.0,0.99593,3.25,0.64,10.0,6,0
7.0,0.69,0.07,2.5,0.091,15.0,21.0,0.99572,3.38,0.6,11.3,6,0
5.6,0.66,0.0,2.5,0.066,7.0,15.0,0.99256,3.52,0.58,12.9,5,0
5.9,0.19,0.21,1.7,0.045,57.0,135.0,0.99341,3.32,0.44,9.5,5,0
7.2,0.48,0.07,5.5,0.089,10.0,18.0,0.99684,3.37,0.68,11.2,7,0
6.1,0.58,0.23,2.5,0.044,16.0,70.0,0.99352,3.46,0.65,12.5,6,0
10.6,0.36,0.57,2.3,0.087,6.0,20.0,0.99676,3.14,0.72,11.1,7,0
8.2,0.33,0.39,2.5,0.074,29.0,48.0,0.99528,3.32,0.88,12.4,7,0
9.7,0.42,0.46,2.1,0.074,5.0,16.0,0.99649,3.27,0.74,12.3,6,0
7.1,0.66,0.0,2.4,0.052,6.0,11.0,0.99318,3.35,0.66,12.7,7,0
8.2,0.35,0.33,2.4,0.076,11.0,47.0,0.99599,3.27,0.81,11.0,6,0
10.2,0.4,0.4,2.5,0.068,41.0,54.0,0.99754,3.38,0.86,10.5,6,0
6.8,0.65,0.02,2.1,0.078,8.0,15.0,0.99498,3.35,0.62,10.4,6,0
8.2,0.4,0.31,1.9,0.082,8.0,24.0,0.996,3.24,0.69,10.6,6,0
10.5,0.36,0.47,2.2,0.074,9.0,23.0,0.99638,3.23,0.76,12.0,6,0
7.8,0.815,0.01,2.6,0.074,48.0,90.0,0.99621,3.38,0.62,10.8,5,0
10.2,0.23,0.37,2.2,0.057,14.0,36.0,0.99614,3.23,0.49,9.3,4,1
5.9,0.29,0.25,13.4,0.067,72.0,160.0,0.99721,3.33,0.54,10.3,6,0
7.4,0.55,0.19,1.8,0.082,15.0,34.0,0.99655,3.49,0.68,10.5,5,0
8.2,0.78,0.0,2.2,0.089,13.0,26.0,0.9978,3.37,0.46,9.6,4,1
8.0,0.715,0.22,2.3,0.075,13.0,81.0,0.99688,3.24,0.54,9.5,6,0
5.9,0.395,0.13,2.4,0.056,14.0,28.0,0.99362,3.62,0.67,12.4,6,0
5.7,0.6,0.0,1.4,0.063,11.0,18.0,0.99191,3.45,0.56,12.2,6,0
6.7,0.86,0.07,2.0,0.1,20.0,57.0,0.99598,3.6,0.74,11.7,6,0
11.5,0.42,0.48,2.6,0.077,8.0,20.0,0.99852,3.09,0.53,11.0,5,0
9.0,0.6,0.29,2.0,0.069,32.0,73.0,0.99654,3.34,0.57,10.0,5,0
11.6,0.475,0.4,1.4,0.091,6.0,28.0,0.99704,3.07,0.65,10.0333333333333,6,0
7.5,0.58,0.56,3.1,0.153,5.0,14.0,0.99476,3.21,1.03,11.6,6,0
6.8,0.815,0.0,1.2,0.267,16.0,29.0,0.99471,3.32,0.51,9.8,3,1
7.1,0.62,0.06,1.3,0.07,5.0,12.0,0.9942,3.17,0.48,9.8,5,0
8.6,0.685,0.1,1.6,0.092,3.0,12.0,0.99745,3.31,0.65,9.55,6,0
8.0,0.5,0.39,2.6,0.082,12.0,46.0,0.9985,3.43,0.62,10.7,6,0
6.0,0.51,0.0,2.1,0.064,40.0,54.0,0.995,3.54,0.93,10.7,6,0
6.6,0.96,0.0,1.8,0.082,5.0,16.0,0.9936,3.5,0.44,11.9,6,0
9.9,0.57,0.25,2.0,0.104,12.0,89.0,0.9963,3.04,0.9,10.1,5,0
10.0,0.32,0.59,2.2,0.077,3.0,15.0,0.9994,3.2,0.78,9.6,5,0
8.3,0.26,0.37,1.4,0.076,8.0,23.0,0.9974,3.26,0.7,9.6,6,0
7.6,0.41,0.33,2.5,0.078,6.0,23.0,0.9957,3.3,0.58,11.2,5,0
10.0,0.38,0.38,1.6,0.169,27.0,90.0,0.99914,3.15,0.65,8.5,5,0
6.9,0.58,0.2,1.75,0.058,8.0,22.0,0.99322,3.38,0.49,11.7,5,0
6.6,0.58,0.02,2.0,0.062,37.0,53.0,0.99374,3.35,0.76,11.6,7,0
6.0,0.54,0.06,1.8,0.05,38.0,89.0,0.99236,3.3,0.5,10.55,6,0
7.9,0.2,0.35,1.7,0.054,7.0,15.0,0.99458,3.32,0.8,11.9,7,0
6.4,0.42,0.09,2.3,0.054,34.0,64.0,0.99724,3.41,0.68,10.4,6,0
5.6,0.62,0.03,1.5,0.08,6.0,13.0,0.99498,3.66,0.62,10.1,4,1
6.2,0.57,0.1,2.1,0.048,4.0,11.0,0.99448,3.44,0.76,10.8,6,0
7.5,0.725,0.04,1.5,0.076,8.0,15.0,0.99508,3.26,0.53,9.6,5,0
7.5,0.38,0.57,2.3,0.106,5.0,12.0,0.99605,3.36,0.55,11.4,6,0
7.4,0.47,0.46,2.2,0.114,7.0,20.0,0.99647,3.32,0.63,10.5,5,0
6.5,0.53,0.06,2.0,0.063,29.0,44.0,0.99489,3.38,0.83,10.3,6,0
7.1,0.67,0.0,2.3,0.083,18.0,27.0,0.99768,3.44,0.54,9.4,5,0
6.6,0.855,0.02,2.4,0.062,15.0,23.0,0.99627,3.54,0.6,11.0,6,0
7.8,0.6,0.26,2.0,0.08,31.0,131.0,0.99622,3.21,0.52,9.9,5,0
6.7,0.16,0.64,2.1,0.059,24.0,52.0,0.99494,3.34,0.71,11.2,6,0
7.4,0.35,0.33,2.4,0.068,9.0,26.0,0.9947,3.36,0.6,11.9,6,0
