8.1,0.28,0.4,6.9,0.05,30.0,97.0,0.9951,3.26,0.44,10.1,6,0
6.3,0.48,0.04,1.1,0.046,30.0,99.0,0.9928,3.24,0.36,9.6,6,0
6.2,0.66,0.48,1.2,0.029,29.0,75.0,0.9892,3.33,0.39,12.8,8,0
7.0,0.28,0.39,8.7,0.051,32.0,141.0,0.9961,3.38,0.53,10.5,6,0
7.4,0.18,0.31,1.4,0.058,38.0,167.0,0.9931,3.16,0.53,10.0,7,0
6.2,0.46,0.25,4.4,0.066,62.0,207.0,0.9939,3.25,0.52,9.8,5,0
7.0,0.31,0.26,7.4,0.069,28.0,160.0,0.9954,3.13,0.46,9.8,6,0
7.2,0.19,0.31,1.6,0.062,31.0,173.0,0.9917,3.35,0.44,11.7,6,0
7.4,0.2,0.36,1.2,0.038,44.0,111.0,0.9926,3.36,0.34,9.9,6,0
6.0,0.27,0.28,4.8,0.063,31.0,201.0,0.9964,3.69,0.71,10.0,5,0
7.4,0.24,0.29,10.1,0.05,21.0,105.0,0.9962,3.13,0.35,9.5,5,0
8.6,0.265,0.36,1.2,0.034,15.0,80.0,0.9913,2.95,0.36,11.4,7,0
9.8,0.36,0.46,10.5,0.038,4.0,83.0,0.9956,2.89,0.3,10.1,4,1
7.1,0.23,0.35,16.5,0.04,60.0,171.0,0.999,3.16,0.59,9.1,6,0
7.8,0.24,0.32,12.2,0.054,42.0,138.0,0.9984,3.01,0.54,8.8,5,0
6.1,0.3,0.56,2.7,0.046,46.0,184.0,0.9924,3.31,0.57,10.9,6,0
7.1,0.37,0.67,10.5,0.045,49.0,155.0,0.9975,3.16,0.44,8.7,5,0
7.4,0.24,0.42,14.0,0.066,48.0,198.0,0.9979,2.89,0.42,8.9,6,0
5.2,0.44,0.04,1.4,0.036,43.0,119.0,0.9894,3.36,0.33,12.1,8,0
7.4,0.24,0.42,14.0,0.066,48.0,198.0,0.9979,2.89,0.42,8.9,6,0
6.4,0.33,0.31,5.5,0.048,42.0,173.0,0.9951,3.19,0.66,9.3,6,0
7.1,0.34,0.15,1.2,0.053,61.0,183.0,0.9936,3.09,0.43,9.2,5,0
5.9,0.3,0.23,4.2,0.038,42.0,119.0,0.9924,3.15,0.5,11.0,5,0
6.8,0.28,0.36,8.0,0.045,28.0,123.0,0.9928,3.02,0.37,11.4,6,0
6.4,0.29,0.44,3.6,0.197,75.0,183.0,0.9942,3.01,0.38,9.1,5,0
6.8,0.18,0.38,1.4,0.038,35.0,111.0,0.9918,3.32,0.59,11.2,7,0
6.3,0.495,0.22,1.8,0.046,31.0,140.0,0.9929,3.39,0.54,10.4,6,0
7.1,0.25,0.32,10.3,0.041,66.0,272.0,0.9969,3.17,0.52,9.1,6,0
6.3,0.35,0.3,5.7,0.035,8.0,97.0,0.9927,3.27,0.41,11.0,7,0
6.6,0.19,0.41,8.9,0.046,51.0,169.0,0.9954,3.14,0.57,9.8,6,0
7.1,0.35,0.24,15.4,0.055,46.0,198.0,0.9988,3.12,0.49,8.8,5,0
9.1,0.59,0.38,1.6,0.066,34.0,182.0,0.9968,3.23,0.38,8.5,3,1
8.3,0.2,0.35,0.9,0.05,12.0,74.0,0.992,3.13,0.38,10.5,6,0
7.3,0.41,0.24,6.8,0.057,41.0,163.0,0.9949,3.2,0.41,9.9,6,0
6.1,0.36,0.27,2.1,0.035,16.0,100.0,0.9917,3.4,0.71,11.5,7,0
5.0,0.55,0.14,8.3,0.032,35.0,164.0,0.9918,3.53,0.51,12.5,8,0
6.6,0.24,0.35,7.7,0.031,36.0,135.0,0.9938,3.19,0.37,10.5,5,0
6.4,0.34,0.23,6.3,0.039,37.0,143.0,0.9944,3.19,0.65,10.0,6,0
7.2,0.21,0.41,1.3,0.036,33.0,85.0,0.992,3.17,0.51,10.4,5,0
5.6,0.26,0.26,5.7,0.031,12.0,80.0,0.9923,3.25,0.38,10.8,5,0
6.3,0.23,0.33,1.5,0.036,15.0,105.0,0.991,3.32,0.42,11.2,6,0
7.2,0.27,0.27,2.4,0.048,30.0,149.0,0.9936,3.1,0.51,9.2,6,0
5.1,0.33,0.22,1.6,0.027,18.0,89.0,0.9893,3.51,0.38,12.5,7,0
6.1,0.55,0.15,9.8,0.031,19.0,125.0,0.9957,3.36,0.47,10.2,6,0
8.2,0.28,0.42,1.8,0.031,30.0,93.0,0.9917,3.09,0.39,11.4,5,0
6.8,0.22,0.31,6.3,0.035,33.0,170.0,0.9918,3.24,0.66,12.6,6,0
5.8,0.28,0.34,4.0,0.031,40.0,99.0,0.9896,3.39,0.39,12.8,7,0
7.2,0.19,0.39,1.2,0.036,32.0,85.0,0.9918,3.16,0.5,10.5,5,0
7.0,0.22,0.31,2.7,0.03,41.0,136.0,0.9898,3.16,0.37,12.7,7,0
7.1,0.31,0.47,13.6,0.056,54.0,197.0,0.9978,3.1,0.49,9.3,5,0
6.9,0.2,0.37,6.2,0.027,24.0,97.0,0.992,3.38,0.49,12.2,7,0
6.5,0.41,0.24,14.0,0.048,24.0,113.0,0.9982,3.44,0.53,9.8,6,0
6.4,0.41,0.24,14.0,0.048,24.0,113.0,0.9982,3.44,0.53,9.8,6,0
6.0,0.37,0.32,1.0,0.053,31.0,218.5,0.9924,3.29,0.72,9.8,6,0
7.2,0.29,0.53,18.15,0.047,59.0,182.0,0.9992,3.09,0.52,9.6,5,0
6.7,0.47,0.34,8.9,0.043,31.0,172.0,0.9964,3.22,0.6,9.2,5,0
7.2,0.4,0.62,10.8,0.041,70.0,189.0,0.9976,3.08,0.49,8.6,4,1
7.2,0.4,0.62,10.8,0.041,70.0,189.0,0.9976,3.08,0.49,8.6,4,1
7.8,0.18,0.31,12.2,0.053,46.0,140.0,0.998,3.06,0.53,8.9,6,0
6.0,0.24,0.27,1.9,0.048,40.0,170.0,0.9938,3.64,0.54,10.0,7,0
7.4,0.36,0.33,1.4,0.025,27.0,55.0,0.9915,3.21,0.33,11.2,6,0
5.2,0.36,0.02,1.6,0.031,24.0,104.0,0.9896,3.44,0.35,12.2,6,0
6.3,0.26,0.24,7.2,0.039,38.0,172.0,0.9958,3.49,0.64,9.7,6,0
5.9,0.37,0.1,1.6,0.057,39.0,128.0,0.9924,3.24,0.48,10.1,5,0
7.4,0.3,0.22,1.4,0.046,16.0,135.0,0.9928,3.08,0.77,10.4,7,0
7.0,0.29,0.37,4.9,0.034,26.0,127.0,0.9928,3.17,0.44,10.8,6,0
6.3,0.26,0.49,1.5,0.052,34.0,134.0,0.9924,2.99,0.61,9.8,6,0
6.5,0.36,0.28,3.2,0.037,29.0,119.0,0.9908,3.25,0.65,12.4,8,0
6.5,0.26,0.43,8.9,0.083,50.0,171.0,0.9965,2.85,0.5,9.0,5,0
7.1,0.26,0.34,14.4,0.067,35.0,189.0,0.9986,3.07,0.53,9.1,7,0
7.1,0.28,0.26,1.9,0.049,12.0,86.0,0.9934,3.15,0.38,9.4,5,0
6.4,0.24,0.5,11.6,0.047,60.0,211.0,0.9966,3.18,0.57,9.3,5,0
7.1,0.32,0.34,14.5,0.039,46.0,150.0,0.995,3.38,0.5,12.5,8,0
6.4,0.32,0.5,10.7,0.047,57.0,206.0,0.9968,3.08,0.6,9.4,5,0
5.9,0.25,0.25,11.3,0.052,30.0,165.0,0.997,3.24,0.44,9.5,6,0
7.5,0.31,0.51,14.8,0.039,62.0,204.0,0.9982,3.06,0.6,9.5,5,0
8.6,0.27,0.46,6.1,0.032,13.0,41.0,0.993,2.89,0.34,10.9,5,0
6.1,0.25,0.24,12.1,0.046,51.0,172.0,0.998,3.35,0.45,9.5,5,0
6.5,0.23,0.33,13.8,0.042,25.0,139.0,0.99695,3.35,0.56,10.4,6,0
6.6,0.25,0.3,14.4,0.052,40.0,183.0,0.998,3.02,0.5,9.1,6,0
6.8,0.22,0.37,15.2,0.051,68.0,178.0,0.99935,3.4,0.85,9.3,6,0
5.0,0.44,0.04,18.6,0.039,38.0,128.0,0.9985,3.37,0.57,10.2,6,0
6.7,0.11,0.34,8.8,0.043,41.0,113.0,0.9962,3.42,0.4,9.3,7,0
9.1,0.27,0.45,10.6,0.035,28.0,124.0,0.997,3.2,0.46,10.4,9,0
7.4,0.32,0.27,1.4,0.049,38.0,173.0,0.99335,3.03,0.52,9.3,5,0
7.8,0.27,0.58,11.2,0.036,44.0,161.0,0.9977,3.06,0.41,8.9,6,0
6.4,0.31,0.26,13.2,0.046,57.0,205.0,0.9975,3.17,0.41,9.6,5,0
6.2,0.29,0.26,13.1,0.046,55.0,204.0,0.99745,3.16,0.41,9.6,6,0
6.4,0.35,0.28,1.1,0.055,9.0,160.0,0.99405,3.42,0.5,9.1,7,0
7.9,0.35,0.24,15.6,0.072,44.0,229.0,0.99785,3.03,0.59,10.5,6,0
6.7,0.19,0.23,6.2,0.047,36.0,117.0,0.9945,3.34,0.43,9.6,6,0
7.0,0.21,0.37,7.2,0.042,36.0,167.0,0.9958,3.26,0.56,9.8,6,0
7.3,0.21,0.29,1.6,0.034,29.0,118.0,0.9917,3.3,0.5,11.0,8,0
6.6,0.22,0.37,15.4,0.035,62.0,153.0,0.99845,3.02,0.4,9.3,5,0
9.2,0.34,0.27,1.2,0.026,17.0,73.0,0.9921,3.08,0.39,10.8,5,0
6.9,0.18,0.36,1.3,0.036,40.0,117.0,0.9934,3.27,0.95,9.5,7,0
7.4,0.2,0.35,2.1,0.038,30.0,116.0,0.9949,3.49,0.77,10.3,7,0
8.2,0.38,0.49,13.6,0.042,58.0,166.0,0.99855,3.1,0.54,9.4,5,0
6.6,0.3,0.3,4.8,0.17,60.0,166.0,0.9946,3.18,0.47,9.4,5,0
6.1,0.27,0.33,2.2,0.021,26.0,117.0,0.9886,3.12,0.3,12.5,6,0
7.8,0.18,0.46,12.6,0.042,41.0,143.0,1.0,3.24,0.76,8.5,8,0
7.3,0.24,0.29,1.2,0.037,37.0,97.0,0.9926,3.19,0.7,10.1,6,0
6.2,0.16,0.54,1.4,0.126,37.0,110.0,0.9932,3.23,0.37,8.9,6,0
6.1,0.34,0.27,2.6,0.024,20.0,105.0,0.9906,3.4,0.67,12.2,7,0
7.3,0.26,0.31,1.6,0.04,39.0,173.0,0.9918,3.19,0.51,11.4,6,0
5.9,0.31,0.3,7.7,0.047,60.0,206.0,0.995,3.2,0.39,9.6,6,0
8.0,0.23,0.37,9.6,0.054,23.0,159.0,0.99795,3.32,0.47,9.8,4,1
6.3,0.33,0.2,5.8,0.04,24.0,144.0,0.99425,3.15,0.63,9.9,5,0
8.6,0.18,0.4,1.1,0.04,20.0,107.0,0.9923,2.94,0.32,10.2,7,0
7.7,0.32,0.62,10.6,0.036,56.0,153.0,0.9978,3.13,0.44,8.9,6,0
7.3,0.24,0.34,15.4,0.05,38.0,174.0,0.9983,3.03,0.42,9.0,6,0
7.1,0.13,0.38,1.8,0.046,14.0,114.0,0.9925,3.32,0.9,11.7,6,0
6.0,0.2,0.71,1.6,0.15,10.0,54.0,0.9927,3.12,0.47,9.8,5,0
5.1,0.39,0.21,1.7,0.027,15.0,72.0,0.9894,3.5,0.45,12.5,6,0
8.6,0.18,0.36,1.8,0.04,24.0,187.0,0.9956,3.25,0.55,9.5,6,0
8.0,0.24,0.3,17.45,0.056,43.0,184.0,0.9997,3.05,0.5,9.2,6,0
6.2,0.34,0.29,7.6,0.047,45.0,232.0,0.9955,3.35,0.62,10.0,6,0
7.5,0.33,0.48,19.45,0.048,55.0,243.0,1.001,2.95,0.4,8.8,5,0
8.6,0.26,0.41,2.2,0.049,29.0,111.0,0.9941,2.96,0.44,10.0,5,0
7.5,0.28,0.33,7.7,0.048,42.0,180.0,0.9974,3.37,0.59,10.1,6,0
6.5,0.26,0.34,16.3,0.051,56.0,197.0,1.0004,3.49,0.42,9.8,5,0
6.3,0.27,0.25,5.8,0.038,52.0,155.0,0.995,3.28,0.38,9.4,6,0
5.2,0.24,0.45,3.8,0.027,21.0,128.0,0.992,3.55,0.49,11.2,8,0
6.1,0.29,0.27,1.7,0.024,13.0,76.0,0.9893,3.21,0.51,12.6,7,0
6.4,0.5,0.16,12.9,0.042,26.0,138.0,0.9974,3.28,0.33,9.0,5,0
7.9,0.25,0.29,5.3,0.031,33.0,117.0,0.9918,3.06,0.32,11.8,7,0
7.2,0.24,0.3,1.6,0.048,27.0,131.0,0.9933,3.25,0.45,10.5,5,0
5.3,0.395,0.07,1.3,0.035,26.0,102.0,0.992,3.5,0.35,10.6,6,0
5.7,0.26,0.27,4.1,0.201,73.5,189.5,0.9942,3.27,0.38,9.4,6,0
7.8,0.3,0.29,16.85,0.054,23.0,135.0,0.9998,3.16,0.38,9.0,6,0
7.9,0.46,0.32,4.1,0.033,40.0,138.0,0.9912,3.18,0.44,12.8,7,0
7.3,0.22,0.4,14.75,0.042,44.5,129.5,0.9998,3.36,0.41,9.1,7,0
5.9,0.4,0.32,6.0,0.034,50.0,127.0,0.992,3.51,0.58,12.5,7,0
7.2,0.23,0.39,2.3,0.033,29.0,102.0,0.9908,3.26,0.54,12.3,7,0
5.6,0.245,0.32,1.1,0.047,24.0,152.0,0.9927,3.12,0.42,9.3,6,0
7.3,0.25,0.41,1.8,0.037,52.0,165.0,0.9911,3.29,0.39,12.2,7,0
6.4,0.23,0.3,7.1,0.037,63.0,236.0,0.9952,3.06,0.34,9.2,6,0
8.1,0.5,0.47,1.1,0.037,23.0,126.0,0.9938,3.21,0.42,10.9,5,0
7.7,0.27,0.34,1.8,0.028,26.0,168.0,0.9911,2.99,0.48,12.1,7,0
7.2,0.32,0.33,1.4,0.029,29.0,109.0,0.9902,3.15,0.51,12.8,7,0
7.4,0.19,0.42,6.4,0.067,39.0,212.0,0.9958,3.3,0.33,9.6,6,0
7.9,0.14,0.45,1.8,0.05,17.0,114.0,0.9948,3.33,0.49,10.7,7,0
6.4,0.31,0.4,6.2,0.04,46.0,169.0,0.9953,3.15,0.46,9.3,6,0
6.4,0.15,0.31,1.1,0.044,25.0,96.0,0.9932,3.54,0.51,10.3,6,0
7.7,0.32,0.48,2.3,0.04,28.0,114.0,0.9911,3.2,0.52,12.8,7,0
7.6,0.54,0.23,2.0,0.029,13.0,151.0,0.9931,3.04,0.33,10.4,5,0
7.3,0.23,0.37,1.9,0.041,51.0,165.0,0.9908,3.26,0.4,12.2,8,0
9.2,0.35,0.39,0.9,0.042,15.0,61.0,0.9924,2.96,0.28,10.4,4,1
6.8,0.35,0.32,2.4,0.048,35.0,103.0,0.9911,3.28,0.46,12.0,8,0
7.1,0.19,0.28,3.6,0.033,16.0,78.0,0.993,2.91,0.78,11.4,6,0
7.9,0.2,0.34,1.2,0.04,29.0,118.0,0.9932,3.14,0.41,10.6,6,0
6.9,0.3,0.33,4.1,0.035,26.0,155.0,0.9925,3.25,0.79,12.3,8,0
9.8,0.25,0.74,10.0,0.056,36.0,225.0,0.9977,3.06,0.43,10.0,4,1
7.4,0.25,0.49,1.1,0.042,35.0,156.0,0.9917,3.13,0.55,11.3,5,0
7.2,0.31,0.24,1.4,0.057,17.0,117.0,0.9928,3.16,0.35,10.5,5,0
7.0,0.18,0.49,5.3,0.04,34.0,125.0,0.9914,3.24,0.4,12.2,6,0
8.3,0.19,0.49,1.2,0.051,11.0,137.0,0.9918,3.06,0.46,11.0,6,0
6.9,0.19,0.49,6.6,0.036,49.0,172.0,0.9932,3.2,0.27,11.5,6,0
7.1,0.25,0.49,3.0,0.03,30.0,96.0,0.9903,3.13,0.39,12.3,7,0
7.2,0.4,0.49,1.1,0.048,11.0,138.0,0.9929,3.01,0.42,9.3,5,0
7.7,0.16,0.49,2.0,0.056,20.0,124.0,0.9948,3.32,0.49,10.7,6,0
6.2,0.15,0.49,0.9,0.033,17.0,51.0,0.9932,3.3,0.7,9.4,6,0
7.7,0.35,0.49,8.65,0.033,42.0,186.0,0.9931,3.14,0.38,12.4,8,0
9.2,0.18,0.49,1.5,0.041,39.0,130.0,0.9945,3.04,0.49,9.8,7,0
8.3,0.2,0.49,1.7,0.04,34.0,169.0,0.9938,3.05,0.37,10.1,5,0
6.6,0.3,0.24,1.2,0.034,17.0,121.0,0.9933,3.13,0.36,9.2,5,0
8.0,0.25,0.49,9.0,0.044,31.0,185.0,0.998,3.34,0.49,10.0,6,0
6.0,0.17,0.49,1.0,0.034,26.0,106.0,0.992,3.21,0.42,9.8,6,0
6.9,0.24,0.49,1.3,0.032,35.0,148.0,0.9932,3.45,0.57,10.7,7,0
7.6,0.18,0.49,18.05,0.046,36.0,158.0,0.9996,3.06,0.41,9.2,5,0
6.7,0.3,0.74,5.0,0.038,35.0,157.0,0.9945,3.21,0.46,9.9,5,0
6.6,0.3,0.74,4.6,0.041,36.0,159.0,0.9946,3.21,0.45,9.9,5,0
7.3,0.3,0.74,13.5,0.039,46.0,165.0,0.9982,3.02,0.4,8.7,5,0
6.7,0.33,0.49,1.6,0.167,20.0,94.0,0.9914,3.11,0.5,11.4,6,0
6.9,0.27,0.49,23.5,0.057,59.0,235.0,1.0024,2.98,0.47,8.6,5,0
6.4,0.37,0.49,13.3,0.045,53.0,243.0,0.9982,3.14,0.48,8.5,6,0
8.1,0.12,0.49,1.2,0.042,43.0,160.0,0.9934,3.13,0.48,9.7,6,0
7.8,0.21,0.49,1.2,0.036,20.0,99.0,0.99,3.05,0.28,12.1,7,0
6.5,0.13,0.37,1.0,0.036,48.0,114.0,0.9911,3.41,0.51,11.5,8,0
7.2,0.21,0.33,3.0,0.036,35.0,132.0,0.9928,3.25,0.4,11.0,6,0
7.9,0.29,0.36,11.1,0.033,43.0,208.0,0.9969,3.14,0.46,10.3,5,0
8.1,0.31,0.24,1.6,0.032,10.0,67.0,0.9924,3.08,0.47,10.5,5,0
5.8,0.23,0.27,1.8,0.043,24.0,69.0,0.9933,3.38,0.31,9.4,6,0
6.5,0.18,0.34,1.6,0.04,43.0,148.0,0.9912,3.32,0.59,11.5,8,0
6.9,0.17,0.22,4.6,0.064,55.0,152.0,0.9952,3.29,0.37,9.3,6,0
7.0,0.3,0.32,6.4,0.034,28.0,97.0,0.9924,3.23,0.44,11.8,6,0
7.5,0.22,0.33,6.7,0.036,45.0,138.0,0.9939,3.2,0.68,11.4,6,0
8.4,0.29,0.29,1.05,0.032,4.0,55.0,0.9908,2.91,0.32,11.4,4,1
6.6,0.37,0.07,1.4,0.048,58.0,144.0,0.9922,3.17,0.38,10.0,5,0
7.8,0.39,0.26,9.9,0.059,33.0,181.0,0.9955,3.04,0.42,10.9,6,0
6.6,0.25,0.35,14.0,0.069,42.0,163.0,0.999,3.56,0.47,9.8,5,0
9.4,0.16,0.3,1.4,0.042,26.0,176.0,0.9954,3.15,0.46,9.1,5,0
7.6,0.3,0.22,10.2,0.049,57.0,191.0,0.9966,3.08,0.4,9.3,6,0
6.6,0.36,0.21,1.5,0.049,39.0,184.0,0.9928,3.18,0.41,9.9,6,0
6.7,0.27,0.3,13.9,0.029,34.0,131.0,0.9953,3.36,0.5,12.0,7,0
7.3,0.17,0.23,6.3,0.051,35.0,240.0,0.9963,3.36,0.54,10.0,6,0
7.0,0.19,0.23,5.7,0.123,27.0,104.0,0.9954,3.04,0.54,9.4,6,0
6.9,0.18,0.33,1.0,0.054,24.0,164.0,0.9926,3.42,0.51,10.5,5,0
7.1,0.25,0.3,2.4,0.042,25.0,122.0,0.994,3.43,0.61,10.5,6,0
7.0,0.21,0.22,5.1,0.048,38.0,168.0,0.9945,3.34,0.49,10.4,6,0
6.4,0.22,0.32,7.9,0.029,34.0,124.0,0.9948,3.4,0.39,10.2,5,0
7.2,0.24,0.4,17.85,0.049,50.0,185.0,1.0,3.34,0.42,9.6,5,0
7.9,0.26,0.33,10.3,0.039,73.0,212.0,0.9969,2.93,0.49,9.5,6,0
7.6,0.13,0.34,9.3,0.062,40.0,126.0,0.9966,3.21,0.39,9.6,5,0
7.1,0.25,0.28,1.6,0.052,46.0,169.0,0.9926,3.05,0.41,10.5,5,0
7.1,0.49,0.22,2.0,0.047,146.5,307.5,0.9924,3.24,0.37,11.0,3,1
6.8,0.31,0.32,7.6,0.052,35.0,143.0,0.9959,3.14,0.38,9.0,5,0
8.1,0.26,0.3,7.8,0.049,39.0,152.0,0.9954,2.99,0.58,10.0,6,0
8.0,0.25,0.13,17.2,0.036,49.0,219.0,0.9996,2.96,0.46,9.7,5,0
6.3,0.41,0.3,3.2,0.03,49.0,164.0,0.9927,3.53,0.79,11.7,7,0
7.6,0.2,0.3,14.2,0.056,53.0,212.5,0.999,3.14,0.46,8.9,8,0
8.1,0.22,0.28,7.7,0.043,57.0,176.0,0.9954,3.12,0.55,10.0,5,0
7.1,0.33,0.3,3.3,0.034,30.0,102.0,0.9912,3.08,0.31,12.3,7,0
6.8,0.18,0.46,1.4,0.064,37.0,160.0,0.9924,3.37,0.45,11.1,5,0
9.0,0.55,0.3,8.1,0.026,14.0,71.0,0.993,2.94,0.36,11.8,5,0
6.3,0.21,0.28,1.5,0.051,46.0,142.0,0.9928,3.23,0.42,10.1,6,0
5.7,0.27,0.32,1.2,0.046,20.0,155.0,0.9934,3.8,0.41,10.2,6,0
7.6,0.29,0.26,6.5,0.042,32.0,160.0,0.9944,3.14,0.47,10.7,5,0
6.8,0.28,0.44,11.5,0.04,58.0,223.0,0.9969,3.22,0.56,9.5,5,0
7.6,0.18,0.36,2.4,0.049,38.0,123.0,0.996,3.6,0.46,10.3,5,0
7.8,0.27,0.28,1.8,0.05,21.0,127.0,0.9934,3.15,0.44,9.9,5,0
7.0,0.22,0.39,2.1,0.055,39.0,198.0,0.9951,3.52,0.54,10.2,6,0
9.4,0.3,0.32,10.7,0.029,14.0,111.0,0.9958,2.85,0.42,10.6,5,0
6.0,0.27,0.15,1.5,0.056,35.0,128.0,0.9936,3.12,0.45,8.8,5,0
6.8,0.32,0.34,6.0,0.05,5.0,129.0,0.9953,3.19,0.4,9.1,5,0
6.5,0.22,0.25,17.1,0.05,44.0,138.0,1.0001,3.3,0.37,8.8,5,0
7.1,0.22,0.32,16.9,0.056,49.0,158.0,0.9998,3.37,0.38,9.6,6,0
6.8,0.26,0.32,7.0,0.041,38.0,118.0,0.9939,3.25,0.52,10.8,6,0
7.4,0.19,0.3,12.8,0.053,48.5,229.0,0.9986,3.14,0.49,9.1,7,0
7.4,0.19,0.3,12.8,0.053,48.5,212.0,0.9986,3.14,0.49,9.1,7,0
7.2,0.39,0.54,1.4,0.157,34.0,132.0,0.99449,3.11,0.53,9.0,6,0
9.4,0.42,0.32,6.5,0.027,20.0,167.0,0.99479,3.08,0.43,10.6,5,0
7.3,0.19,0.25,1.4,0.051,41.0,107.0,0.99382,3.53,0.66,10.5,7,0
7.3,0.4,0.28,6.5,0.037,26.0,97.0,0.99148,3.16,0.58,12.6,7,0
6.6,0.22,0.28,12.05,0.058,25.0,125.0,0.99856,3.45,0.45,9.4,5,0
5.6,0.295,0.2,2.2,0.049,18.0,134.0,0.99378,3.21,0.68,10.0,5,0
6.8,0.32,0.3,3.3,0.029,15.0,80.0,0.99061,3.33,0.63,12.6,7,0
4.6,0.445,0.0,1.4,0.053,11.0,178.0,0.99426,3.79,0.55,10.2,5,0
7.6,0.2,0.34,1.8,0.041,42.0,148.0,0.99335,3.35,0.66,11.1,6,0
6.9,0.35,0.55,11.95,0.038,22.0,111.0,0.99687,3.11,0.29,9.7,5,0
7.0,0.35,0.17,1.1,0.049,7.0,119.0,0.99297,3.13,0.36,9.7,6,0
6.9,0.35,0.55,11.95,0.038,22.0,111.0,0.99687,3.11,0.29,9.7,5,0
7.5,0.3,0.32,1.4,0.032,31.0,161.0,0.99154,2.95,0.42,10.5,5,0
7.2,0.2,0.3,2.0,0.039,43.0,188.0,0.9911,3.3,0.41,12.0,6,0
9.4,0.23,0.56,16.45,0.063,52.5,282.0,1.00098,3.1,0.51,9.3,5,0
9.2,0.16,0.49,2.0,0.044,18.0,107.0,0.99514,3.1,0.53,10.2,4,1
7.6,0.31,0.27,5.8,0.036,23.0,109.0,0.99399,3.34,0.54,11.0,6,0
7.0,0.16,0.26,7.3,0.047,30.0,220.0,0.99622,3.38,0.58,10.1,6,0
7.1,0.21,0.28,2.7,0.034,23.0,111.0,0.99405,3.35,0.64,10.2,4,1
8.2,0.24,0.3,2.3,0.05,23.0,106.0,0.99397,2.98,0.5,10.0,5,0
6.3,0.41,0.16,0.9,0.032,25.0,98.0,0.99274,3.16,0.42,9.5,5,0
8.1,0.4,0.32,7.9,0.031,23.0,118.0,0.99176,3.05,0.46,13.3,7,0
8.1,0.34,0.28,7.5,0.04,70.0,230.0,0.99558,3.14,0.55,9.8,6,0
6.8,0.46,0.26,6.3,0.147,49.0,159.0,0.99434,3.14,0.47,10.0,5,0
7.2,0.2,0.28,1.6,0.028,13.0,168.0,0.99203,3.17,1.06,11.5,6,0
7.6,0.285,0.32,14.6,0.063,32.0,201.0,0.998,3.0,0.45,9.2,5,0
8.3,0.25,0.33,2.5,0.053,12.0,72.0,0.99404,2.89,0.48,9.5,5,0
7.5,0.28,0.78,12.1,0.041,53.0,161.0,0.99838,2.98,0.44,8.7,5,0
6.1,0.28,0.24,19.95,0.074,32.0,174.0,0.99922,3.19,0.44,9.3,6,0
7.7,0.39,0.49,7.7,0.036,11.0,110.0,0.9966,3.33,0.76,10.0,6,0
7.6,0.31,0.23,12.7,0.054,20.0,139.0,0.99836,3.16,0.5,9.7,4,1
7.4,0.4,0.41,14.1,0.053,37.0,194.0,0.99886,3.2,0.63,9.4,6,0
7.1,0.12,0.3,3.1,0.018,15.0,37.0,0.99004,3.02,0.52,11.9,7,0
5.8,0.3,0.12,1.6,0.036,57.0,163.0,0.99239,3.38,0.59,10.5,6,0
5.9,0.28,0.14,8.6,0.032,30.0,142.0,0.99542,3.28,0.44,9.5,6,0
6.7,0.5,0.38,7.5,0.046,26.0,175.0,0.99662,3.32,0.54,9.6,5,0
6.6,0.36,0.52,11.3,0.046,8.0,110.0,0.9966,3.07,0.46,9.4,5,0
7.0,0.16,0.32,1.1,0.032,29.0,80.0,0.98972,3.23,0.36,12.1,6,0
6.7,0.17,0.42,10.4,0.038,85.0,182.0,0.99628,3.04,0.44,8.9,6,0
6.8,0.18,0.3,12.8,0.062,19.0,171.0,0.99808,3.0,0.52,9.0,7,0
6.9,0.13,0.28,13.3,0.05,47.0,132.0,0.99655,3.34,0.42,10.1,6,0
6.7,0.3,0.29,2.8,0.025,37.0,107.0,0.99159,3.31,0.63,11.3,7,0
7.0,0.24,0.24,9.0,0.03,42.0,219.0,0.99636,3.47,0.46,10.2,6,0
7.2,0.24,0.27,11.4,0.034,40.0,174.0,0.99773,3.2,0.44,9.0,5,0
6.4,0.68,0.26,3.4,0.069,25.0,146.0,0.99347,3.18,0.4,9.3,5,0
7.2,0.35,0.25,5.6,0.032,23.0,120.0,0.99334,2.93,0.66,10.3,7,0
6.9,0.31,0.32,1.2,0.024,20.0,166.0,0.99208,3.05,0.54,9.8,6,0
5.2,0.28,0.29,1.1,0.028,18.0,69.0,0.99168,3.24,0.54,10.0,6,0
5.3,0.2,0.31,3.6,0.036,22.0,91.0,0.99278,3.41,0.5,9.8,6,0
7.4,0.2,0.28,9.1,0.047,29.0,95.0,0.99532,3.16,0.47,9.8,7,0
6.7,0.27,0.33,3.6,0.034,9.0,45.0,0.99144,3.08,0.4,10.5,6,0
6.7,0.27,0.33,3.6,0.034,9.0,45.0,0.99144,3.08,0.4,10.5,6,0
7.0,0.34,0.3,1.8,0.045,44.0,142.0,0.9914,2.99,0.45,10.8,6,0
6.6,0.34,0.18,6.4,0.082,47.0,240.0,0.9971,3.42,0.48,9.2,5,0
6.4,0.27,0.29,10.8,0.028,17.0,118.0,0.99356,3.18,0.37,11.2,6,0
7.9,0.16,0.3,7.4,0.05,58.0,152.0,0.99612,3.12,0.37,9.5,6,0
7.1,0.2,0.31,7.4,0.053,32.0,211.0,0.99587,3.31,0.59,10.4,6,0
6.6,0.25,0.51,8.0,0.047,61.0,189.0,0.99604,3.22,0.49,9.2,5,0
7.6,0.27,0.34,5.0,0.04,18.0,56.0,0.99084,3.06,0.48,12.4,6,0
6.2,0.15,0.27,1.4,0.041,51.0,117.0,0.9909,3.28,0.38,11.2,6,0
6.5,0.37,0.33,3.5,0.036,23.0,92.0,0.99136,3.18,0.38,11.2,6,0
5.8,0.2,0.34,1.0,0.035,40.0,86.0,0.98993,3.5,0.42,11.7,5,0
6.6,0.29,0.31,3.9,0.027,39.0,96.0,0.99035,3.24,0.6,12.6,8,0
5.1,0.11,0.32,1.6,0.028,12.0,90.0,0.99008,3.57,0.52,12.2,6,0
5.8,0.21,0.32,1.6,0.045,38.0,95.0,0.98946,3.23,0.94,12.4,8,0
6.1,0.37,0.2,7.6,0.031,49.0,170.0,0.99558,3.22,0.48,9.5,5,0
7.7,0.18,0.3,1.2,0.046,49.0,199.0,0.99413,3.03,0.38,9.3,5,0
6.9,0.14,0.38,1.0,0.041,22.0,81.0,0.99043,3.03,0.54,11.4,6,0
5.2,0.155,0.33,1.6,0.028,13.0,59.0,0.98975,3.3,0.84,11.9,8,0
7.1,0.27,0.28,1.25,0.023,3.0,89.0,0.98993,2.95,0.3,11.4,4,1
7.0,0.12,0.29,10.3,0.039,41.0,98.0,0.99564,3.19,0.38,9.8,8,0
6.0,0.28,0.25,1.8,0.042,8.0,108.0,0.9929,3.08,0.55,9.0,5,0
6.3,0.22,0.22,5.6,0.039,31.0,128.0,0.99296,3.12,0.46,10.4,6,0
6.8,0.32,0.39,9.6,0.026,34.0,124.0,0.99286,3.18,0.35,12.1,6,0
6.1,0.38,0.42,5.0,0.016,31.0,113.0,0.99007,3.15,0.31,12.4,7,0
6.9,0.3,0.3,10.55,0.037,4.0,28.0,0.99184,3.07,0.32,12.7,6,0
6.2,0.16,0.32,1.1,0.036,74.0,184.0,0.99096,3.22,0.41,11.0,6,0
6.8,0.18,0.28,9.8,0.039,29.0,113.0,0.99406,3.11,0.45,10.9,7,0
6.2,0.16,0.32,1.1,0.036,74.0,184.0,0.99096,3.22,0.41,11.0,6,0
6.6,0.22,0.36,5.5,0.029,30.0,105.0,0.99206,3.2,0.47,11.8,6,0
7.0,0.45,0.34,19.8,0.04,12.0,67.0,0.9976,3.07,0.38,11.0,6,0
7.0,0.13,0.37,12.85,0.042,36.0,105.0,0.99581,3.05,0.55,10.7,6,0
6.8,0.29,0.34,3.5,0.054,26.0,189.0,0.99489,3.42,0.58,10.4,5,0
6.3,0.2,0.37,11.8,0.045,58.0,130.0,0.99519,3.2,0.35,10.8,5,0
6.3,0.33,0.42,17.2,0.037,57.0,170.0,0.99884,3.26,0.57,9.4,6,0
7.2,0.21,1.0,1.1,0.154,46.0,114.0,0.9931,2.95,0.43,9.2,6,0
6.9,0.24,0.37,6.1,0.027,38.0,112.0,0.99086,3.19,0.34,12.4,6,0
6.9,0.28,0.41,1.4,0.016,6.0,55.0,0.98876,3.16,0.4,13.4,5,0
6.7,0.24,0.41,2.9,0.039,48.0,122.0,0.99052,3.25,0.43,12.0,5,0
5.8,0.31,0.32,4.5,0.024,28.0,94.0,0.98906,3.25,0.52,13.7,7,0
6.1,0.2,0.34,9.5,0.041,38.0,201.0,0.995,3.14,0.44,10.1,3,1
6.6,0.17,0.35,2.6,0.03,33.0,78.0,0.99146,3.22,0.72,11.3,6,0
6.3,0.28,0.47,11.2,0.04,61.0,183.0,0.99592,3.12,0.51,9.5,6,0
9.7,0.24,0.49,4.9,0.032,3.0,18.0,0.99368,2.85,0.54,10.0,6,0
6.3,0.17,0.32,4.2,0.04,37.0,117.0,0.99182,3.24,0.43,11.3,6,0
6.2,0.25,0.42,8.0,0.049,53.0,206.0,0.99586,3.16,0.47,9.1,6,0
7.2,0.32,0.4,8.7,0.038,45.0,154.0,0.99568,3.2,0.47,10.4,6,0
5.8,0.39,0.47,7.5,0.027,12.0,88.0,0.9907,3.38,0.45,14.0,6,0
8.3,0.16,0.37,7.9,0.025,38.0,107.0,0.99306,2.93,0.37,11.9,6,0
6.6,0.29,0.39,6.75,0.031,22.0,98.0,0.9913,3.15,0.8,12.9,7,0
6.6,0.33,0.4,2.65,0.041,35.0,86.0,0.98916,3.11,0.39,13.3,7,0
6.8,0.27,0.42,7.3,0.054,58.0,200.0,0.99556,3.12,0.49,9.4,6,0
6.9,0.22,0.39,6.0,0.035,44.0,141.0,0.99123,3.11,0.33,12.5,6,0
7.6,0.27,0.29,2.5,0.059,37.0,115.0,0.99328,3.09,0.37,9.8,5,0
6.8,0.17,0.35,1.8,0.04,29.0,84.0,0.98961,2.91,0.57,12.0,7,0
7.3,0.25,0.28,1.5,0.043,19.0,113.0,0.99338,3.38,0.56,10.1,6,0
7.8,0.25,0.37,1.0,0.043,10.0,80.0,0.99128,3.08,0.38,11.4,5,0
6.0,0.32,0.3,1.9,0.033,41.0,142.0,0.98912,3.29,0.42,12.8,7,0
6.3,0.3,0.29,2.1,0.048,33.0,142.0,0.98956,3.22,0.46,12.9,7,0
6.4,0.24,0.29,1.0,0.038,18.0,122.0,0.9906,3.3,0.42,11.5,5,0
6.7,0.21,0.34,1.4,0.049,36.0,112.0,0.99091,3.02,0.5,11.0,6,0
6.8,0.18,0.24,9.8,0.058,64.0,188.0,0.9952,3.13,0.51,10.6,6,0
7.6,0.36,0.49,11.3,0.046,87.0,221.0,0.9984,3.01,0.43,9.2,5,0
6.8,0.23,0.3,6.95,0.044,42.0,179.0,0.9946,3.25,0.56,10.6,6,0
6.4,0.32,0.31,1.9,0.037,34.0,126.0,0.99,3.06,0.45,11.8,6,0
7.6,0.36,0.49,11.3,0.046,87.0,221.0,0.9984,3.01,0.43,9.2,5,0
6.6,0.26,0.46,7.8,0.047,48.0,186.0,0.9958,3.2,0.54,9.1,5,0
6.1,0.33,0.32,7.8,0.052,52.0,183.0,0.99657,3.39,0.65,9.5,5,0
7.7,0.46,0.18,3.3,0.054,18.0,143.0,0.99392,3.12,0.51,10.8,6,0
5.8,0.15,0.32,1.2,0.037,14.0,119.0,0.99137,3.19,0.5,10.2,6,0
5.6,0.32,0.33,7.4,0.037,25.0,95.0,0.99268,3.25,0.49,11.1,6,0
6.3,0.29,0.28,4.7,0.059,28.0,81.0,0.99036,3.24,0.56,12.7,8,0
7.1,0.17,0.4,14.55,0.047,47.0,156.0,0.99945,3.34,0.78,9.1,6,0
7.1,0.18,0.39,15.25,0.047,45.0,158.0,0.99946,3.34,0.77,9.1,6,0
6.7,0.3,0.44,18.5,0.057,65.0,224.0,0.99956,3.11,0.53,9.1,5,0
6.7,0.4,0.22,8.8,0.052,24.0,113.0,0.99576,3.22,0.45,9.4,5,0
7.1,0.25,0.28,1.2,0.04,31.0,111.0,0.99174,3.18,0.53,11.1,5,0
6.0,0.39,0.13,1.2,0.042,60.0,172.0,0.99114,3.06,0.52,10.6,5,0
7.6,0.22,0.28,12.0,0.056,68.0,143.0,0.9983,2.99,0.3,9.2,6,0
6.8,0.19,0.4,9.85,0.055,41.0,103.0,0.99532,2.98,0.56,10.5,6,0
6.7,0.16,0.36,2.0,0.045,24.0,131.0,0.99284,3.3,0.59,10.5,6,0
7.6,0.31,0.24,1.8,0.037,39.0,150.0,0.9913,3.05,0.44,11.8,7,0
5.8,0.22,0.3,1.1,0.047,36.0,131.0,0.992,3.26,0.45,10.4,5,0
6.0,0.24,0.28,3.95,0.038,61.0,134.0,0.99146,3.3,0.54,11.3,7,0
7.7,0.43,1.0,19.95,0.032,42.0,164.0,0.99742,3.29,0.5,12.0,6,0
6.1,0.33,0.3,3.0,0.036,30.0,124.0,0.98922,3.31,0.4,13.1,7,0
7.0,0.22,0.24,11.0,0.041,75.0,167.0,0.99508,2.98,0.56,10.5,6,0
6.3,0.21,0.31,1.2,0.043,30.0,117.0,0.99158,3.49,0.68,11.0,6,0
7.9,0.35,0.28,12.9,0.032,13.0,63.0,0.9932,2.99,0.43,13.0,6,0
7.2,0.31,0.35,7.2,0.046,45.0,178.0,0.9955,3.14,0.53,9.7,5,0
6.0,0.33,0.2,1.8,0.031,49.0,159.0,0.9919,3.41,0.53,11.0,6,0
6.0,0.33,0.2,1.8,0.031,49.0,159.0,0.9919,3.41,0.53,11.0,6,0
8.1,0.2,0.28,0.9,0.023,49.0,87.0,0.99062,2.92,0.36,11.1,6,0
6.6,0.64,0.28,4.4,0.032,19.0,78.0,0.99036,3.11,0.62,12.9,6,0
7.0,0.48,0.12,4.5,0.05,23.0,86.0,0.99398,2.86,0.35,9.0,5,0
7.5,0.3,0.21,6.55,0.026,33.0,143.0,0.99244,2.92,0.35,11.1,5,0
5.8,0.28,0.28,4.2,0.044,52.0,158.0,0.992,3.35,0.44,10.7,7,0
6.6,0.295,0.24,1.6,0.039,29.0,140.0,0.99304,3.35,0.61,10.4,7,0
6.8,0.16,0.18,1.8,0.046,31.0,114.0,0.99226,3.27,0.55,10.8,6,0
7.2,0.24,0.3,1.2,0.037,11.0,95.0,0.98914,2.96,0.36,12.5,6,0
5.4,0.53,0.16,2.7,0.036,34.0,128.0,0.98856,3.2,0.53,13.2,8,0
5.6,0.25,0.19,2.4,0.049,42.0,166.0,0.992,3.25,0.43,10.4,6,0
6.8,0.15,0.41,12.9,0.044,79.5,183.0,0.99742,3.24,0.78,10.2,6,0
6.8,0.31,0.3,8.0,0.028,33.0,122.0,0.99164,3.13,0.63,12.6,7,0
7.6,0.3,0.37,1.6,0.087,27.0,177.0,0.99438,3.09,0.5,9.8,5,0
7.5,0.24,0.31,13.1,0.05,26.0,180.0,0.99884,3.05,0.53,9.1,6,0
4.7,0.67,0.09,1.0,0.02,5.0,9.0,0.98722,3.3,0.34,13.6,5,0
8.5,0.18,0.3,1.1,0.028,34.0,95.0,0.99272,2.83,0.36,10.0,4,1
5.7,0.265,0.28,6.9,0.036,46.0,150.0,0.99299,3.36,0.44,10.8,7,0
7.0,0.15,0.28,14.7,0.051,29.0,149.0,0.99792,2.96,0.39,9.0,7,0
6.5,0.26,0.34,1.4,0.04,25.0,184.0,0.99216,3.29,0.46,10.7,5,0
6.9,0.4,0.17,12.9,0.033,59.0,186.0,0.99754,3.08,0.49,9.4,5,0
5.0,0.61,0.12,1.3,0.009,65.0,100.0,0.9874,3.26,0.37,13.5,5,0
6.7,0.42,0.39,12.1,0.04,61.0,248.0,0.99794,3.31,0.58,9.7,5,0
7.4,0.29,0.48,12.8,0.037,61.5,182.0,0.99808,3.02,0.34,8.8,5,0
6.4,0.34,0.44,8.2,0.043,54.0,201.0,0.99551,3.18,0.48,9.5,5,0
6.5,0.25,0.27,17.4,0.064,29.0,140.0,0.99776,3.2,0.49,10.1,6,0
7.2,0.17,0.34,6.4,0.042,16.0,111.0,0.99278,2.99,0.4,10.8,6,0
6.3,0.3,0.2,3.7,0.039,34.0,132.0,0.99158,3.0,0.38,10.7,5,0
7.1,0.39,0.79,1.4,0.194,23.0,90.0,0.99212,3.17,0.46,10.5,6,0
5.9,0.18,0.29,4.6,0.032,68.0,137.0,0.99159,3.21,0.38,11.3,6,0
6.2,0.22,0.3,12.4,0.054,108.0,152.0,0.99728,3.1,0.47,9.5,6,0
7.1,0.28,0.31,1.5,0.053,20.0,98.0,0.99069,3.15,0.5,11.4,5,0
6.0,0.28,0.24,17.8,0.047,42.0,111.0,0.99896,3.1,0.45,8.9,6,0
6.2,0.27,0.26,12.1,0.046,43.0,127.0,0.9951,3.16,0.37,10.8,6,0
6.0,0.21,0.3,8.7,0.036,47.0,127.0,0.99368,3.18,0.39,10.6,5,0
6.1,0.22,0.38,2.8,0.144,12.0,65.0,0.9908,2.95,0.64,11.4,6,0
6.2,0.27,0.32,6.3,0.048,47.0,159.0,0.99282,3.21,0.6,11.0,6,0
7.3,0.38,0.23,6.5,0.05,18.0,102.0,0.99304,3.1,0.55,11.2,4,1
6.8,0.11,0.27,8.6,0.044,45.0,104.0,0.99454,3.2,0.37,9.9,6,0
6.7,0.19,0.32,3.7,0.041,26.0,76.0,0.99173,2.9,0.57,10.5,7,0
6.2,0.32,0.12,4.8,0.054,6.0,97.0,0.99424,3.16,0.5,9.3,5,0
5.9,0.23,0.24,1.6,0.037,32.0,115.0,0.99076,3.21,0.51,11.4,6,0
7.3,0.33,0.22,1.4,0.041,40.0,177.0,0.99287,3.14,0.48,9.9,5,0
7.2,0.17,0.28,17.55,0.05,33.0,154.0,0.99971,2.94,0.43,9.0,7,0
6.5,0.43,0.18,13.15,0.032,25.0,131.0,0.99565,3.23,0.51,10.7,5,0
6.4,0.41,0.01,6.1,0.048,20.0,70.0,0.99362,3.19,0.42,10.0,5,0
7.1,0.44,0.27,8.4,0.057,60.0,160.0,0.99257,3.16,0.36,11.8,6,0
7.1,0.44,0.27,8.4,0.057,60.0,160.0,0.99257,3.16,0.36,11.8,6,0
6.5,0.33,0.24,14.5,0.048,20.0,96.0,0.99456,3.06,0.3,11.5,8,0
6.4,0.5,0.2,2.4,0.059,19.0,112.0,0.99314,3.18,0.4,9.2,6,0
6.6,0.41,0.27,10.7,0.11,20.0,103.0,0.99672,3.08,0.41,9.0,6,0
8.0,0.25,0.35,1.1,0.054,13.0,136.0,0.99366,3.08,0.55,9.5,5,0
6.6,0.21,0.34,5.6,0.046,30.0,140.0,0.99299,3.22,0.38,11.0,5,0
6.3,0.29,0.23,14.2,0.037,24.0,99.0,0.99528,3.08,0.38,10.6,6,0
6.9,0.45,0.27,4.7,0.035,17.0,80.0,0.99058,3.12,0.36,12.5,7,0
6.8,0.3,0.26,20.3,0.037,45.0,150.0,0.99727,3.04,0.38,12.3,6,0
7.6,0.48,0.31,9.4,0.046,6.0,194.0,0.99714,3.07,0.61,9.4,5,0
6.1,0.3,0.47,1.4,0.049,50.0,187.0,0.9927,3.19,0.45,9.5,5,0
6.3,0.34,0.52,6.3,0.047,63.0,186.0,0.99481,3.18,0.44,9.6,5,0
6.6,0.22,0.35,1.4,0.05,23.0,83.0,0.99019,3.17,0.48,12.0,7,0
5.8,0.22,0.29,1.3,0.036,25.0,68.0,0.98865,3.24,0.35,12.6,6,0
8.0,0.24,0.33,1.2,0.044,28.0,101.0,0.99035,3.03,0.43,12.5,6,0
6.9,0.26,0.38,10.5,0.044,33.0,139.0,0.99517,3.06,0.5,10.3,6,0
5.9,0.32,0.2,14.4,0.05,29.0,144.0,0.99666,3.24,0.41,10.3,6,0
7.0,0.44,0.24,12.1,0.056,68.0,210.0,0.99718,3.05,0.5,9.5,5,0
6.3,0.28,0.34,8.1,0.038,44.0,129.0,0.99248,3.26,0.29,12.1,6,0
6.2,0.345,0.27,10.1,0.056,38.0,187.0,0.99486,3.31,0.56,10.6,5,0
5.3,0.47,0.1,1.3,0.036,11.0,74.0,0.99082,3.48,0.54,11.2,4,1
6.2,0.36,0.22,5.25,0.038,44.0,145.0,0.99184,3.22,0.4,11.2,6,0
7.0,0.55,0.05,8.0,0.036,19.0,164.0,0.99269,3.26,0.46,12.2,6,0
5.7,0.22,0.29,3.5,0.04,27.0,146.0,0.98999,3.17,0.36,12.1,6,0
6.0,0.2,0.26,6.8,0.049,22.0,93.0,0.9928,3.15,0.42,11.0,6,0
6.9,0.26,0.29,4.2,0.043,33.0,114.0,0.9902,3.16,0.31,12.5,6,0
6.1,0.24,0.25,1.6,0.044,24.0,115.0,0.9921,3.39,0.59,10.9,6,0
7.1,0.23,0.28,1.9,0.046,33.0,103.0,0.98997,3.12,0.31,12.0,5,0
6.4,0.24,0.26,8.2,0.054,47.0,182.0,0.99538,3.12,0.5,9.5,5,0
7.4,0.38,0.34,8.3,0.052,44.0,168.0,0.99627,3.11,0.52,9.2,5,0
7.3,0.19,0.27,13.9,0.057,45.0,155.0,0.99807,2.94,0.41,8.8,8,0
7.3,0.19,0.27,13.9,0.057,45.0,155.0,0.99807,2.94,0.41,8.8,8,0
5.8,0.22,0.25,1.5,0.024,21.0,109.0,0.99234,3.37,0.58,10.4,6,0
7.3,0.28,0.35,1.6,0.054,31.0,148.0,0.99178,3.18,0.47,10.7,5,0
6.4,0.29,0.21,9.65,0.041,36.0,119.0,0.99334,2.99,0.34,10.9333333333333,6,0
7.0,0.24,0.26,1.7,0.041,31.0,110.0,0.99142,3.2,0.53,11.0,6,0
6.6,0.24,0.22,12.3,0.051,35.0,146.0,0.99676,3.1,0.67,9.4,5,0
7.2,0.47,0.16,5.9,0.048,14.0,125.0,0.99428,3.09,0.49,9.8,5,0
6.9,0.29,0.25,12.2,0.04,29.0,136.0,0.99552,3.05,0.65,10.4,6,0
5.7,0.22,0.33,1.9,0.036,37.0,110.0,0.98945,3.26,0.58,12.4,6,0
6.2,0.3,0.33,3.5,0.037,37.0,155.0,0.98987,3.18,0.37,12.4,6,0
5.8,0.555,0.26,4.5,0.053,17.0,126.0,0.9943,3.24,0.46,9.1,5,0
6.1,0.27,0.32,1.1,0.034,24.0,110.0,0.9898,3.36,0.4,12.5,6,0
6.8,0.45,0.3,11.8,0.094,23.0,97.0,0.997,3.09,0.44,9.6,5,0
5.4,0.27,0.22,4.6,0.022,29.0,107.0,0.98889,3.33,0.54,13.8,6,0
6.4,0.3,0.27,4.4,0.055,17.0,135.0,0.9925,3.23,0.44,12.2,6,0
5.0,0.33,0.18,4.6,0.032,40.0,124.0,0.99114,3.18,0.4,11.0,6,0
6.1,0.44,0.28,4.25,0.032,43.0,132.0,0.9916,3.26,0.47,11.2666666666667,7,0
6.5,0.5,0.22,4.1,0.036,35.0,131.0,0.9902,3.26,0.55,13.0,7,0
6.1,0.19,0.37,2.6,0.041,24.0,99.0,0.99153,3.18,0.5,10.9,6,0
6.5,0.51,0.25,1.7,0.048,39.0,177.0,0.99212,3.28,0.57,10.6,5,0
6.5,0.21,0.35,5.7,0.043,47.0,197.0,0.99392,3.24,0.5,10.1,6,0
7.1,0.43,0.25,2.8,0.036,43.0,132.0,0.98975,3.21,0.47,13.4,6,0
6.0,0.17,0.33,6.0,0.036,30.0,111.0,0.99362,3.32,0.58,10.15,7,0
4.9,0.335,0.14,1.3,0.036,69.0,168.0,0.99212,3.47,0.46,10.4666666666667,5,0
6.9,0.19,0.31,19.25,0.043,38.0,167.0,0.99954,2.93,0.52,9.1,7,0
5.6,0.205,0.16,12.55,0.051,31.0,115.0,0.99564,3.4,0.38,10.8,6,0
6.1,0.32,0.33,10.7,0.036,27.0,98.0,0.99521,3.34,0.52,10.2,6,0
6.8,0.32,0.43,1.6,0.05,4.0,65.0,0.99346,3.27,0.47,10.7,5,0
7.1,0.24,0.34,1.2,0.045,6.0,132.0,0.99132,3.16,0.46,11.2,4,1
5.5,0.62,0.33,1.7,0.037,24.0,118.0,0.98758,3.15,0.39,13.55,6,0
6.6,0.28,0.09,10.9,0.051,37.0,131.0,0.99566,2.93,0.62,9.5,6,0
5.1,0.26,0.33,1.1,0.027,46.0,113.0,0.98946,3.35,0.43,11.4,7,0
5.8,0.385,0.25,3.7,0.031,38.0,122.0,0.99128,3.2,0.63,11.2,6,0
7.0,0.24,0.47,1.3,0.043,18.0,131.0,0.99176,3.19,0.45,11.0,6,0
6.0,0.34,0.29,6.1,0.046,29.0,134.0,0.99462,3.48,0.57,10.7,6,0
5.9,0.37,0.3,1.5,0.033,35.0,95.0,0.98986,3.36,0.56,12.0,7,0
5.1,0.3,0.3,2.3,0.048,40.0,150.0,0.98944,3.29,0.46,12.2,6,0
7.1,0.23,0.39,13.7,0.058,26.0,172.0,0.99755,2.9,0.46,9.0,6,0
5.0,0.2,0.4,1.9,0.015,20.0,98.0,0.9897,3.37,0.55,12.05,6,0
4.9,0.235,0.27,11.75,0.03,34.0,118.0,0.9954,3.07,0.5,9.4,6,0
6.6,0.32,0.36,8.0,0.047,57.0,168.0,0.9949,3.15,0.46,9.6,5,0
