8.6,0.23,0.4,4.2,0.035,17.0,109.0,0.9947,3.14,0.53,9.7,5,0
6.5,0.31,0.14,7.5,0.044,34.0,133.0,0.9955,3.22,0.5,9.5,5,0
6.6,0.27,0.41,1.3,0.052,16.0,142.0,0.9951,3.42,0.47,10.0,6,0
7.3,0.24,0.39,17.95,0.057,45.0,149.0,0.9999,3.21,0.36,8.6,5,0
6.7,0.24,0.39,2.9,0.173,63.0,157.0,0.9937,3.1,0.34,9.4,6,0
7.0,0.31,0.26,7.4,0.069,28.0,160.0,0.9954,3.13,0.46,9.8,6,0
6.6,0.25,0.29,1.1,0.068,39.0,124.0,0.9914,3.34,0.58,11.0,7,0
6.4,0.18,0.35,1.0,0.045,39.0,108.0,0.9911,3.31,0.35,10.9,6,0
6.6,0.38,0.15,4.6,0.044,25.0,78.0,0.9931,3.11,0.38,10.2,6,0
6.8,0.3,0.23,4.6,0.061,50.5,238.5,0.9958,3.32,0.6,9.5,5,0
7.1,0.18,0.36,1.4,0.043,31.0,87.0,0.9898,3.26,0.37,12.7,7,0
7.3,0.22,0.3,8.2,0.047,42.0,207.0,0.9966,3.33,0.46,9.5,6,0
7.1,0.44,0.62,11.8,0.044,52.0,152.0,0.9975,3.12,0.46,8.7,6,0
6.1,0.27,0.43,7.5,0.049,65.0,243.0,0.9957,3.12,0.47,9.0,5,0
6.5,0.425,0.4,13.1,0.038,59.0,241.0,0.9979,3.23,0.57,9.0,5,0
8.2,0.23,0.4,1.2,0.027,36.0,121.0,0.992,3.12,0.38,10.7,6,0
8.1,0.28,0.39,1.9,0.029,18.0,79.0,0.9923,3.23,0.52,11.8,6,0
8.5,0.21,0.41,4.3,0.036,24.0,99.0,0.9947,3.18,0.53,9.7,6,0
6.3,0.255,0.37,1.1,0.04,37.0,114.0,0.9905,3.0,0.39,10.9,6,0
7.9,0.22,0.38,8.0,0.043,46.0,152.0,0.9934,3.12,0.32,11.5,7,0
7.6,0.18,0.46,10.2,0.055,58.0,135.0,0.9968,3.14,0.43,9.9,6,0
6.9,0.25,0.3,4.1,0.054,23.0,116.0,0.994,2.99,0.38,9.4,6,0
6.1,0.32,0.24,1.5,0.036,38.0,124.0,0.9898,3.29,0.42,12.4,7,0
5.9,0.23,0.3,12.9,0.054,57.0,170.0,0.9972,3.28,0.39,9.4,5,0
6.4,0.21,0.5,11.6,0.042,45.0,153.0,0.9972,3.15,0.43,8.8,5,0
10.2,0.44,0.88,6.2,0.049,20.0,124.0,0.9968,2.99,0.51,9.9,4,1
6.1,0.4,0.31,0.9,0.048,23.0,170.0,0.993,3.22,0.77,9.5,6,0
7.0,0.16,0.32,8.3,0.045,38.0,126.0,0.9958,3.21,0.34,9.2,5,0
5.8,0.26,0.24,9.2,0.044,55.0,152.0,0.9961,3.31,0.38,9.4,5,0
6.9,0.4,0.56,11.2,0.043,40.0,142.0,0.9975,3.14,0.46,8.7,5,0
5.8,0.24,0.39,1.5,0.054,37.0,158.0,0.9932,3.21,0.52,9.3,6,0
6.9,0.28,0.4,8.2,0.036,15.0,95.0,0.9944,3.17,0.33,10.2,5,0
5.3,0.58,0.07,6.9,0.043,34.0,149.0,0.9944,3.34,0.57,9.7,5,0
6.9,0.32,0.26,8.3,0.053,32.0,180.0,0.9965,3.25,0.51,9.2,6,0
6.8,0.44,0.37,5.1,0.047,46.0,201.0,0.9938,3.08,0.65,10.5,4,1
7.3,0.32,0.25,7.2,0.056,47.0,180.0,0.9961,3.08,0.47,8.8,5,0
7.2,0.23,0.39,14.2,0.058,49.0,192.0,0.9979,2.98,0.48,9.0,7,0
6.8,0.28,0.6,1.1,0.132,42.0,127.0,0.9934,3.09,0.44,9.1,6,0
6.5,0.28,0.35,15.4,0.042,55.0,195.0,0.9978,3.23,0.5,9.6,6,0
6.8,0.24,0.34,4.6,0.032,37.0,135.0,0.9927,3.2,0.39,10.6,5,0
6.6,0.18,0.35,1.5,0.049,49.0,141.0,0.9934,3.43,0.85,10.2,7,0
6.4,0.24,0.32,14.9,0.047,54.0,162.0,0.9968,3.28,0.5,10.2,6,0
6.8,0.16,0.4,2.3,0.037,18.0,102.0,0.9923,3.49,0.42,11.4,7,0
6.9,0.33,0.21,1.0,0.053,39.0,148.0,0.9927,3.12,0.45,9.4,6,0
7.3,0.2,0.44,1.4,0.045,21.0,98.0,0.9924,3.15,0.46,10.0,7,0
6.9,0.49,0.24,1.2,0.049,13.0,125.0,0.9932,3.17,0.51,9.4,5,0
7.0,0.21,0.28,8.6,0.045,37.0,221.0,0.9954,3.25,0.54,10.4,6,0
6.4,0.34,0.1,1.1,0.048,19.0,84.0,0.9927,3.21,0.38,9.8,5,0
6.6,0.52,0.44,12.2,0.048,54.0,245.0,0.9975,3.26,0.54,9.3,6,0
6.5,0.41,0.24,14.0,0.048,24.0,113.0,0.9982,3.44,0.53,9.8,6,0
7.2,0.39,0.62,11.0,0.047,66.0,178.0,0.9976,3.16,0.5,8.7,5,0
6.8,0.32,0.21,2.2,0.044,15.0,68.0,0.9932,3.17,0.39,9.4,6,0
6.5,0.38,0.34,3.4,0.036,34.0,200.0,0.9937,3.14,0.76,10.0,5,0
7.0,0.17,0.31,4.8,0.034,34.0,132.0,0.9944,3.36,0.48,9.6,7,0
7.1,0.55,0.13,1.7,0.073,21.0,165.0,0.994,2.97,0.58,9.2,6,0
5.8,0.25,0.24,13.3,0.044,41.0,137.0,0.9972,3.34,0.42,9.5,5,0
6.2,0.37,0.3,6.6,0.346,79.0,200.0,0.9954,3.29,0.58,9.6,5,0
6.2,0.18,0.38,1.5,0.028,36.0,117.0,0.993,3.47,0.54,9.7,6,0
7.4,0.29,0.29,1.6,0.045,53.0,180.0,0.9936,3.34,0.68,10.5,6,0
7.8,0.18,0.31,12.2,0.053,46.0,140.0,0.998,3.06,0.53,8.9,6,0
7.3,0.51,0.26,3.3,0.09,7.0,135.0,0.9944,3.01,0.52,8.8,5,0
5.9,0.62,0.28,3.5,0.039,55.0,152.0,0.9907,3.44,0.44,12.0,6,0
5.9,0.32,0.39,3.3,0.114,24.0,140.0,0.9934,3.09,0.45,9.2,6,0
7.4,0.25,0.36,13.2,0.067,53.0,178.0,0.9976,3.01,0.48,9.0,6,0
7.7,0.22,0.42,1.9,0.052,10.0,87.0,0.9922,3.3,0.49,11.8,6,0
6.7,0.21,0.42,9.1,0.049,31.0,150.0,0.9953,3.12,0.74,9.9,7,0
7.8,0.22,0.38,10.3,0.059,28.0,99.0,0.9967,3.12,0.47,10.0,6,0
6.7,0.3,0.35,1.4,0.18,36.0,160.0,0.9937,3.11,0.54,9.4,6,0
6.3,0.26,0.49,1.5,0.052,34.0,134.0,0.9924,2.99,0.61,9.8,6,0
6.5,0.46,0.41,16.8,0.084,59.0,222.0,0.9993,3.18,0.58,9.0,5,0
6.2,0.24,0.29,13.3,0.039,49.0,130.0,0.9952,3.33,0.46,11.0,8,0
6.4,0.24,0.29,11.4,0.051,32.0,166.0,0.9968,3.31,0.45,9.5,5,0
7.1,0.28,0.26,1.9,0.049,12.0,86.0,0.9934,3.15,0.38,9.4,5,0
7.8,0.42,0.26,9.2,0.058,34.0,199.0,0.9972,3.14,0.55,9.3,6,0
6.8,0.22,0.35,5.5,0.043,21.0,114.0,0.9938,3.3,0.53,10.7,7,0
7.2,0.28,0.3,10.7,0.044,61.0,222.0,0.9972,3.14,0.5,9.1,6,0
6.9,0.2,0.34,1.9,0.043,25.0,136.0,0.9935,3.31,0.6,10.1,4,1
7.6,0.29,0.58,17.5,0.041,51.0,225.0,0.9997,3.16,0.66,9.5,6,0
6.9,0.2,0.5,10.0,0.036,78.0,167.0,0.9964,3.15,0.55,10.2,6,0
5.9,0.24,0.3,2.0,0.033,28.0,92.0,0.99225,3.39,0.69,10.9,7,0
5.4,0.18,0.24,4.8,0.041,30.0,113.0,0.99445,3.42,0.4,9.4,6,0
6.6,0.21,0.31,11.4,0.039,46.0,165.0,0.99795,3.41,0.44,9.8,7,0
6.8,0.25,0.38,8.1,0.046,24.0,155.0,0.9956,3.33,0.59,10.2,6,0
6.9,0.25,0.34,1.3,0.035,27.0,82.0,0.99045,3.18,0.44,12.2,6,0
6.9,0.19,0.35,1.7,0.036,33.0,101.0,0.99315,3.21,0.54,10.8,7,0
10.3,0.17,0.47,1.4,0.037,5.0,33.0,0.9939,2.89,0.28,9.6,3,1
6.9,0.36,0.34,4.2,0.018,57.0,119.0,0.9898,3.28,0.36,12.7,9,0
8.8,0.36,0.44,1.9,0.04,9.0,121.0,0.9953,3.19,0.48,9.9,6,0
5.8,0.26,0.18,1.2,0.031,40.0,114.0,0.9908,3.42,0.4,11.0,7,0
7.6,0.22,0.34,9.7,0.035,26.0,143.0,0.9965,3.08,0.49,9.8,6,0
5.9,0.26,0.21,12.5,0.034,36.0,152.0,0.9972,3.28,0.43,9.5,6,0
8.3,0.23,0.43,3.2,0.035,14.0,101.0,0.9928,3.15,0.36,11.5,5,0
5.5,0.42,0.09,1.6,0.019,18.0,68.0,0.9906,3.33,0.51,11.4,7,0
5.1,0.42,0.01,1.5,0.017,25.0,102.0,0.9894,3.38,0.36,12.3,7,0
6.6,0.13,0.3,4.9,0.058,47.0,131.0,0.9946,3.51,0.45,10.3,6,0
7.4,0.3,0.3,5.2,0.053,45.0,163.0,0.9941,3.12,0.45,10.3,6,0
8.2,0.26,0.44,1.3,0.046,7.0,69.0,0.9944,3.14,0.62,10.2,4,1
7.0,0.24,0.18,1.3,0.046,9.0,62.0,0.994,3.38,0.47,10.1,4,1
6.0,0.26,0.34,1.3,0.046,6.0,29.0,0.9924,3.29,0.63,10.4,5,0
6.1,0.24,0.27,9.8,0.062,33.0,152.0,0.9966,3.31,0.47,9.5,6,0
8.3,0.15,0.39,1.3,0.055,32.0,146.0,0.993,3.08,0.39,10.5,6,0
7.6,0.16,0.44,1.4,0.043,25.0,109.0,0.9932,3.11,0.75,10.3,6,0
7.6,0.19,0.38,10.6,0.06,48.0,174.0,0.9962,3.13,0.38,10.5,6,0
7.1,0.15,0.34,5.3,0.034,33.0,104.0,0.9953,3.37,0.52,9.3,7,0
7.0,0.31,0.52,1.7,0.029,5.0,61.0,0.9918,3.07,0.43,10.4,5,0
6.1,0.37,0.36,4.7,0.035,36.0,116.0,0.991,3.31,0.62,12.6,6,0
7.2,0.51,0.24,10.0,0.093,35.0,197.0,0.9981,3.41,0.47,9.0,5,0
7.5,0.21,0.34,1.2,0.06,26.0,111.0,0.9931,3.51,0.47,10.7,6,0
7.5,0.19,0.34,2.6,0.037,33.0,125.0,0.9923,3.1,0.49,11.1,7,0
8.0,0.37,0.32,1.6,0.04,32.0,166.0,0.992,3.0,0.55,11.3,7,0
5.3,0.24,0.33,1.3,0.033,25.0,97.0,0.9906,3.59,0.38,11.0,8,0
6.5,0.28,0.26,8.8,0.04,44.0,139.0,0.9956,3.32,0.37,10.2,6,0
6.3,0.17,0.42,2.8,0.028,45.0,107.0,0.9908,3.27,0.43,11.8,6,0
9.8,0.36,0.45,1.6,0.042,11.0,124.0,0.9944,2.93,0.46,10.8,5,0
8.5,0.16,0.33,1.0,0.076,17.0,57.0,0.9921,3.14,0.46,10.6,6,0
9.3,0.34,0.49,7.3,0.052,30.0,146.0,0.998,3.17,0.61,10.2,5,0
6.8,0.32,0.18,7.5,0.041,71.0,223.0,0.9959,3.14,0.41,8.9,5,0
6.9,0.32,0.17,7.6,0.042,69.0,219.0,0.9959,3.13,0.4,8.9,5,0
7.8,0.3,0.29,16.85,0.054,23.0,135.0,0.9998,3.16,0.38,9.0,6,0
7.5,0.14,0.34,1.3,0.055,50.0,153.0,0.9945,3.29,0.8,9.6,6,0
7.6,0.21,0.44,1.9,0.036,10.0,119.0,0.9913,3.01,0.7,12.8,6,0
7.6,0.21,0.44,1.9,0.036,10.0,119.0,0.9913,3.01,0.7,12.8,6,0
7.9,0.22,0.45,14.2,0.038,53.0,141.0,0.9992,3.03,0.46,9.2,6,0
9.2,0.28,0.41,1.0,0.042,14.0,59.0,0.9922,2.96,0.25,10.5,6,0
7.3,0.29,0.3,13.0,0.043,46.0,238.0,0.9986,3.06,0.41,8.7,6,0
7.4,0.18,0.42,2.1,0.036,33.0,187.0,0.9938,3.4,0.41,10.6,7,0
8.0,0.2,0.4,5.2,0.055,41.0,167.0,0.9953,3.18,0.4,10.6,7,0
5.3,0.26,0.23,5.15,0.034,48.0,160.0,0.9952,3.82,0.51,10.5,7,0
6.6,0.16,0.3,1.6,0.034,15.0,78.0,0.992,3.38,0.44,11.2,6,0
7.3,0.34,0.39,5.2,0.04,45.0,163.0,0.9925,3.3,0.47,12.4,6,0
7.6,0.19,0.42,1.5,0.044,6.0,114.0,0.9914,3.04,0.74,12.8,6,0
8.3,0.21,0.41,2.2,0.05,24.0,108.0,0.994,2.85,0.45,9.5,5,0
7.3,0.39,0.37,1.1,0.043,36.0,113.0,0.991,3.39,0.48,12.7,8,0
6.7,0.18,0.3,6.4,0.048,40.0,251.0,0.9956,3.29,0.52,10.0,5,0
7.0,0.14,0.41,0.9,0.037,22.0,95.0,0.9914,3.25,0.43,10.9,6,0
6.9,0.38,0.32,8.5,0.044,36.0,152.0,0.9932,3.38,0.35,12.0,7,0
7.3,0.18,0.29,1.2,0.044,12.0,143.0,0.9918,3.2,0.48,11.3,7,0
6.3,0.39,0.24,6.9,0.069,9.0,117.0,0.9942,3.15,0.35,10.2,4,1
6.1,0.22,0.49,1.5,0.051,18.0,87.0,0.9928,3.3,0.46,9.6,5,0
6.9,0.23,0.24,14.2,0.053,19.0,94.0,0.9982,3.17,0.5,9.6,5,0
8.2,0.18,0.49,1.1,0.033,28.0,81.0,0.9923,3.0,0.68,10.4,7,0
7.2,0.26,0.74,13.6,0.05,56.0,162.0,0.998,3.03,0.44,8.8,5,0
6.3,0.27,0.49,1.2,0.063,35.0,92.0,0.9911,3.38,0.42,12.2,6,0
7.4,0.16,0.49,1.2,0.055,18.0,150.0,0.9917,3.23,0.47,11.2,6,0
6.5,0.24,0.24,1.6,0.046,15.0,60.0,0.9928,3.19,0.39,9.8,5,0
7.8,0.43,0.49,13.0,0.033,37.0,158.0,0.9955,3.14,0.35,11.3,6,0
7.4,0.28,0.49,1.5,0.034,20.0,126.0,0.9918,2.98,0.39,10.6,6,0
6.8,0.27,0.49,1.2,0.044,35.0,126.0,0.99,3.13,0.48,12.1,7,0
6.9,0.21,0.49,1.4,0.041,15.0,164.0,0.9927,3.25,0.63,11.0,5,0
7.8,0.3,0.74,1.8,0.033,33.0,156.0,0.991,3.29,0.52,12.8,6,0
7.6,0.31,0.49,13.4,0.062,50.0,191.0,0.9989,3.22,0.53,9.0,4,1
8.4,0.24,0.49,7.4,0.039,46.0,108.0,0.9934,3.03,0.33,11.9,7,0
8.6,0.16,0.49,7.3,0.043,9.0,63.0,0.9953,3.13,0.59,10.5,6,0
7.8,0.49,0.49,7.0,0.043,29.0,149.0,0.9952,3.21,0.33,10.0,5,0
7.3,0.19,0.49,15.55,0.058,50.0,134.0,0.9998,3.42,0.36,9.1,7,0
5.8,0.15,0.49,1.1,0.048,21.0,98.0,0.9929,3.19,0.48,9.2,5,0
6.6,0.325,0.49,7.7,0.049,53.0,217.0,0.996,3.16,0.4,9.3,5,0
7.9,0.18,0.33,1.2,0.033,20.0,72.0,0.9922,3.12,0.38,10.5,7,0
7.1,0.31,0.38,1.2,0.036,10.0,124.0,0.9924,3.14,0.44,9.9,6,0
6.8,0.22,0.29,8.9,0.046,82.0,188.0,0.9955,3.3,0.44,10.3,6,0
6.2,0.27,0.32,8.8,0.047,65.0,224.0,0.9961,3.17,0.47,8.9,5,0
7.2,0.25,0.28,14.4,0.055,55.0,205.0,0.9986,3.12,0.38,9.0,7,0
6.7,0.26,0.3,1.8,0.043,25.0,121.0,0.9944,3.44,0.61,10.2,6,0
7.0,0.21,0.31,6.0,0.046,29.0,108.0,0.9939,3.26,0.5,10.8,6,0
9.3,0.2,0.33,1.7,0.05,28.0,178.0,0.9954,3.16,0.43,9.0,4,1
7.6,0.2,0.39,2.6,0.044,30.0,180.0,0.9941,3.46,0.44,10.8,7,0
8.1,0.3,0.31,1.1,0.041,49.0,123.0,0.9914,2.99,0.45,11.1,6,0
6.9,0.16,0.3,9.6,0.057,50.0,185.0,0.9978,3.39,0.38,9.6,6,0
7.5,0.22,0.29,4.8,0.05,33.0,87.0,0.994,3.14,0.42,9.9,5,0
6.1,0.32,0.37,1.8,0.051,13.0,200.0,0.9945,3.49,0.44,10.5,4,1
8.8,0.2,0.43,15.0,0.053,60.0,184.0,1.0008,3.28,0.79,8.8,6,0
5.6,0.46,0.24,4.8,0.042,24.0,72.0,0.9908,3.29,0.37,12.6,6,0
7.1,0.32,0.4,1.5,0.034,13.0,84.0,0.9944,3.42,0.6,10.4,5,0
6.5,0.32,0.12,11.5,0.033,35.0,165.0,0.9974,3.22,0.32,9.0,5,0
7.3,0.19,0.24,6.3,0.054,34.0,231.0,0.9964,3.36,0.54,10.0,6,0
7.7,0.44,0.24,11.2,0.031,41.0,167.0,0.9948,3.12,0.43,11.3,7,0
7.7,0.44,0.24,11.2,0.031,41.0,167.0,0.9948,3.12,0.43,11.3,7,0
7.4,0.49,0.24,15.1,0.03,34.0,153.0,0.9953,3.13,0.51,12.0,7,0
6.1,0.34,0.46,4.7,0.029,21.0,94.0,0.991,3.29,0.62,12.3,6,0
8.3,0.27,0.39,2.4,0.058,16.0,107.0,0.9955,3.28,0.59,10.3,5,0
7.8,0.2,0.28,10.2,0.054,78.0,186.0,0.997,3.14,0.46,10.0,6,0
7.2,0.2,0.61,16.2,0.043,14.0,103.0,0.9987,3.06,0.36,9.2,6,0
6.6,0.25,0.36,8.1,0.045,54.0,180.0,0.9958,3.08,0.42,9.2,5,0
9.2,0.27,0.34,10.5,0.043,49.0,228.0,0.9974,3.04,0.41,10.4,6,0
7.2,0.47,0.65,8.3,0.083,27.0,182.0,0.9964,3.0,0.35,9.2,5,0
7.3,0.13,0.27,4.6,0.08,34.0,172.0,0.9938,3.23,0.39,11.1,7,0
8.0,0.25,0.13,17.2,0.036,49.0,219.0,0.9996,2.96,0.46,9.7,5,0
6.4,0.29,0.28,11.1,0.063,66.0,169.0,0.9973,2.89,0.57,9.0,5,0
6.8,0.31,0.42,6.9,0.046,50.0,173.0,0.9958,3.19,0.46,9.0,5,0
6.8,0.27,0.28,13.3,0.076,50.0,163.0,0.9979,3.03,0.38,8.6,6,0
6.8,0.27,0.35,7.8,0.048,76.0,197.0,0.9959,3.24,0.43,9.5,6,0
6.8,0.28,0.37,7.0,0.057,35.0,208.0,0.9973,3.57,0.55,10.2,5,0
7.6,0.2,0.3,14.2,0.056,53.0,212.5,0.999,3.14,0.46,8.9,8,0
7.6,0.2,0.3,14.2,0.056,53.0,212.5,0.999,3.14,0.46,8.9,8,0
8.4,0.2,0.38,11.8,0.055,51.0,170.0,1.0004,3.34,0.82,8.9,6,0
7.2,0.15,0.39,1.8,0.043,21.0,159.0,0.9948,3.52,0.47,10.0,5,0
7.0,0.2,0.34,2.1,0.049,12.0,136.0,0.9922,3.25,0.46,11.6,7,0
7.5,0.3,0.71,1.3,0.16,44.0,149.0,0.9948,3.08,0.42,8.9,5,0
6.4,0.26,0.4,1.7,0.179,5.0,60.0,0.9925,3.09,0.54,10.1,5,0
5.5,0.14,0.27,4.6,0.029,22.0,104.0,0.9949,3.34,0.44,9.0,5,0
5.6,0.13,0.27,4.8,0.028,22.0,104.0,0.9948,3.34,0.45,9.2,6,0
8.3,0.33,0.43,9.2,0.046,22.0,126.0,0.9982,3.38,0.47,9.3,5,0
6.8,0.33,0.44,7.0,0.05,29.0,155.0,0.9955,3.14,0.42,9.5,5,0
6.7,0.31,0.31,4.9,0.031,20.0,151.0,0.9926,3.36,0.82,12.0,7,0
6.5,0.19,0.26,5.2,0.04,31.0,140.0,0.995,3.26,0.68,9.5,6,0
6.6,0.27,0.29,5.3,0.045,57.0,189.0,0.9953,3.31,0.79,9.8,5,0
8.4,0.28,0.4,8.9,0.048,33.0,146.0,0.9988,3.4,0.46,9.3,5,0
6.2,0.34,0.3,11.1,0.047,28.0,237.0,0.9981,3.18,0.49,8.7,5,0
6.5,0.22,0.25,17.1,0.05,44.0,138.0,1.0001,3.3,0.37,8.8,5,0
7.1,0.22,0.32,16.9,0.056,49.0,158.0,0.9998,3.37,0.38,9.6,6,0
9.8,0.93,0.45,8.6,0.052,34.0,187.0,0.9994,3.12,0.59,10.2,4,1
6.0,0.33,0.38,9.7,0.04,29.0,124.0,0.9954,3.47,0.48,11.0,6,0
7.0,0.35,0.31,1.8,0.069,15.0,162.0,0.9944,3.18,0.47,9.4,5,0
7.4,0.19,0.3,12.8,0.053,48.5,229.0,0.9986,3.14,0.49,9.1,7,0
7.4,0.19,0.3,12.8,0.053,48.5,229.0,0.9986,3.14,0.49,9.1,7,0
6.9,0.32,0.13,7.8,0.042,11.0,117.0,0.996,3.23,0.37,9.2,5,0
7.7,0.24,0.31,1.3,0.047,33.0,106.0,0.993,3.22,0.55,10.8,6,0
6.6,0.32,0.27,10.9,0.041,37.0,146.0,0.9963,3.24,0.47,10.0,5,0
9.2,0.23,0.35,10.7,0.037,34.0,145.0,0.9981,3.09,0.32,9.7,5,0
7.1,0.18,0.32,12.2,0.048,36.0,125.0,0.9967,2.92,0.54,9.4,6,0
6.0,0.28,0.27,2.3,0.051,23.0,147.0,0.994,3.23,0.67,10.3,6,0
7.1,0.26,0.19,8.2,0.051,53.0,187.0,0.996,3.16,0.52,9.7,5,0
8.5,0.28,0.34,13.8,0.041,32.0,161.0,0.9981,3.13,0.4,9.9,6,0
7.8,0.3,0.37,1.3,0.051,16.0,96.0,0.9941,3.32,0.62,10.0,5,0
7.2,0.23,0.38,6.1,0.067,20.0,90.0,0.99496,3.17,0.79,9.7,5,0
6.7,0.23,0.42,11.2,0.047,52.0,171.0,0.99758,3.54,0.74,10.4,5,0
6.1,0.15,0.29,6.2,0.046,39.0,151.0,0.99471,3.6,0.44,10.6,6,0
7.4,0.18,0.29,1.4,0.042,34.0,101.0,0.99384,3.54,0.6,10.5,7,0
6.6,0.19,0.43,10.9,0.045,53.0,154.0,0.99752,3.52,0.77,10.4,6,0
6.3,0.16,0.22,1.3,0.046,18.0,66.0,0.99307,3.61,0.55,10.3,6,0
6.8,0.37,0.28,1.9,0.024,64.0,106.0,0.98993,3.45,0.6,12.6,8,0
6.8,0.26,0.22,4.8,0.041,110.0,198.0,0.99437,3.29,0.67,10.6,5,0
6.7,0.17,0.27,1.4,0.032,39.0,149.0,0.99254,3.4,0.52,10.5,5,0
7.9,0.31,0.22,13.3,0.048,46.0,212.0,0.99942,3.47,0.59,10.0,5,0
7.1,0.34,0.32,2.0,0.051,29.0,130.0,0.99354,3.3,0.5,10.4,6,0
8.1,0.25,0.34,10.1,0.05,30.0,121.0,0.99724,3.17,0.49,10.1,6,0
8.2,0.25,0.46,3.75,0.05,14.0,102.0,0.99524,3.28,0.58,9.7,5,0
6.5,0.18,0.29,1.7,0.035,39.0,144.0,0.9927,3.49,0.5,10.5,6,0
6.2,0.45,0.73,7.2,0.099,47.0,202.0,0.99582,3.21,0.43,9.2,5,0
7.6,0.48,0.37,1.2,0.034,5.0,57.0,0.99256,3.05,0.54,10.4,3,1
6.1,0.16,0.24,1.4,0.046,17.0,77.0,0.99319,3.66,0.57,10.3,6,0
6.8,0.26,0.43,11.75,0.045,53.0,198.0,0.9969,3.26,0.55,9.5,5,0
7.3,0.22,0.26,1.5,0.04,32.0,172.0,0.99194,3.27,0.48,11.2,6,0
6.4,0.35,0.35,5.6,0.034,9.0,148.0,0.99441,3.17,0.5,9.8,4,1
6.6,0.33,0.24,16.05,0.045,31.0,147.0,0.99822,3.08,0.52,9.2,5,0
8.2,0.26,0.33,2.6,0.053,11.0,71.0,0.99402,2.89,0.49,9.5,5,0
5.6,0.35,0.4,6.3,0.022,23.0,174.0,0.9922,3.54,0.5,11.6,7,0
6.1,0.27,0.31,1.5,0.035,17.0,83.0,0.99076,3.32,0.44,11.1,7,0
6.6,0.24,0.3,13.0,0.052,18.0,143.0,0.99825,3.37,0.49,9.4,6,0
6.7,0.24,0.32,10.3,0.079,37.0,122.0,0.99662,3.02,0.45,8.8,5,0
6.3,0.18,0.22,1.5,0.043,45.0,155.0,0.99238,3.19,0.48,10.2,5,0
6.5,0.18,0.33,1.4,0.029,35.0,138.0,0.99114,3.36,0.6,11.5,7,0
9.0,0.26,0.34,6.7,0.029,21.0,162.0,0.99497,3.08,0.5,10.6,6,0
6.5,0.23,0.25,17.3,0.046,15.0,110.0,0.99828,3.15,0.42,9.2,6,0
6.6,0.24,0.28,1.8,0.028,39.0,132.0,0.99182,3.34,0.46,11.4,5,0
7.0,0.14,0.28,1.3,0.026,10.0,56.0,0.99352,3.46,0.45,9.9,5,0
6.8,0.18,0.3,12.8,0.062,19.0,171.0,0.99808,3.0,0.52,9.0,7,0
7.2,0.615,0.1,1.4,0.068,25.0,154.0,0.99499,3.2,0.48,9.7,4,1
8.2,0.52,0.34,1.2,0.042,18.0,167.0,0.99366,3.24,0.39,10.6,5,0
6.5,0.18,0.41,14.2,0.039,47.0,129.0,0.99678,3.28,0.72,10.3,7,0
6.6,0.35,0.35,6.0,0.063,31.0,150.0,0.99537,3.1,0.47,9.4,6,0
5.7,0.18,0.36,1.2,0.046,9.0,71.0,0.99199,3.7,0.68,10.9,7,0
6.8,0.19,0.23,5.1,0.034,71.0,204.0,0.9942,3.23,0.69,10.1,5,0
6.2,0.25,0.31,3.2,0.03,32.0,150.0,0.99014,3.18,0.31,12.0,6,0
7.6,0.32,0.25,9.5,0.03,15.0,136.0,0.99367,3.1,0.44,12.1,6,0
7.1,0.31,0.17,1.0,0.042,21.0,144.0,0.99304,3.13,0.4,9.6,5,0
7.0,0.16,0.36,2.6,0.029,28.0,98.0,0.99126,3.11,0.37,11.2,7,0
5.7,0.23,0.28,9.65,0.025,26.0,121.0,0.9925,3.28,0.38,11.3,6,0
7.0,0.18,0.37,1.5,0.043,16.0,104.0,0.99216,3.18,0.5,10.8,5,0
8.0,0.23,0.28,2.7,0.048,49.0,165.0,0.9952,3.26,0.72,9.5,6,0
6.7,0.44,0.22,4.3,0.032,19.0,99.0,0.99015,3.26,0.53,12.8,7,0
5.8,0.17,0.34,1.8,0.045,96.0,170.0,0.99035,3.38,0.9,11.8,8,0
7.7,0.18,0.35,5.8,0.055,25.0,144.0,0.99576,3.24,0.54,10.2,6,0
6.4,0.44,0.44,14.4,0.048,29.0,228.0,0.99955,3.26,0.54,8.8,7,0
6.9,0.4,0.42,6.2,0.066,41.0,176.0,0.99552,3.12,0.54,9.4,5,0
6.5,0.37,0.3,2.2,0.033,39.0,107.0,0.98894,3.22,0.53,13.5,7,0
6.8,0.35,0.53,10.1,0.053,37.0,151.0,0.9963,3.07,0.4,9.4,5,0
5.5,0.15,0.32,14.0,0.031,16.0,99.0,0.99437,3.26,0.38,11.5,8,0
7.0,0.27,0.48,6.1,0.042,60.0,184.0,0.99566,3.2,0.5,9.4,6,0
8.0,0.22,0.31,5.6,0.049,24.0,97.0,0.993,3.1,0.42,10.9,5,0
6.5,0.15,0.32,1.3,0.036,19.0,76.0,0.98964,3.18,0.41,12.3,6,0
7.0,0.24,0.3,6.7,0.039,37.0,125.0,0.99436,3.2,0.39,9.9,5,0
8.6,0.18,0.28,0.8,0.032,25.0,78.0,0.99104,2.99,0.38,11.1,5,0
7.6,0.31,0.26,1.7,0.073,40.0,157.0,0.9938,3.1,0.46,9.8,5,0
6.2,0.36,0.14,8.9,0.036,38.0,155.0,0.99622,3.27,0.5,9.4,5,0
6.6,0.22,0.29,14.4,0.046,39.0,118.0,0.99834,3.05,0.5,9.1,6,0
7.0,0.31,0.31,9.1,0.036,45.0,140.0,0.99216,2.98,0.31,12.0,7,0
6.8,0.26,0.46,8.3,0.037,49.0,173.0,0.99601,3.17,0.47,9.3,5,0
6.0,0.28,0.52,5.0,0.078,30.0,139.0,0.99494,3.1,0.36,9.0,6,0
7.2,0.2,0.22,1.6,0.044,17.0,101.0,0.99471,3.37,0.53,10.0,5,0
5.8,0.19,0.24,1.3,0.044,38.0,128.0,0.99362,3.77,0.6,10.6,5,0
6.7,0.36,0.26,7.9,0.034,39.0,123.0,0.99119,2.99,0.3,12.2,7,0
6.7,0.18,0.28,10.2,0.039,29.0,115.0,0.99469,3.11,0.45,10.9,7,0
5.0,0.27,0.32,4.5,0.032,58.0,178.0,0.98956,3.45,0.31,12.6,7,0
6.6,0.28,0.34,0.8,0.037,42.0,119.0,0.9888,3.03,0.37,12.5,6,0
6.0,0.32,0.3,1.3,0.025,18.0,112.0,0.98802,3.07,0.64,13.3,7,0
6.8,0.18,0.28,9.8,0.039,29.0,113.0,0.99406,3.11,0.45,10.9,7,0
5.0,0.27,0.32,4.5,0.032,58.0,178.0,0.98956,3.45,0.31,12.6,7,0
5.0,0.3,0.33,3.7,0.03,54.0,173.0,0.9887,3.36,0.3,13.0,7,0
6.5,0.2,0.5,18.1,0.054,50.0,221.0,0.99941,2.94,0.64,8.8,6,0
7.5,0.18,0.37,6.2,0.05,21.0,138.0,0.99546,3.2,0.55,10.5,6,0
6.9,0.25,0.47,8.4,0.042,36.0,156.0,0.99604,3.15,0.55,9.4,6,0
7.4,0.21,0.8,12.3,0.038,77.0,183.0,0.99778,2.95,0.48,9.0,5,0
6.6,0.25,0.33,8.5,0.042,29.0,141.0,0.99546,3.28,0.6,10.4,5,0
9.7,0.24,0.49,4.9,0.032,3.0,18.0,0.99368,2.85,0.54,10.0,6,0
7.6,0.23,0.34,1.6,0.043,24.0,129.0,0.99305,3.12,0.7,10.4,5,0
7.2,0.17,0.37,6.9,0.059,47.0,128.0,0.99322,3.08,0.46,11.0,7,0
7.6,0.3,0.38,2.1,0.043,10.0,98.0,0.99296,3.17,0.65,11.0,5,0
6.2,0.25,0.39,1.3,0.051,42.0,135.0,0.9906,3.23,0.4,11.1,6,0
6.9,0.22,0.43,6.4,0.042,34.0,115.0,0.99293,3.05,0.51,10.8,6,0
6.2,0.23,0.36,17.2,0.039,37.0,130.0,0.99946,3.23,0.43,8.8,6,0
6.8,0.39,0.34,7.4,0.02,38.0,133.0,0.99212,3.18,0.44,12.0,7,0
5.2,0.34,0.37,6.2,0.031,42.0,133.0,0.99076,3.25,0.41,12.5,6,0
5.6,0.28,0.4,6.1,0.034,36.0,118.0,0.99144,3.21,0.43,12.1,7,0
7.8,0.21,0.34,11.9,0.039,55.0,140.0,0.9959,3.02,0.31,10.3,6,0
6.2,0.1,0.41,1.0,0.04,17.0,76.0,0.98988,3.14,0.56,11.4,7,0
6.7,0.18,0.37,1.3,0.027,42.0,125.0,0.98939,3.24,0.37,12.8,7,0
7.0,0.17,0.36,6.4,0.055,42.0,123.0,0.99318,3.11,0.5,11.0,8,0
5.7,0.16,0.32,1.2,0.036,7.0,89.0,0.99111,3.26,0.48,11.0,5,0
6.4,0.22,0.38,9.1,0.044,35.0,127.0,0.99326,2.97,0.3,11.0,7,0
5.6,0.42,0.34,2.4,0.022,34.0,97.0,0.98915,3.22,0.38,12.8,7,0
8.2,0.3,0.44,12.4,0.043,52.0,154.0,0.99452,3.04,0.33,12.0,6,0
7.2,0.13,0.46,1.3,0.044,48.0,111.0,0.99127,2.97,0.45,11.1,5,0
6.6,0.16,0.34,1.1,0.037,41.0,115.0,0.9899,3.01,0.68,12.0,6,0
6.6,0.34,0.24,3.3,0.034,29.0,99.0,0.99031,3.1,0.4,12.3,7,0
6.7,0.13,0.45,4.2,0.043,52.0,131.0,0.99162,3.06,0.54,11.3,6,0
7.8,0.25,0.37,1.0,0.043,10.0,80.0,0.99128,3.08,0.38,11.4,5,0
6.6,0.28,0.41,7.0,0.046,59.0,194.0,0.99558,3.14,0.48,9.4,5,0
5.7,0.26,0.3,1.8,0.039,30.0,105.0,0.98995,3.48,0.52,12.5,7,0
6.6,0.17,0.28,1.8,0.042,62.0,178.0,0.99204,3.15,0.42,10.2,5,0
5.8,0.17,0.36,1.3,0.036,11.0,70.0,0.99202,3.43,0.68,10.4,7,0
6.5,0.22,0.28,3.7,0.059,29.0,151.0,0.99177,3.23,0.41,12.1,7,0
6.5,0.43,0.28,11.25,0.032,31.0,87.0,0.9922,3.02,0.38,12.4,6,0
6.0,0.22,0.33,12.2,0.033,25.0,97.0,0.99356,3.17,0.42,11.3,7,0
6.4,0.17,0.27,9.9,0.047,26.0,101.0,0.99596,3.34,0.5,9.9,6,0
7.0,0.22,0.28,10.6,0.039,32.0,117.0,0.99355,3.05,0.55,11.5,7,0
6.4,0.22,0.32,4.9,0.046,50.0,156.0,0.99316,3.38,0.55,11.2,6,0
8.8,0.27,0.25,5.0,0.024,52.0,99.0,0.9925,2.87,0.49,11.4,5,0
5.8,0.18,0.28,1.3,0.034,9.0,94.0,0.99092,3.21,0.52,11.2,6,0
6.1,0.33,0.32,7.8,0.052,52.0,183.0,0.99657,3.39,0.65,9.5,5,0
6.8,0.24,0.29,9.5,0.042,56.0,157.0,0.99586,3.11,0.51,10.1,6,0
7.1,0.18,0.39,14.5,0.051,48.0,156.0,0.99947,3.35,0.78,9.1,5,0
7.1,0.17,0.4,14.55,0.047,47.0,156.0,0.99945,3.34,0.78,9.1,6,0
8.2,0.34,0.29,5.2,0.076,19.0,92.0,0.99138,2.95,0.39,12.5,6,0
5.8,0.54,0.0,1.4,0.033,40.0,107.0,0.98918,3.26,0.35,12.4,5,0
5.8,0.32,0.2,2.6,0.027,17.0,123.0,0.98936,3.36,0.78,13.9,7,0
6.9,0.29,0.41,7.8,0.046,52.0,171.0,0.99537,3.12,0.51,9.6,5,0
6.8,0.19,0.34,1.9,0.04,41.0,108.0,0.99,3.25,0.45,12.9,6,0
6.7,0.24,0.3,3.85,0.042,105.0,179.0,0.99189,3.04,0.59,11.3,8,0
6.2,0.36,0.45,10.4,0.06,22.0,184.0,0.99711,3.31,0.56,9.8,6,0
7.2,0.23,0.46,6.4,0.036,17.0,85.0,0.99279,3.1,0.78,11.7,6,0
7.2,0.27,0.31,1.2,0.031,27.0,80.0,0.98892,3.03,0.33,12.7,6,0
7.3,0.2,0.29,19.5,0.039,69.0,237.0,1.00037,3.1,0.48,9.2,6,0
8.0,0.25,0.27,9.7,0.036,15.0,85.0,0.99406,2.99,0.36,11.2,6,0
8.1,0.17,0.21,1.6,0.036,24.0,119.0,0.99396,3.18,0.52,10.1,6,0
7.0,0.24,0.35,1.0,0.032,42.0,104.0,0.98988,3.16,0.37,11.7,7,0
6.8,0.19,0.71,17.5,0.042,21.0,114.0,0.99784,2.85,0.5,9.5,6,0
5.6,0.28,0.28,4.2,0.044,52.0,158.0,0.992,3.35,0.44,10.7,7,0
6.6,0.36,0.28,6.1,0.029,12.0,93.0,0.99054,3.19,0.27,12.8,7,0
6.4,0.36,0.2,5.7,0.118,61.0,172.0,0.9946,3.24,0.43,9.5,6,0
5.8,0.58,0.0,1.5,0.02,33.0,96.0,0.98918,3.29,0.38,12.4,6,0
6.4,0.24,0.23,2.0,0.046,30.0,133.0,0.9908,3.12,0.54,11.4,7,0
6.4,0.29,0.24,3.2,0.037,31.0,95.0,0.98942,2.9,0.66,12.6,7,0
6.8,0.52,0.26,5.7,0.038,27.0,130.0,0.99,3.11,0.27,13.0,7,0
5.8,0.275,0.3,5.4,0.043,41.0,149.0,0.9926,3.33,0.42,10.8,7,0
5.0,0.29,0.54,5.7,0.035,54.0,155.0,0.98976,3.27,0.34,12.9,8,0
5.9,0.37,0.32,1.6,0.029,41.0,102.0,0.98916,3.41,0.55,12.7,7,0
6.6,0.34,0.2,1.0,0.053,26.0,112.0,0.99336,3.32,0.55,9.1,5,0
7.2,0.23,0.25,18.8,0.085,19.0,111.0,1.00044,3.1,0.51,8.7,5,0
7.1,0.2,0.27,9.6,0.037,19.0,105.0,0.99444,3.04,0.37,10.5,7,0
7.0,0.22,0.26,9.2,0.027,37.0,122.0,0.99228,3.06,0.34,12.5,8,0
7.5,0.24,0.31,13.1,0.05,26.0,180.0,0.99884,3.05,0.53,9.1,6,0
6.6,0.26,0.28,9.4,0.028,13.0,121.0,0.99254,3.17,0.34,12.1,6,0
4.8,0.17,0.28,2.9,0.03,22.0,111.0,0.9902,3.38,0.34,11.3,7,0
7.0,0.15,0.28,14.7,0.051,29.0,149.0,0.99792,2.96,0.39,9.0,7,0
6.6,0.27,0.33,1.4,0.042,24.0,183.0,0.99215,3.29,0.46,10.7,5,0
6.5,0.33,0.28,6.1,0.018,41.0,103.0,0.99122,3.24,0.32,12.2,6,0
6.3,0.15,0.3,1.4,0.022,38.0,100.0,0.99099,3.42,0.57,11.4,7,0
6.5,0.25,0.27,17.4,0.064,29.0,140.0,0.99776,3.2,0.49,10.1,6,0
7.0,0.3,0.28,2.2,0.042,21.0,177.0,0.99166,3.2,0.57,11.4,5,0
8.1,0.2,0.3,1.3,0.036,7.0,49.0,0.99242,2.99,0.73,10.3,5,0
7.9,0.21,0.39,2.0,0.057,21.0,138.0,0.99176,3.05,0.52,10.9,5,0
6.8,0.41,0.3,8.8,0.045,28.0,131.0,0.9953,3.12,0.59,9.9,5,0
5.1,0.23,0.18,1.0,0.053,13.0,99.0,0.98956,3.22,0.39,11.5,5,0
7.1,0.44,0.23,5.8,0.035,24.0,100.0,0.99062,3.15,0.57,13.2,7,0
6.0,0.31,0.38,4.8,0.04,41.0,101.0,0.98968,3.24,0.56,13.1,6,0
6.8,0.33,0.31,7.4,0.045,34.0,143.0,0.99226,3.06,0.55,12.2,6,0
5.9,0.435,0.16,6.4,0.031,21.0,134.0,0.99151,3.24,0.46,12.2,6,0
4.7,0.455,0.18,1.9,0.036,33.0,106.0,0.98746,3.21,0.83,14.0,7,0
8.6,0.31,0.3,0.9,0.045,16.0,109.0,0.99249,2.95,0.39,10.1,5,0
8.7,0.31,0.21,5.6,0.039,28.0,67.0,0.99328,2.96,0.52,11.0,4,1
6.9,0.4,0.37,8.9,0.053,36.0,148.0,0.996,3.16,0.5,9.3,5,0
7.2,0.23,0.39,1.5,0.053,26.0,106.0,0.99166,3.18,0.47,11.1,6,0
6.6,0.43,0.24,11.9,0.04,54.0,159.0,0.99622,3.14,0.54,9.8,6,0
6.1,0.22,0.25,12.1,0.035,54.0,135.0,0.99481,3.21,0.4,10.7,5,0
6.0,0.26,0.29,3.1,0.041,37.0,144.0,0.98944,3.22,0.39,12.8,7,0
6.8,0.14,0.35,1.5,0.047,40.0,117.0,0.99111,3.07,0.72,11.1,6,0
6.8,0.16,0.36,1.3,0.034,32.0,98.0,0.99058,3.02,0.58,11.3,6,0
7.4,0.16,0.27,15.5,0.05,25.0,135.0,0.9984,2.9,0.43,8.7,7,0
6.4,0.41,0.01,6.1,0.048,20.0,70.0,0.99362,3.19,0.42,10.0,5,0
5.5,0.28,0.21,1.6,0.032,23.0,85.0,0.99027,3.42,0.42,12.5,5,0
6.9,0.38,0.28,8.3,0.062,22.0,166.0,0.99506,3.16,0.72,10.6,5,0
6.2,0.24,0.28,12.2,0.049,54.0,133.0,0.9952,3.19,0.37,10.7,6,0
6.2,0.3,0.32,1.2,0.052,32.0,185.0,0.99266,3.28,0.44,10.1,5,0
6.6,0.41,0.27,10.7,0.11,20.0,103.0,0.99672,3.08,0.41,9.0,6,0
6.9,0.37,0.23,9.5,0.057,54.0,166.0,0.99568,3.23,0.42,10.0,5,0
5.0,0.255,0.22,2.7,0.043,46.0,153.0,0.99238,3.75,0.76,11.3,6,0
6.8,0.18,0.35,5.4,0.054,53.0,143.0,0.99287,3.1,0.54,11.0,7,0
7.2,0.26,0.38,1.5,0.061,12.0,120.0,0.99192,3.18,0.46,10.4,5,0
6.3,0.24,0.22,11.9,0.05,65.0,179.0,0.99659,3.06,0.58,9.3,6,0
5.9,0.24,0.34,2.0,0.037,40.0,108.0,0.98948,3.19,0.5,12.3,6,0
7.8,0.27,0.35,1.2,0.05,36.0,140.0,0.99138,3.09,0.45,11.2,5,0
6.7,0.41,0.27,2.6,0.033,25.0,85.0,0.99086,3.05,0.34,11.7,6,0
6.7,0.24,0.31,2.3,0.044,37.0,113.0,0.99013,3.29,0.46,12.9,6,0
6.2,0.3,0.32,1.3,0.054,27.0,183.0,0.99266,3.3,0.43,10.1,5,0
6.7,0.41,0.27,2.6,0.033,25.0,85.0,0.99086,3.05,0.34,11.7,6,0
7.1,0.38,0.42,11.8,0.041,32.0,193.0,0.99624,3.04,0.49,10.0,6,0
6.6,0.31,0.37,6.2,0.052,13.0,164.0,0.99602,3.24,0.39,8.8,4,1
6.5,0.38,0.53,1.4,0.142,5.0,69.0,0.9926,3.14,0.52,10.1,4,1
6.8,0.26,0.26,2.0,0.019,23.5,72.0,0.99041,3.16,0.47,11.8,6,0
7.0,0.24,0.24,1.8,0.047,29.0,91.0,0.99251,3.3,0.43,9.9,6,0
6.7,0.11,0.26,14.8,0.053,44.0,95.0,0.99676,3.2,0.35,9.8,6,0
6.9,0.52,0.54,7.9,0.036,23.0,169.0,0.99267,3.26,0.47,12.2,6,0
5.8,0.2,0.16,1.4,0.042,44.0,99.0,0.98912,3.23,0.37,12.2,6,0
6.9,0.42,0.2,15.4,0.043,57.0,201.0,0.99848,3.08,0.54,9.4,5,0
5.7,0.22,0.2,16.0,0.044,41.0,113.0,0.99862,3.22,0.46,8.9,6,0
6.2,0.26,0.29,2.0,0.036,16.0,87.0,0.99081,3.33,0.61,11.8,6,0
5.6,0.225,0.24,9.8,0.054,59.0,140.0,0.99545,3.17,0.39,10.2,6,0
7.2,0.585,0.2,10.4,0.086,17.0,94.0,0.99681,3.13,0.4,9.4,5,0
7.3,0.19,0.27,13.9,0.057,45.0,155.0,0.99807,2.94,0.41,8.8,8,0
7.1,0.23,0.3,2.6,0.034,62.0,148.0,0.99121,3.03,0.56,11.3,7,0
7.4,0.16,0.3,1.4,0.064,34.0,166.0,0.99136,3.11,0.42,11.4333333333333,6,0
6.5,0.23,0.2,7.5,0.05,44.0,179.0,0.99504,3.18,0.48,9.53333333333333,5,0
6.5,0.13,0.27,2.6,0.035,32.0,76.0,0.9914,3.21,0.76,11.3333333333333,6,0
6.4,0.26,0.21,8.2,0.05,51.0,182.0,0.99542,3.23,0.48,9.5,5,0
6.7,0.26,0.29,7.1,0.036,28.0,100.0,0.99534,3.08,0.36,9.3,6,0
6.3,0.2,0.26,12.7,0.046,60.0,143.0,0.99526,3.26,0.35,10.8,6,0
6.8,0.43,0.26,5.2,0.043,40.0,176.0,0.99116,3.17,0.41,12.3,6,0
7.1,0.27,0.27,10.4,0.041,26.0,114.0,0.99335,3.04,0.52,11.5,7,0
7.1,0.27,0.27,10.4,0.041,26.0,114.0,0.99335,3.04,0.52,11.5,7,0
6.6,0.38,0.28,2.8,0.043,17.0,67.0,0.98924,3.21,0.47,13.2,6,0
4.4,0.46,0.1,2.8,0.024,31.0,111.0,0.98816,3.48,0.34,13.1,6,0
6.6,0.18,0.26,17.3,0.051,17.0,149.0,0.9984,3.0,0.43,9.4,6,0
6.2,0.2,0.28,1.1,0.039,24.0,78.0,0.9899,3.36,0.47,12.1,6,0
5.7,0.25,0.22,9.8,0.049,50.0,125.0,0.99571,3.2,0.45,10.1,6,0
6.4,0.32,0.26,7.9,0.05,53.0,180.0,0.99514,3.14,0.5,9.6,5,0
6.4,0.32,0.26,7.9,0.05,53.0,180.0,0.99514,3.14,0.5,9.6,5,0
6.0,0.19,0.37,9.7,0.032,17.0,50.0,0.9932,3.08,0.66,12.0,6,0
6.7,0.23,0.17,1.3,0.061,14.0,100.0,0.9925,3.07,0.55,9.5,5,0
6.1,0.27,0.32,1.1,0.034,24.0,110.0,0.9898,3.36,0.4,12.5,6,0
6.0,0.23,0.34,1.3,0.025,23.0,111.0,0.98961,3.36,0.37,12.7,6,0
6.5,0.2,0.31,2.1,0.033,32.0,95.0,0.989435,2.96,0.61,12.0,6,0
6.4,0.46,0.22,14.7,0.047,51.0,183.0,0.998275,3.39,0.6,10.5,5,0
6.1,0.2,0.4,1.9,0.028,32.0,138.0,0.9914,3.26,0.72,11.7,5,0
6.9,0.22,0.32,9.3,0.04,22.0,110.0,0.9958,3.34,0.54,10.7,7,0
5.6,0.26,0.27,10.6,0.03,27.0,119.0,0.9947,3.4,0.34,10.7,7,0
5.8,0.28,0.66,9.1,0.039,26.0,159.0,0.9965,3.66,0.55,10.8,5,0
6.3,0.15,0.34,11.4,0.05,25.0,96.0,0.99754,3.21,0.49,10.0,6,0
6.0,0.27,0.26,1.3,0.038,32.0,138.0,0.99125,3.46,0.43,11.1,6,0
6.7,0.45,0.3,5.3,0.036,27.0,165.0,0.99122,3.12,0.46,12.2,6,0
7.1,0.39,0.3,9.9,0.037,29.0,124.0,0.99414,3.07,0.42,10.9,6,0
6.5,0.16,0.33,1.0,0.027,23.0,75.0,0.9908,3.3,0.39,11.4,7,0
5.8,0.34,0.21,7.2,0.041,48.0,146.0,0.99441,3.16,0.49,9.8,5,0
6.4,0.4,0.25,4.2,0.032,15.0,91.0,0.98988,3.26,0.52,13.1,6,0
6.3,0.3,0.91,8.2,0.034,50.0,199.0,0.99394,3.39,0.49,11.7,6,0
6.0,0.24,0.41,1.3,0.036,42.0,118.0,0.99018,3.04,0.64,11.75,6,0
5.9,0.18,0.28,1.0,0.037,24.0,88.0,0.99094,3.29,0.55,10.65,7,0
6.8,0.63,0.04,1.3,0.058,25.0,133.0,0.99271,3.17,0.39,10.2,4,1
6.7,0.16,0.32,12.5,0.035,18.0,156.0,0.99666,2.88,0.36,9.0,6,0
6.4,0.69,0.09,7.6,0.044,34.0,144.0,0.9948,3.26,0.38,10.1,6,0
5.4,0.205,0.16,12.55,0.051,31.0,115.0,0.99564,3.4,0.38,10.8,6,0
5.2,0.24,0.15,7.1,0.043,32.0,134.0,0.99378,3.24,0.48,9.9,6,0
6.9,0.31,0.33,12.7,0.038,33.0,116.0,0.9954,3.04,0.65,10.4,6,0
6.0,0.17,0.36,1.7,0.042,14.0,61.0,0.99144,3.22,0.54,10.8,6,0
5.5,0.3,0.25,1.9,0.029,33.0,118.0,0.98972,3.36,0.66,12.5,6,0
6.4,0.19,0.35,10.2,0.043,40.0,106.0,0.99632,3.16,0.5,9.7,6,0
6.0,0.38,0.26,3.5,0.035,38.0,111.0,0.98872,3.18,0.47,13.6,7,0
6.9,0.25,0.29,2.4,0.038,28.0,76.0,0.99088,3.01,0.36,11.7,7,0
3.9,0.225,0.4,4.2,0.03,29.0,118.0,0.989,3.57,0.36,12.8,8,0
6.7,0.3,0.5,12.1,0.045,38.0,127.0,0.9974,3.04,0.53,8.9,6,0
6.0,0.31,0.32,7.4,0.175,47.0,159.0,0.9952,3.19,0.5,9.4,6,0
6.0,0.2,0.33,1.1,0.039,45.0,126.0,0.99051,3.31,0.45,11.6,7,0
5.8,0.36,0.5,1.0,0.127,63.0,178.0,0.99212,3.1,0.45,9.7,5,0
6.4,0.23,0.35,10.3,0.042,54.0,140.0,0.9967,3.23,0.47,9.2,5,0
7.0,0.36,0.35,2.5,0.048,67.0,161.0,0.99146,3.05,0.56,11.1,6,0
6.4,0.35,0.51,7.8,0.055,53.0,177.0,0.99502,3.12,0.45,9.6,5,0
5.5,0.31,0.29,3.0,0.027,16.0,102.0,0.99067,3.23,0.56,11.2,6,0
6.6,0.34,0.4,8.1,0.046,68.0,170.0,0.99494,3.15,0.5,9.53333333333333,6,0
6.2,0.41,0.22,1.9,0.023,5.0,56.0,0.98928,3.04,0.79,13.0,7,0
6.0,0.21,0.38,0.8,0.02,22.0,98.0,0.98941,3.26,0.32,11.8,6,0
