1,1,1,11,1,1,1,13,14,6,6,1,0,0,1,0,0,21,0,0,6,8,5,11.6,0,0,6,6,5,13.0,0,12.4,0.5,1.79,Enrolled
2,1,1,13,1,1,1,13,14,31,29,0,0,1,1,1,0,24,0,0,7,7,7,12.271428571428572,0,0,8,10,7,13.657142857142857,0,10.8,1.4,1.74,Graduate
1,1,1,15,1,1,1,1,14,5,5,1,0,0,1,1,0,18,0,0,6,6,6,12.833333333333334,0,0,6,7,6,13.285714285714286,0,15.5,2.8,-4.06,Graduate
1,14,1,15,1,1,1,1,1,5,6,0,0,0,1,0,0,21,0,0,6,8,6,11.714285714285714,0,0,6,7,6,12.0,0,7.6,2.6,0.32,Graduate
1,12,1,3,0,1,1,22,27,7,6,0,0,0,1,0,0,41,0,0,2,2,0,0.0,0,0,6,0,0,0.0,0,12.7,3.7,-1.7,Dropout
1,8,4,2,1,1,1,3,1,3,11,1,0,0,1,1,0,19,0,0,0,0,0,0.0,0,0,0,0,0,0.0,0,9.4,-0.8,-3.12,Dropout
5,4,1,9,1,15,1,22,27,10,10,0,0,0,1,0,0,23,0,10,15,15,13,10.923076923076923,0,5,10,10,7,11.142857142857142,0,15.5,2.8,-4.06,Graduate
2,12,1,17,0,1,1,22,3,10,4,0,0,0,1,1,0,45,0,0,5,6,5,14.0,0,0,5,6,5,14.166666666666666,0,12.4,0.5,1.79,Graduate
1,1,1,2,1,1,1,1,28,5,6,1,0,0,1,1,0,19,0,0,0,0,0,0.0,0,0,0,0,0,0.0,0,15.5,2.8,-4.06,Graduate
1,15,1,4,1,14,1,3,3,8,2,1,0,0,1,1,0,20,0,0,6,12,4,11.6,0,0,6,11,5,11.5,0,15.5,2.8,-4.06,Enrolled
1,8,6,12,1,1,1,1,14,4,4,1,0,0,1,0,0,19,0,0,7,8,5,14.0,0,0,7,7,0,0.0,0,13.9,-0.3,0.79,Dropout
1,1,1,10,1,1,1,13,28,10,10,0,0,0,1,1,1,19,0,0,6,7,6,13.857142857142858,0,0,6,6,6,14.0,0,13.9,-0.3,0.79,Graduate
1,8,3,6,1,1,1,23,1,10,10,1,0,0,1,1,0,21,0,0,5,11,0,0.0,0,0,5,10,5,12.285714285714286,1,10.8,1.4,1.74,Graduate
1,8,2,11,1,1,1,22,27,6,8,1,0,0,1,1,0,30,0,0,6,17,2,10.0,0,0,6,15,3,11.333333333333334,0,7.6,2.6,0.32,Dropout
1,15,1,7,1,14,1,13,3,4,5,0,0,1,0,1,0,23,0,0,5,5,0,0.0,0,0,5,5,0,0.0,0,15.5,2.8,-4.06,Dropout
1,1,1,11,1,1,1,3,14,4,9,1,0,0,1,0,0,18,0,0,6,6,6,15.5,0,0,6,6,6,16.0,0,12.4,0.5,1.79,Graduate
1,12,1,4,1,12,1,13,27,2,2,0,0,1,1,1,0,24,0,0,6,10,6,14.88888888888889,0,0,6,11,6,13.727272727272728,0,16.2,0.3,-0.92,Enrolled
2,14,1,3,0,1,1,19,24,1,1,0,0,0,1,0,1,35,0,11,16,16,16,12.6875,0,11,13,13,13,12.0,0,9.4,-0.8,-3.12,Graduate
1,4,1,3,0,15,1,22,14,10,4,0,0,0,1,0,0,36,0,6,10,15,4,13.0,0,5,9,10,4,13.75,0,8.9,1.4,3.51,Dropout
1,1,4,9,1,1,1,1,14,5,7,1,0,0,1,0,0,24,0,0,5,11,2,10.5,0,0,5,14,1,11.0,0,12.7,3.7,-1.7,Enrolled
1,8,1,6,1,1,1,1,14,5,10,1,0,0,1,0,0,18,0,0,5,7,5,13.8,0,0,5,5,5,12.6,0,10.8,1.4,1.74,Graduate
1,1,6,12,1,1,1,4,14,3,4,1,0,0,1,1,0,18,0,0,7,0,0,0.0,0,0,8,0,0,0.0,0,16.2,0.3,-0.92,Dropout
1,8,1,4,1,1,1,13,1,10,3,1,0,0,1,0,1,19,0,0,6,7,6,15.0,0,0,6,8,6,14.333333333333334,0,12.4,0.5,1.79,Graduate
2,1,1,11,1,1,1,13,28,5,8,0,0,0,1,1,0,33,0,3,9,11,9,12.8,0,2,7,9,7,11.428571428571429,0,12.7,3.7,-1.7,Graduate
1,1,1,6,1,1,1,23,27,10,7,1,0,0,1,1,0,18,0,0,5,6,4,11.75,0,0,5,10,5,12.571428571428571,1,10.8,1.4,1.74,Graduate
6,12,1,3,0,1,1,22,1,10,8,0,0,0,1,0,1,41,0,0,6,10,5,12.833333333333334,0,0,6,6,6,12.333333333333334,0,13.9,-0.3,0.79,Graduate
4,12,1,10,1,1,1,13,3,10,3,0,0,0,1,1,0,50,0,0,6,7,4,12.25,0,0,6,7,0,0.0,0,8.9,1.4,3.51,Dropout
1,1,5,11,1,1,1,13,14,5,8,1,0,0,1,0,0,19,0,0,6,9,5,11.6,0,0,6,12,5,12.2,0,13.9,-0.3,0.79,Graduate
1,1,2,12,1,1,1,13,1,10,2,0,0,0,1,0,0,20,0,0,7,9,6,12.783333333333331,0,0,8,9,7,12.842857142857143,0,13.9,-0.3,0.79,Graduate
1,1,1,12,1,1,1,1,14,6,8,0,0,0,1,0,1,19,0,0,7,8,7,12.8375,0,0,8,8,8,15.5,0,13.9,-0.3,0.79,Graduate
2,12,1,9,1,1,1,22,27,10,8,0,0,0,1,1,0,30,0,0,5,8,2,11.0,0,0,5,6,4,11.5,0,15.5,2.8,-4.06,Dropout
1,1,3,5,1,1,1,28,3,15,21,1,0,1,1,1,0,19,0,0,6,6,6,12.0,0,0,6,7,6,13.571428571428571,0,8.9,1.4,3.51,Graduate
2,12,2,13,1,1,1,13,28,10,10,0,0,0,1,0,1,26,0,0,7,7,0,0.0,0,0,8,8,0,0.0,6,10.8,1.4,1.74,Enrolled
1,12,1,17,0,1,1,13,28,6,6,0,0,0,1,1,0,27,0,0,5,5,5,15.2,0,0,5,6,5,14.166666666666666,0,10.8,1.4,1.74,Graduate
1,1,1,10,1,1,1,23,27,10,8,1,0,0,1,0,1,18,0,0,6,7,6,12.833333333333334,0,0,6,6,6,12.166666666666666,0,10.8,1.4,1.74,Graduate
2,12,1,6,1,1,1,13,14,2,5,0,0,0,1,0,0,29,0,0,5,8,5,15.333333333333334,2,0,5,6,5,15.4,0,9.4,-0.8,-3.12,Dropout
1,1,2,12,1,1,1,1,14,5,5,1,0,0,1,0,1,19,0,0,7,9,5,13.34,0,0,7,9,6,12.385714285714286,0,12.4,0.5,1.79,Enrolled
1,8,6,9,1,1,1,13,28,8,10,0,0,0,1,0,1,19,0,0,5,5,5,12.4,0,0,5,8,3,11.0,0,12.7,3.7,-1.7,Enrolled
1,1,1,12,1,1,1,1,1,12,4,0,0,0,1,0,1,19,0,0,7,7,0,0.0,2,0,7,7,0,0.0,2,7.6,2.6,0.32,Dropout
1,1,3,12,1,1,1,1,1,6,6,1,0,0,1,0,1,19,0,0,7,7,7,13.094285714285714,0,0,8,8,8,12.55,0,12.4,0.5,1.79,Graduate
1,1,1,12,1,1,1,13,14,5,5,0,0,0,1,0,0,18,0,0,8,8,7,13.485714285714284,0,0,8,8,7,13.485714285714284,0,12.7,3.7,-1.7,Graduate
1,12,1,12,1,12,1,23,28,10,9,1,0,0,1,1,0,24,0,0,7,7,6,12.666666666666666,1,0,7,7,6,12.666666666666666,1,7.6,2.6,0.32,Graduate
1,12,1,17,0,3,1,22,27,10,10,0,0,0,1,0,0,28,0,10,14,16,11,11.272727272727272,0,6,11,16,10,12.0,0,10.8,1.4,1.74,Graduate
1,1,1,11,1,1,1,23,14,10,11,0,0,0,1,0,0,18,0,0,6,6,6,12.5,0,0,6,6,6,12.666666666666666,0,15.5,2.8,-4.06,Graduate
1,1,1,15,1,1,1,22,28,8,8,0,0,0,1,0,1,18,0,0,6,6,6,12.166666666666666,0,0,6,7,6,12.142857142857142,0,15.5,2.8,-4.06,Graduate
1,8,1,12,1,1,1,13,1,10,8,1,0,0,1,0,1,19,0,0,7,7,7,13.894285714285711,0,0,8,8,8,14.3625,0,11.1,0.6,2.02,Graduate
1,15,1,7,1,14,1,13,27,5,8,0,0,1,1,0,0,26,0,0,5,6,0,0.0,0,0,5,5,0,0.0,0,16.2,0.3,-0.92,Dropout
1,8,3,7,1,1,1,3,3,4,5,1,1,0,1,1,0,19,0,0,5,10,3,13.333333333333334,0,0,5,9,4,10.75,0,8.9,1.4,3.51,Dropout
1,14,1,14,1,6,1,19,24,1,1,0,0,0,1,1,0,35,0,1,5,5,1,14.0,0,0,5,5,0,0.0,0,9.4,-0.8,-3.12,Dropout
1,1,1,14,1,1,1,22,27,11,7,1,0,0,1,0,0,20,0,0,5,6,3,13.0,0,0,5,7,3,13.0,1,7.6,2.6,0.32,Enrolled
1,1,1,14,1,1,1,13,1,8,5,0,0,0,1,1,0,21,0,0,5,7,5,11.166666666666666,0,0,5,5,4,11.0,0,9.4,-0.8,-3.12,Dropout
1,1,1,9,1,1,1,23,27,6,7,0,0,0,1,0,1,18,0,0,5,11,4,11.571428571428571,0,0,5,9,5,12.0,0,13.9,-0.3,0.79,Enrolled
1,14,1,17,0,1,1,3,14,2,2,0,0,0,0,1,0,40,0,0,5,5,0,0.0,0,0,5,6,0,0.0,0,10.8,1.4,1.74,Dropout
1,12,1,7,1,1,1,3,3,5,5,1,0,0,1,1,0,27,0,0,5,10,1,14.0,0,0,5,0,0,0.0,0,8.9,1.4,3.51,Dropout
1,1,4,6,1,1,1,23,27,10,10,1,0,0,1,0,1,19,0,0,5,5,5,13.6,0,0,5,5,5,14.6,0,10.8,1.4,1.74,Graduate
1,1,3,12,1,1,1,23,14,9,9,1,0,1,1,0,1,18,0,0,7,8,7,12.65,0,0,8,9,8,12.445555555555554,0,15.5,2.8,-4.06,Graduate
1,12,1,13,1,1,1,23,28,29,44,0,0,1,1,0,1,24,0,0,7,13,7,11.0,0,0,8,13,7,11.7,0,12.7,3.7,-1.7,Graduate
1,1,1,2,1,1,1,1,3,4,8,1,0,1,1,1,0,19,0,6,12,13,11,12.0,0,4,11,15,10,11.181818181818182,0,8.9,1.4,3.51,Enrolled
1,14,1,5,1,1,1,22,27,10,10,1,0,0,1,0,0,25,0,0,6,6,6,13.5,0,0,6,6,6,12.5,0,9.4,-0.8,-3.12,Graduate
1,8,1,5,1,1,1,1,1,5,9,1,0,1,0,0,1,18,0,0,6,6,6,11.833333333333334,0,0,6,8,6,11.0,0,12.7,3.7,-1.7,Dropout
1,12,1,3,0,1,1,22,27,10,9,0,0,1,0,0,0,44,0,2,8,12,4,12.0,2,2,7,9,4,12.0,2,8.9,1.4,3.51,Dropout
1,9,1,12,1,1,1,23,27,6,6,1,0,0,1,0,0,20,0,0,8,8,7,14.402857142857142,0,0,8,8,7,14.402857142857142,0,10.8,1.4,1.74,Graduate
1,8,1,10,1,1,1,13,1,1,6,1,0,0,1,0,0,18,0,0,6,9,5,11.833333333333334,0,0,6,7,5,13.8,0,13.9,-0.3,0.79,Graduate
1,12,1,12,1,1,1,3,3,3,3,0,0,0,0,1,0,36,0,0,6,15,2,11.5,0,0,7,9,0,0.0,0,15.5,2.8,-4.06,Dropout
1,15,1,4,1,14,1,13,27,7,7,0,0,1,1,0,1,19,0,0,6,9,6,14.333333333333334,0,0,6,7,6,13.833333333333334,0,13.9,-0.3,0.79,Graduate
1,1,5,11,1,1,1,3,14,4,10,1,0,0,1,1,0,20,0,0,6,10,4,13.0,0,0,6,6,6,13.0,0,12.4,0.5,1.79,Graduate
2,15,1,4,1,14,1,22,27,5,8,0,0,0,1,1,0,37,0,0,6,17,1,12.0,0,0,6,23,2,10.5,1,16.2,0.3,-0.92,Dropout
1,1,1,6,1,1,1,23,27,10,8,1,0,0,1,0,0,18,0,0,5,8,4,12.75,1,0,5,10,4,11.75,0,12.7,3.7,-1.7,Graduate
1,1,6,7,1,1,1,2,1,4,6,1,0,0,1,1,0,18,0,0,5,10,0,0.0,0,0,5,10,1,10.0,3,7.6,2.6,0.32,Enrolled
1,6,1,6,1,1,14,22,27,10,10,0,0,0,1,0,0,18,1,0,6,13,4,12.25,0,0,6,15,5,11.0,0,11.1,0.6,2.02,Dropout
1,1,1,12,1,1,1,13,27,4,9,0,0,0,1,0,1,18,0,0,7,10,7,14.668,0,0,8,8,8,14.63375,0,15.5,2.8,-4.06,Graduate
2,12,1,4,1,1,1,22,27,10,7,0,0,0,1,0,0,46,0,14,19,24,19,12.210526315789474,0,11,13,13,13,11.384615384615383,0,15.5,2.8,-4.06,Graduate
1,13,1,12,1,1,1,13,14,10,10,0,0,1,1,1,0,24,0,0,8,16,2,10.25,1,0,8,16,2,10.25,1,12.7,3.7,-1.7,Dropout
1,1,1,15,1,1,1,1,14,10,8,0,0,0,1,1,1,18,0,0,6,6,6,15.5,0,0,6,6,6,14.166666666666666,0,11.1,0.6,2.02,Graduate
1,1,1,2,1,1,1,3,2,5,3,1,0,0,1,0,0,21,0,6,12,12,8,13.875,0,4,11,13,9,12.7,1,8.9,1.4,3.51,Dropout
1,8,2,9,1,1,1,1,28,6,8,1,0,0,1,1,0,20,0,0,5,8,2,10.5,0,0,5,11,4,12.25,0,10.8,1.4,1.74,Enrolled
1,1,1,2,1,1,1,22,14,10,9,0,0,0,1,1,1,20,0,0,0,0,0,0.0,0,0,0,0,0,0.0,0,13.9,-0.3,0.79,Enrolled
1,12,1,12,1,1,1,1,28,4,8,0,0,0,1,0,1,27,0,0,7,8,6,12.6,0,0,7,9,6,11.685714285714283,0,12.4,0.5,1.79,Enrolled
1,1,3,12,1,1,1,13,14,10,8,1,0,0,1,0,1,19,0,0,7,10,7,13.605,0,0,8,11,8,12.33125,0,15.5,2.8,-4.06,Graduate
1,8,5,6,1,1,1,13,14,12,8,0,0,0,0,0,0,18,0,0,6,0,0,0.0,0,0,6,0,0,0.0,0,12.7,3.7,-1.7,Dropout
1,1,6,12,1,1,1,23,14,4,4,1,0,0,1,1,0,18,0,0,7,7,7,13.175714285714289,0,0,8,8,8,14.925,0,12.4,0.5,1.79,Graduate
1,12,1,7,1,1,1,22,3,10,4,1,0,0,1,1,0,28,0,0,5,11,4,10.5,0,0,5,12,4,11.0,4,7.6,2.6,0.32,Enrolled
1,1,1,12,1,1,1,3,1,3,2,0,0,0,1,0,1,19,0,0,7,8,7,14.4125,0,0,8,8,8,16.05,0,13.9,-0.3,0.79,Graduate
1,15,1,6,1,14,1,1,1,5,5,1,0,0,1,0,0,23,0,1,6,12,4,13.4,0,1,6,17,2,13.5,0,12.4,0.5,1.79,Enrolled
1,12,1,14,1,7,1,6,16,4,4,0,0,1,0,1,0,26,0,0,5,5,0,0.0,0,0,5,5,0,0.0,5,9.4,-0.8,-3.12,Dropout
2,12,1,10,1,1,1,23,28,10,8,0,0,1,1,0,1,42,0,0,6,8,6,13.333333333333334,0,0,6,7,6,15.285714285714286,0,11.1,0.6,2.02,Graduate
1,8,6,12,1,1,1,1,28,5,9,1,0,0,1,0,0,20,0,0,7,9,6,13.0,0,0,8,8,8,14.2125,0,13.9,-0.3,0.79,Dropout
1,12,1,4,1,1,1,22,27,7,7,0,0,1,0,1,0,28,0,4,10,19,8,11.88888888888889,0,2,8,17,5,11.6,1,15.5,2.8,-4.06,Dropout
1,9,1,15,1,1,1,23,27,10,9,0,0,0,1,1,1,21,0,0,6,8,5,13.833333333333334,0,0,6,6,4,14.0,0,13.9,-0.3,0.79,Graduate
