1,1,2,5,1,1,1,4,1,3,4,1,0,0,1,0,0,18,0,0,6,8,4,10.75,0,0,6,9,0,0.0,0,9.4,-0.8,-3.12,Enrolled
1,1,2,9,1,1,1,22,14,6,6,1,0,0,1,0,1,20,0,0,5,5,5,11.6,0,0,5,5,5,13.6,0,12.4,0.5,1.79,Graduate
1,4,1,17,0,3,1,22,27,10,10,0,0,0,1,1,0,27,0,0,5,6,4,13.5,0,0,5,6,4,13.75,0,7.6,2.6,0.32,Graduate
1,1,3,5,1,1,1,23,27,6,6,1,0,0,1,0,0,18,0,0,6,6,6,14.166666666666666,0,0,6,6,6,14.0,0,16.2,0.3,-0.92,Graduate
1,1,1,14,1,1,1,19,28,1,5,0,0,0,1,0,0,22,0,0,5,6,2,12.5,0,0,5,5,0,0.0,0,9.4,-0.8,-3.12,Dropout
1,12,1,11,1,1,1,1,1,10,7,1,0,1,0,0,0,24,0,0,6,14,6,11.285714285714286,0,0,6,16,3,10.333333333333334,0,8.9,1.4,3.51,Dropout
5,13,1,11,1,2,1,22,27,5,10,0,0,0,1,0,0,32,0,9,15,21,13,12.692307692307692,0,12,15,22,13,12.384615384615383,0,10.8,1.4,1.74,Graduate
4,12,1,12,1,1,1,23,27,8,8,1,0,0,1,0,0,24,0,0,8,11,7,12.16,0,0,8,11,7,12.16,0,10.8,1.4,1.74,Graduate
1,1,1,3,0,1,1,23,28,10,8,1,0,0,1,0,0,28,0,0,6,8,5,12.8,0,0,6,8,5,11.0,0,9.4,-0.8,-3.12,Graduate
1,8,6,12,1,1,1,1,14,5,5,0,0,0,1,0,1,20,0,3,7,7,7,13.914285714285713,0,5,8,8,8,14.10625,0,11.1,0.6,2.02,Graduate
1,7,1,2,1,1,1,22,27,10,10,1,0,0,1,1,0,19,0,0,0,0,0,0.0,0,0,0,0,0,0.0,0,7.6,2.6,0.32,Dropout
2,1,1,6,1,1,1,13,14,30,29,0,0,0,1,1,1,23,0,0,5,6,5,11.8,0,0,5,7,4,13.25,1,10.8,1.4,1.74,Graduate
1,6,1,9,1,1,12,1,1,10,8,0,0,1,1,1,0,21,1,0,5,9,3,12.333333333333334,0,0,5,8,4,11.25,0,8.9,1.4,3.51,Enrolled
1,1,1,12,1,1,1,22,27,10,8,0,0,0,1,1,1,18,0,0,8,8,8,12.93875,0,0,8,8,8,12.93875,0,9.4,-0.8,-3.12,Graduate
1,8,3,10,1,1,1,3,3,3,3,1,0,0,1,0,0,19,0,0,6,10,6,12.0,0,0,6,12,4,11.0,0,12.7,3.7,-1.7,Graduate
1,14,1,6,1,1,1,2,1,5,5,0,0,0,1,0,0,19,0,0,6,7,6,15.0,0,0,6,8,6,15.625,0,12.4,0.5,1.79,Graduate
1,8,1,16,1,1,1,3,3,18,24,0,0,0,1,0,0,20,0,0,7,9,6,11.833333333333334,0,0,7,7,6,14.333333333333334,0,11.1,0.6,2.02,Enrolled
1,1,4,7,1,1,1,3,1,15,31,0,0,0,1,1,0,18,0,0,5,9,1,13.0,0,0,5,5,0,0.0,0,8.9,1.4,3.51,Dropout
1,8,4,13,1,1,1,23,27,4,8,1,0,0,1,0,0,21,0,0,7,0,0,0.0,0,0,7,0,0,0.0,0,12.7,3.7,-1.7,Dropout
1,8,4,12,1,1,1,1,1,5,5,1,0,0,1,0,0,18,0,0,7,7,7,14.424285714285714,0,0,8,8,8,13.9375,0,11.1,0.6,2.02,Graduate
1,8,2,12,1,1,1,22,27,10,10,1,0,0,1,0,0,18,0,0,7,7,6,14.316666666666668,0,0,7,7,6,14.316666666666668,0,7.6,2.6,0.32,Graduate
1,1,6,12,1,1,1,1,14,4,4,1,0,0,1,0,1,19,0,0,7,7,7,12.765714285714289,0,0,8,9,8,13.544444444444444,0,12.4,0.5,1.79,Graduate
1,14,1,17,0,9,1,10,10,10,10,0,0,0,1,1,0,28,0,7,13,13,7,10.285714285714286,0,5,11,13,5,10.6,0,10.8,1.4,1.74,Dropout
1,12,1,12,1,1,1,3,3,2,2,1,0,0,1,0,0,24,0,0,8,8,8,13.385,0,0,8,8,8,13.385,0,9.4,-0.8,-3.12,Graduate
1,9,2,12,1,1,1,23,27,6,6,1,0,0,1,0,1,19,0,0,8,8,7,12.342857142857143,0,0,8,8,7,12.342857142857143,0,10.8,1.4,1.74,Graduate
1,8,1,2,1,1,1,4,4,4,4,0,0,1,1,1,0,19,0,5,12,12,10,12.7,0,4,11,16,10,12.272727272727272,0,8.9,1.4,3.51,Enrolled
1,12,1,3,0,1,1,13,27,9,8,1,0,0,1,0,0,24,0,0,6,11,1,10.0,0,0,6,6,0,0.0,6,9.4,-0.8,-3.12,Dropout
1,8,1,15,1,1,1,22,27,10,9,1,0,0,1,0,1,18,0,0,6,7,6,13.857142857142858,0,0,6,7,6,14.285714285714286,0,13.9,-0.3,0.79,Graduate
1,12,1,3,0,1,1,22,27,8,9,0,0,0,1,0,1,27,0,0,6,8,6,11.833333333333334,0,0,6,10,5,12.8,0,15.5,2.8,-4.06,Graduate
1,1,1,2,1,1,1,13,1,10,10,1,0,0,1,1,0,20,0,0,0,0,0,0.0,0,0,0,0,0,0.0,0,10.8,1.4,1.74,Enrolled
4,12,1,4,1,1,1,13,14,10,5,0,0,0,1,0,0,39,0,0,6,15,2,13.0,2,0,6,13,3,13.0,1,15.5,2.8,-4.06,Enrolled
1,14,1,9,1,1,1,13,1,10,6,0,0,0,1,1,0,22,0,5,9,9,5,11.2,0,5,9,14,7,11.25,2,12.7,3.7,-1.7,Dropout
1,4,1,12,1,3,1,13,28,6,4,0,0,0,1,0,0,23,0,0,8,8,8,13.22,0,0,8,8,8,13.22,0,9.4,-0.8,-3.12,Graduate
2,12,1,4,1,1,1,22,27,10,7,0,0,0,1,1,0,60,0,17,18,18,18,14.11111111111111,0,11,13,13,13,14.23076923076923,0,15.5,2.8,-4.06,Graduate
1,1,1,12,1,1,1,13,14,6,7,0,0,0,1,0,1,18,0,0,7,7,7,13.79714285714286,0,0,8,8,8,13.775,0,12.4,0.5,1.79,Enrolled
2,4,1,3,0,3,1,20,25,12,12,0,0,0,0,0,0,59,0,10,15,22,12,13.333333333333334,0,8,8,8,8,12.875,0,10.8,1.4,1.74,Dropout
1,1,2,13,1,1,1,1,14,5,6,1,0,0,1,0,1,18,0,0,7,8,7,12.214285714285714,0,0,8,8,8,14.0625,0,16.2,0.3,-0.92,Graduate
1,1,1,3,0,1,1,3,1,3,10,1,0,0,1,1,0,26,0,0,6,6,6,11.833333333333334,0,0,6,6,6,11.666666666666666,0,10.8,1.4,1.74,Enrolled
1,14,1,6,1,1,1,13,28,5,10,1,0,0,0,0,0,19,0,0,6,12,5,13.0,0,0,6,12,3,11.666666666666666,0,13.9,-0.3,0.79,Enrolled
1,12,1,4,1,1,1,23,28,5,8,1,0,0,0,0,0,27,0,0,6,8,0,0.0,0,0,6,8,0,0.0,0,15.5,2.8,-4.06,Dropout
1,8,4,5,1,1,1,1,3,5,2,1,0,0,1,0,0,20,0,0,6,7,6,11.5,0,0,6,6,6,12.0,0,16.2,0.3,-0.92,Graduate
1,1,5,9,1,1,1,24,29,4,4,1,0,0,0,1,0,18,0,0,5,0,0,0.0,0,0,5,0,0,0.0,0,11.1,0.6,2.02,Dropout
1,1,1,9,1,1,1,23,14,10,11,0,0,0,1,0,1,20,0,5,10,13,9,12.9,0,4,10,12,10,12.363636363636363,0,8.9,1.4,3.51,Graduate
1,12,1,12,1,1,1,13,1,2,2,0,0,0,1,0,0,25,0,0,8,8,7,12.084285714285716,0,0,8,8,7,12.084285714285716,0,10.8,1.4,1.74,Graduate
1,8,1,9,1,1,1,22,27,10,8,1,0,0,1,0,0,20,0,0,5,9,1,10.0,0,0,5,10,1,11.0,0,7.6,2.6,0.32,Dropout
1,1,5,12,1,1,1,23,14,8,8,1,0,0,0,0,0,19,0,0,7,0,0,0.0,0,0,8,0,0,0.0,0,12.7,3.7,-1.7,Dropout
1,1,1,10,1,1,1,19,24,1,1,1,0,0,1,0,0,18,0,0,6,9,4,11.0,0,0,6,9,4,10.75,0,7.6,2.6,0.32,Graduate
1,1,5,5,1,1,1,13,27,6,6,1,0,1,0,1,0,21,0,0,6,6,1,14.0,0,0,6,7,0,0.0,7,9.4,-0.8,-3.12,Dropout
1,8,1,10,1,1,1,13,28,4,8,0,0,0,1,0,1,19,0,0,6,13,6,11.5,0,0,6,9,5,12.2,0,11.1,0.6,2.02,Graduate
2,12,1,7,1,1,1,13,14,1,6,0,0,1,1,1,0,30,0,0,5,5,0,0.0,0,0,5,5,0,0.0,0,7.6,2.6,0.32,Dropout
2,13,1,9,1,1,1,22,27,10,10,1,0,0,1,0,0,54,0,13,15,20,13,12.461538461538462,1,10,13,13,10,11.1,1,15.5,2.8,-4.06,Dropout
4,12,1,12,1,12,1,22,28,6,6,0,0,1,0,1,0,47,0,0,7,7,0,0.0,7,0,8,8,0,0.0,8,15.5,2.8,-4.06,Dropout
1,1,1,8,1,1,1,1,1,10,10,1,0,0,1,0,0,20,0,0,5,10,4,12.5,0,0,5,12,2,13.0,0,12.7,3.7,-1.7,Enrolled
1,1,4,12,1,1,1,1,1,5,11,1,0,0,1,1,1,18,0,0,7,7,7,14.682857142857143,0,0,8,9,8,15.055555555555555,0,12.4,0.5,1.79,Graduate
1,8,1,12,1,1,1,1,1,10,10,1,0,0,1,0,1,18,0,0,7,10,5,13.46,0,0,7,8,7,12.2375,0,11.1,0.6,2.02,Dropout
1,8,1,14,1,1,1,22,27,10,10,1,0,0,1,1,0,19,0,0,6,7,5,13.2,0,0,6,10,5,13.25,0,10.8,1.4,1.74,Enrolled
1,16,1,11,1,1,1,23,28,10,10,0,0,0,1,0,0,28,0,0,6,8,6,12.857142857142858,0,0,6,8,5,12.6,0,8.9,1.4,3.51,Graduate
1,8,2,5,1,1,1,22,28,10,11,1,0,0,1,1,1,23,0,0,6,8,6,13.333333333333334,0,0,6,7,5,12.8,0,9.4,-0.8,-3.12,Graduate
1,12,1,12,1,4,1,3,28,4,8,1,0,0,1,1,0,26,0,2,7,8,6,13.046666666666669,0,2,8,10,7,13.30625,0,11.1,0.6,2.02,Dropout
1,1,1,15,1,1,1,22,28,10,8,0,0,1,1,0,0,19,0,0,6,13,3,12.666666666666666,0,0,6,12,2,10.0,0,10.8,1.4,1.74,Dropout
1,8,1,11,1,1,1,9,24,6,1,1,0,0,1,0,0,22,0,0,6,10,4,10.5,0,0,6,14,1,11.0,0,7.6,2.6,0.32,Dropout
1,9,2,5,1,1,1,23,14,6,6,0,0,0,1,1,0,18,0,0,6,8,5,11.0,0,0,6,6,4,10.75,0,9.4,-0.8,-3.12,Graduate
1,1,5,14,1,1,1,13,28,10,10,1,0,0,0,0,0,18,0,0,6,0,0,0.0,0,0,6,0,0,0.0,0,8.9,1.4,3.51,Dropout
2,4,1,2,1,3,1,13,14,10,10,1,0,0,1,1,0,37,0,0,0,0,0,0.0,0,0,0,0,0,0.0,0,7.6,2.6,0.32,Dropout
2,12,1,17,0,1,1,22,27,10,10,1,0,0,1,1,0,31,0,0,5,8,1,11.0,0,0,5,5,1,13.0,0,9.4,-0.8,-3.12,Dropout
1,1,1,10,1,1,1,22,27,6,11,0,0,0,1,1,0,19,0,0,6,9,5,10.8,0,0,6,11,5,11.0,0,7.6,2.6,0.32,Graduate
1,4,1,6,1,15,1,1,14,6,6,1,0,0,1,0,0,23,0,0,6,7,6,15.571428571428571,0,0,6,8,6,16.375,0,12.4,0.5,1.79,Graduate
1,17,1,6,1,16,1,1,14,5,8,0,0,0,1,0,0,20,0,7,11,13,11,15.692307692307692,0,4,9,9,9,15.555555555555555,0,8.9,1.4,3.51,Graduate
1,8,2,12,1,1,1,13,27,5,8,1,0,0,1,0,1,19,0,0,7,9,6,12.339999999999998,0,0,8,9,8,13.01875,0,11.1,0.6,2.02,Graduate
1,13,1,9,1,1,1,19,24,13,13,1,0,0,0,1,0,23,0,0,3,3,0,0.0,0,0,2,2,0,0.0,0,7.6,2.6,0.32,Dropout
1,1,2,16,1,1,1,1,28,5,10,1,0,0,1,0,0,19,0,0,6,9,5,12.2,0,0,6,10,4,13.0,0,9.4,-0.8,-3.12,Enrolled
1,15,1,5,1,1,1,1,1,10,9,1,0,0,1,0,0,19,0,2,7,7,7,13.0,0,5,9,9,9,13.22222222222222,0,12.4,0.5,1.79,Graduate
2,12,2,3,0,1,1,19,24,1,1,1,0,0,1,0,0,41,0,0,6,9,5,11.8,0,1,6,10,3,10.666666666666666,1,7.6,2.6,0.32,Graduate
1,8,4,15,1,1,1,23,14,10,10,0,0,0,1,0,0,19,0,0,6,8,4,11.25,0,0,6,0,0,0.0,0,15.5,2.8,-4.06,Dropout
1,12,1,12,1,12,1,23,27,10,10,0,0,0,1,0,0,24,0,0,7,9,6,12.585714285714284,0,0,8,9,7,13.44285714285714,0,13.9,-0.3,0.79,Graduate
1,1,1,12,1,1,1,5,1,3,6,0,0,0,1,0,0,19,0,2,7,8,7,12.67,0,1,8,8,8,13.55,0,11.1,0.6,2.02,Graduate
1,8,1,6,1,1,1,23,28,29,38,1,0,0,1,0,0,20,0,0,6,13,6,15.692307692307692,0,0,6,13,5,14.428571428571429,0,15.5,2.8,-4.06,Graduate
1,8,5,10,1,1,1,13,27,6,8,1,0,0,1,0,1,19,0,0,6,9,5,11.333333333333334,0,0,6,6,6,10.833333333333334,0,13.9,-0.3,0.79,Enrolled
1,1,2,5,1,1,1,23,28,10,8,1,0,0,1,0,0,18,0,0,6,7,6,14.166666666666666,0,0,6,7,6,14.857142857142858,0,9.4,-0.8,-3.12,Graduate
1,1,1,9,1,1,1,13,14,10,10,1,0,0,1,0,1,18,0,0,5,10,5,12.0,0,0,5,8,4,11.6,0,13.9,-0.3,0.79,Graduate
1,1,1,15,1,1,1,23,14,18,16,0,0,1,1,0,0,20,0,0,6,6,5,11.0,0,0,6,6,6,13.166666666666666,0,16.2,0.3,-0.92,Graduate
1,14,1,15,1,1,1,13,14,10,9,0,0,0,1,0,1,20,0,0,6,6,6,13.666666666666666,0,0,6,6,6,13.333333333333334,0,12.4,0.5,1.79,Graduate
1,8,3,13,1,1,1,13,14,10,5,1,0,0,1,0,1,19,0,0,7,8,7,12.142857142857142,0,0,8,8,8,13.375,0,16.2,0.3,-0.92,Dropout
1,4,1,14,1,3,1,16,27,4,4,1,0,0,1,1,0,27,0,7,12,12,9,12.333333333333334,0,6,11,11,6,13.166666666666666,0,9.4,-0.8,-3.12,Dropout
1,7,1,5,1,1,1,1,1,4,4,1,0,0,1,0,0,18,0,0,6,6,1,15.0,0,0,6,7,4,12.5,0,9.4,-0.8,-3.12,Enrolled
2,14,1,17,0,1,1,23,14,4,4,0,0,0,0,0,0,39,0,11,15,15,12,11.916666666666666,0,8,13,14,8,11.25,0,10.8,1.4,1.74,Dropout
1,1,1,12,1,1,1,1,14,4,4,1,0,0,1,0,1,18,0,0,7,7,7,15.101428571428572,0,0,8,8,8,16.09375,0,11.1,0.6,2.02,Graduate
1,8,5,6,1,1,1,23,28,10,10,1,0,0,1,0,0,19,0,0,12,22,6,15.307692307692308,0,0,10,13,6,13.875,0,15.5,2.8,-4.06,Graduate
1,14,2,14,1,1,1,3,3,6,6,1,0,0,1,0,0,19,0,0,5,5,4,13.75,0,0,6,9,5,12.6,0,12.7,3.7,-1.7,Enrolled
