1,12,1,8,1,1,1,1,1,12,2,1,0,1,0,1,0,41,0,0,5,5,0,0.0,1,0,5,5,0,0.0,5,12.7,3.7,-1.7,Dropout
1,1,1,10,1,1,1,13,27,1,1,1,0,0,1,0,0,19,0,0,6,10,0,0.0,4,0,6,0,0,0.0,0,7.6,2.6,0.32,Dropout
1,8,1,11,1,1,1,22,27,8,8,1,0,0,1,0,0,20,0,0,6,13,3,10.333333333333334,0,0,6,12,3,10.333333333333334,0,10.8,1.4,1.74,Enrolled
1,8,1,8,1,1,1,1,1,5,6,0,0,0,1,0,0,18,0,0,5,7,4,12.0,0,0,5,6,5,12.0,0,7.6,2.6,0.32,Graduate
1,3,2,16,1,1,1,13,14,4,4,1,0,0,1,0,1,19,0,0,6,8,6,12.666666666666666,0,0,6,7,6,12.0,0,12.7,3.7,-1.7,Graduate
1,7,2,5,1,1,1,1,1,4,2,1,0,1,1,1,0,19,0,0,6,11,5,11.2,0,0,6,7,6,12.0,0,9.4,-0.8,-3.12,Graduate
1,1,2,7,1,1,1,1,28,20,43,1,0,0,1,1,0,20,0,0,5,7,5,10.8,0,0,5,9,3,12.0,0,8.9,1.4,3.51,Enrolled
1,1,1,2,1,1,1,22,14,8,8,1,0,0,1,1,1,18,0,0,0,0,0,0.0,0,0,0,0,0,0.0,0,10.8,1.4,1.74,Graduate
1,1,1,11,1,1,1,23,14,10,6,1,0,0,1,0,0,21,0,0,6,10,6,10.833333333333334,0,0,6,10,4,11.0,0,7.6,2.6,0.32,Enrolled
1,8,2,12,1,1,1,3,3,2,11,1,0,0,1,1,0,19,0,0,7,9,6,12.933333333333332,0,0,7,7,6,13.716666666666669,0,16.2,0.3,-0.92,Enrolled
1,12,1,17,0,1,1,13,28,8,5,0,0,0,1,0,0,26,0,0,5,9,2,12.0,0,0,5,9,3,11.0,0,10.8,1.4,1.74,Dropout
1,8,2,2,1,1,1,13,27,10,10,1,0,0,1,0,1,18,0,0,0,0,0,0.0,0,0,0,0,0,0.0,0,12.7,3.7,-1.7,Enrolled
1,12,1,4,1,12,1,22,27,10,8,0,0,0,1,1,0,35,0,17,18,20,18,11.555555555555555,0,11,13,13,13,11.615384615384617,0,15.5,2.8,-4.06,Graduate
1,12,1,8,1,15,1,3,3,3,3,1,0,0,1,0,0,27,0,0,6,9,5,13.0,0,5,11,13,10,12.9,0,12.4,0.5,1.79,Dropout
1,1,1,2,1,1,1,13,14,6,5,1,0,1,1,1,0,21,0,6,12,12,11,11.545454545454543,0,4,11,18,9,11.7,1,8.9,1.4,3.51,Enrolled
1,1,6,12,1,1,1,1,28,5,6,1,0,0,1,0,1,18,0,0,8,8,8,12.32,0,0,8,8,8,12.32,0,9.4,-0.8,-3.12,Graduate
1,12,1,14,1,1,1,13,14,8,8,0,0,1,0,1,0,24,0,0,6,12,0,0.0,0,0,6,9,0,0.0,0,10.8,1.4,1.74,Dropout
2,12,1,3,0,1,1,22,27,10,10,0,0,0,1,0,0,35,0,0,6,7,6,12.5,0,0,6,6,6,12.166666666666666,0,15.5,2.8,-4.06,Graduate
1,17,1,14,1,16,1,13,27,4,7,1,0,1,1,0,0,21,0,0,6,12,1,12.0,0,0,6,11,1,11.0,0,8.9,1.4,3.51,Enrolled
1,1,1,8,1,1,1,3,28,4,6,1,0,0,1,0,0,18,0,0,5,6,5,11.8,1,0,5,8,5,11.6,0,9.4,-0.8,-3.12,Graduate
1,8,3,15,1,1,1,1,14,6,8,0,0,0,1,0,0,18,0,0,6,6,6,13.5,0,0,6,6,6,13.333333333333334,0,12.4,0.5,1.79,Enrolled
1,1,1,15,1,1,1,1,4,6,4,0,0,0,1,0,1,20,0,0,6,7,6,12.666666666666666,0,0,6,6,6,12.833333333333334,0,10.8,1.4,1.74,Graduate
1,1,6,12,1,1,1,13,27,10,10,1,0,0,1,0,1,19,0,0,8,8,7,14.06,0,0,8,8,7,14.06,0,10.8,1.4,1.74,Enrolled
1,8,1,9,1,1,1,13,14,10,8,0,0,0,1,0,0,19,0,0,5,7,2,10.0,0,0,5,11,2,14.0,0,10.8,1.4,1.74,Dropout
1,1,3,15,1,1,1,13,28,9,4,1,0,1,1,1,0,18,0,0,6,6,6,13.0,0,0,6,7,5,11.8,0,12.7,3.7,-1.7,Dropout
1,14,1,10,1,1,1,1,1,4,2,1,0,1,0,0,0,22,0,6,10,16,6,11.833333333333334,0,2,7,8,2,13.0,0,16.2,0.3,-0.92,Dropout
1,8,1,15,1,1,1,13,28,10,10,1,0,0,1,1,1,19,0,0,6,9,5,12.4,0,0,6,6,6,13.166666666666666,0,12.7,3.7,-1.7,Graduate
1,1,1,12,1,1,1,22,28,29,35,1,0,1,1,1,0,20,0,0,7,7,7,12.401428571428571,0,0,8,10,6,11.808333333333332,0,11.1,0.6,2.02,Enrolled
1,1,2,12,1,1,1,22,27,6,8,1,0,0,1,0,0,20,0,0,8,8,8,12.48375,0,0,8,8,8,12.48375,0,9.4,-0.8,-3.12,Graduate
1,8,1,9,1,1,1,10,14,5,9,1,0,0,1,0,0,20,0,0,5,10,5,13.5,0,0,5,8,5,12.333333333333334,0,13.9,-0.3,0.79,Graduate
4,12,1,17,0,1,1,23,14,10,8,0,0,0,1,0,1,31,0,0,5,11,4,11.25,0,0,5,10,4,10.833333333333334,0,13.9,-0.3,0.79,Enrolled
1,8,4,9,1,1,1,23,27,7,8,1,0,0,1,0,1,18,0,0,5,12,4,10.714285714285714,0,0,5,9,4,11.0,0,13.9,-0.3,0.79,Graduate
4,4,1,10,1,15,1,19,24,13,13,0,0,1,1,0,0,41,0,0,6,0,0,0.0,0,0,6,0,0,0.0,0,11.1,0.6,2.02,Dropout
1,1,2,16,1,1,1,13,27,5,10,1,0,0,1,0,0,19,0,0,6,6,0,0.0,0,0,6,0,0,0.0,0,12.7,3.7,-1.7,Dropout
4,12,1,17,0,1,1,22,27,10,10,0,0,0,1,1,0,29,0,0,5,5,0,0.0,0,0,5,5,0,0.0,0,7.6,2.6,0.32,Enrolled
1,1,1,9,1,1,1,1,14,4,4,0,0,0,1,0,1,18,0,0,5,5,5,15.0,0,0,5,5,5,15.2,0,12.7,3.7,-1.7,Graduate
1,8,1,7,1,1,1,1,3,10,11,1,0,0,1,1,0,20,0,0,5,7,4,12.0,0,0,5,8,2,12.5,0,10.8,1.4,1.74,Enrolled
1,1,2,6,1,1,1,25,4,3,3,1,0,0,1,0,0,18,0,0,6,7,6,15.666666666666666,0,0,6,6,6,14.833333333333334,0,8.9,1.4,3.51,Graduate
1,8,3,12,1,1,1,23,14,10,9,1,0,0,1,1,0,18,0,0,7,8,7,11.8375,0,0,8,9,8,12.48125,0,13.9,-0.3,0.79,Graduate
1,1,1,8,1,1,1,3,1,3,5,1,0,1,1,0,0,18,0,0,6,13,6,10.857142857142858,0,0,6,10,4,11.0,0,15.5,2.8,-4.06,Dropout
2,12,1,10,1,1,1,22,27,8,8,0,0,0,1,1,1,40,0,0,6,7,6,12.333333333333334,0,0,6,10,4,12.75,0,8.9,1.4,3.51,Dropout
1,1,1,10,1,1,1,1,3,5,3,0,0,0,1,0,0,18,0,0,6,6,6,14.0,0,0,6,6,6,13.166666666666666,0,10.8,1.4,1.74,Graduate
1,8,2,12,1,1,1,23,14,6,8,1,0,0,1,0,1,18,0,0,8,8,7,14.312857142857142,0,0,8,8,7,14.312857142857142,0,10.8,1.4,1.74,Graduate
1,1,1,5,1,1,1,3,3,1,2,1,0,0,1,1,0,23,0,0,6,9,4,11.25,1,0,6,10,0,0.0,4,7.6,2.6,0.32,Dropout
1,1,3,12,1,1,1,23,28,6,6,1,0,0,1,0,1,19,0,0,7,9,6,11.814285714285717,0,0,8,8,7,13.542857142857144,0,13.9,-0.3,0.79,Graduate
1,8,2,2,1,1,1,3,1,3,7,1,0,0,1,0,1,18,0,0,0,0,0,0.0,0,0,0,0,0,0.0,0,15.5,2.8,-4.06,Graduate
1,8,4,10,1,1,1,1,14,10,6,1,0,0,1,0,1,19,0,0,6,12,6,11.666666666666666,0,0,6,7,0,0.0,0,15.5,2.8,-4.06,Dropout
1,1,1,10,1,1,1,23,14,9,11,1,0,0,1,1,0,19,0,0,6,0,0,0.0,0,0,6,0,0,0.0,0,16.2,0.3,-0.92,Dropout
1,8,1,11,1,1,1,1,1,5,6,1,0,0,1,0,0,21,0,0,6,12,3,11.0,0,0,6,12,2,11.0,0,9.4,-0.8,-3.12,Dropout
2,12,1,9,1,1,1,22,27,10,10,0,0,0,1,0,0,39,0,0,5,8,4,11.25,0,0,5,8,4,11.5,0,11.1,0.6,2.02,Enrolled
1,8,1,10,1,1,1,1,30,10,3,0,0,0,1,0,1,19,0,0,6,7,6,11.333333333333334,0,0,6,7,6,12.428571428571429,0,11.1,0.6,2.02,Graduate
1,1,2,15,1,1,1,1,1,5,10,1,0,0,1,1,1,19,0,0,6,7,6,13.666666666666666,0,0,6,6,6,13.833333333333334,0,12.7,3.7,-1.7,Graduate
1,8,1,8,1,1,1,13,28,5,8,0,0,0,1,1,0,19,0,0,5,11,4,12.0,1,0,5,9,5,12.6,0,9.4,-0.8,-3.12,Graduate
1,14,1,9,1,1,1,1,3,2,2,0,0,0,1,1,0,28,0,0,5,9,2,10.0,0,0,5,9,0,0.0,0,15.5,2.8,-4.06,Dropout
1,8,1,6,1,1,1,13,28,32,44,0,0,0,1,0,0,18,0,0,6,0,0,0.0,0,0,6,0,0,0.0,0,12.4,0.5,1.79,Dropout
1,12,1,12,1,1,1,23,14,10,10,1,0,0,0,1,0,32,0,0,7,0,0,0.0,0,0,8,0,0,0.0,0,16.2,0.3,-0.92,Dropout
1,8,5,12,1,1,1,1,1,5,5,1,0,0,1,0,0,18,0,0,7,7,7,13.528571428571428,0,0,8,9,8,14.655555555555557,0,12.4,0.5,1.79,Graduate
1,14,1,7,1,1,1,1,1,10,4,0,0,0,1,1,0,31,0,0,5,12,1,12.0,0,0,5,9,1,11.0,4,16.2,0.3,-0.92,Dropout
1,13,1,12,1,1,1,22,27,4,4,1,0,0,1,0,1,21,0,0,8,8,8,13.105,0,0,8,8,8,13.105,0,9.4,-0.8,-3.12,Graduate
1,8,1,2,1,1,1,1,28,10,10,1,0,1,1,0,0,22,0,12,17,19,12,11.833333333333334,0,10,17,22,11,11.25,0,11.1,0.6,2.02,Enrolled
1,1,4,9,1,1,1,1,14,5,6,0,0,0,1,0,0,18,0,0,5,9,4,11.25,0,0,5,6,4,11.0,0,8.9,1.4,3.51,Graduate
1,8,1,15,1,1,1,22,14,10,11,0,0,0,1,0,0,18,0,0,6,8,5,12.6,0,0,6,10,6,12.428571428571429,0,15.5,2.8,-4.06,Enrolled
1,8,2,10,1,1,1,1,14,5,11,1,1,0,1,0,0,18,0,0,6,15,2,10.333333333333334,3,0,6,13,3,13.333333333333334,0,12.7,3.7,-1.7,Enrolled
1,12,1,16,1,12,1,13,4,10,5,1,0,0,1,0,0,29,0,0,7,14,0,0.0,0,0,6,6,0,0.0,0,11.1,0.6,2.02,Dropout
2,12,1,17,0,1,1,22,27,10,11,0,0,0,1,1,0,49,0,0,5,6,5,12.2,0,0,5,9,5,11.8,0,15.5,2.8,-4.06,Graduate
1,12,1,4,1,12,1,22,27,10,5,0,0,0,1,1,0,43,0,0,6,8,6,12.875,0,0,6,14,5,12.142857142857142,0,16.2,0.3,-0.92,Enrolled
2,18,1,17,0,1,14,23,27,5,7,0,0,0,1,0,0,37,1,5,10,11,7,13.428571428571429,0,5,10,11,10,11.6,0,8.9,1.4,3.51,Graduate
1,13,1,7,1,1,1,3,1,3,10,1,0,0,1,1,0,26,0,4,10,14,4,11.25,0,4,11,11,4,12.0,0,7.6,2.6,0.32,Dropout
1,12,1,17,0,1,1,22,27,10,7,0,0,1,0,1,0,31,0,0,5,9,0,0.0,0,0,5,6,0,0.0,0,12.4,0.5,1.79,Dropout
1,8,1,14,1,1,1,1,1,5,9,0,0,1,0,1,0,20,0,0,6,7,5,12.4,0,0,6,8,4,13.0,0,13.9,-0.3,0.79,Enrolled
1,1,2,15,1,1,1,1,14,5,6,1,0,0,1,0,0,18,0,0,5,7,2,10.0,0,0,1,1,0,0.0,0,12.7,3.7,-1.7,Dropout
1,1,2,6,1,1,1,25,30,4,8,1,0,0,1,0,0,18,0,0,6,8,6,16.0,0,0,6,10,6,14.625,0,11.1,0.6,2.02,Dropout
1,14,1,2,1,1,1,13,14,10,5,0,0,0,1,1,0,22,0,0,0,0,0,0.0,0,0,0,0,0,0.0,0,13.9,-0.3,0.79,Enrolled
1,1,2,12,1,1,1,13,27,4,4,1,0,0,1,0,1,23,0,0,7,8,6,12.993333333333334,0,0,8,9,8,12.66875,0,11.1,0.6,2.02,Graduate
1,1,3,12,1,1,1,1,14,17,40,1,0,0,1,0,0,19,0,0,7,12,4,13.375,0,0,7,8,6,12.116666666666667,0,12.4,0.5,1.79,Enrolled
1,8,1,11,1,1,1,1,1,4,4,0,0,0,1,1,1,22,0,0,6,8,6,13.625,0,0,6,8,6,14.428571428571429,0,11.1,0.6,2.02,Graduate
1,1,1,9,1,1,1,5,1,2,6,0,0,0,1,1,0,18,0,0,5,5,5,13.0,0,0,5,6,5,13.333333333333334,0,16.2,0.3,-0.92,Graduate
1,1,1,11,1,1,1,13,14,6,9,1,0,0,1,0,0,18,0,0,6,7,6,10.571428571428571,0,0,6,11,3,11.666666666666666,0,16.2,0.3,-0.92,Graduate
1,1,6,12,1,1,1,22,1,6,5,1,0,0,1,0,0,19,0,6,14,22,7,12.192307692307692,5,6,14,22,7,12.192307692307692,5,7.6,2.6,0.32,Graduate
2,12,1,17,0,1,1,22,27,10,10,0,0,0,1,0,0,39,0,0,5,6,5,11.0,0,0,5,5,5,13.2,0,7.6,2.6,0.32,Graduate
1,8,1,14,1,1,1,19,3,8,3,1,0,1,0,1,0,23,0,0,5,5,0,0.0,0,0,5,5,0,0.0,0,7.6,2.6,0.32,Dropout
2,12,2,17,0,1,1,22,27,10,10,0,0,0,1,0,0,43,0,0,5,11,3,10.666666666666666,0,1,5,10,4,12.5,0,9.4,-0.8,-3.12,Enrolled
1,1,1,14,1,1,1,13,28,10,10,0,0,0,1,1,0,19,0,0,6,8,6,14.25,0,0,6,7,6,13.857142857142858,0,11.1,0.6,2.02,Graduate
1,1,3,11,1,1,1,1,1,4,4,1,0,0,1,0,0,18,0,0,6,9,4,11.25,0,0,6,13,2,12.5,0,9.4,-0.8,-3.12,Dropout
2,12,1,3,0,1,1,22,27,6,7,0,0,0,1,0,1,38,0,0,6,6,5,12.4,0,0,6,7,6,12.666666666666666,0,9.4,-0.8,-3.12,Graduate
1,1,1,6,1,1,1,10,1,2,12,0,0,0,1,0,0,21,0,0,5,7,5,14.4,0,0,5,5,5,13.8,0,7.6,2.6,0.32,Graduate
1,12,1,3,0,12,1,13,14,22,27,0,0,1,1,0,1,39,0,0,6,9,6,11.833333333333334,0,0,6,9,4,13.75,0,11.1,0.6,2.02,Graduate
2,12,1,3,0,9,1,19,24,1,1,0,0,0,1,0,0,51,0,0,6,12,0,0.0,0,1,6,11,0,0.0,1,7.6,2.6,0.32,Dropout
1,4,1,7,1,3,1,22,27,10,10,0,0,0,0,1,0,33,0,0,5,6,0,0.0,0,0,5,5,0,0.0,0,12.7,3.7,-1.7,Dropout
1,12,1,14,1,1,1,19,24,1,1,1,0,0,1,0,0,24,0,0,5,10,3,13.0,0,0,5,11,3,11.333333333333334,0,7.6,2.6,0.32,Dropout
1,13,1,12,1,1,1,22,27,8,10,1,0,0,1,0,1,19,0,0,8,8,7,13.058571428571428,0,0,8,8,7,13.058571428571428,0,10.8,1.4,1.74,Graduate
1,1,1,8,1,1,1,3,3,4,3,1,0,0,1,0,0,20,0,0,5,5,5,16.4,0,0,5,5,5,14.6,0,12.7,3.7,-1.7,Graduate
1,16,1,5,1,1,1,23,28,10,10,1,0,0,1,1,0,21,0,4,12,13,5,13.2,0,4,12,12,4,13.5,0,8.9,1.4,3.51,Dropout
1,12,1,11,1,12,1,13,14,4,2,0,0,1,0,1,0,34,0,0,6,6,0,0.0,0,0,6,6,0,0.0,0,15.5,2.8,-4.06,Dropout
1,1,1,9,1,1,1,22,28,10,9,1,0,0,1,0,0,18,0,0,5,10,4,12.0,0,0,5,9,4,12.8,0,13.9,-0.3,0.79,Graduate
1,1,1,16,1,1,1,22,27,10,6,0,0,0,1,0,0,18,0,0,6,6,6,13.166666666666666,0,0,6,6,6,13.333333333333334,0,7.6,2.6,0.32,Graduate
1,1,3,12,1,1,1,22,28,10,6,1,0,0,1,0,0,19,0,0,7,7,6,12.45,0,0,7,7,6,12.45,0,7.6,2.6,0.32,Graduate
1,1,1,15,1,1,1,2,3,4,4,1,0,1,1,1,0,25,0,0,6,8,6,11.571428571428571,0,0,6,9,6,11.571428571428571,0,15.5,2.8,-4.06,Dropout
1,1,1,11,1,1,1,13,1,4,8,0,0,0,1,0,1,22,0,0,6,9,6,12.833333333333334,0,0,6,6,4,13.25,0,16.2,0.3,-0.92,Graduate
1,1,1,8,1,1,1,13,28,10,10,1,0,0,1,1,0,18,0,0,6,6,6,13.5,0,0,6,9,5,13.2,0,8.9,1.4,3.51,Graduate
2,15,1,6,1,14,1,22,27,30,43,0,0,0,1,0,0,27,0,0,5,12,3,14.0,2,0,5,8,5,12.0,1,9.4,-0.8,-3.12,Graduate
1,14,4,3,0,1,1,19,24,1,1,0,0,0,1,1,0,21,0,9,11,11,11,12.454545454545457,0,3,11,17,8,12.75,0,9.4,-0.8,-3.12,Graduate
1,1,1,9,1,1,1,22,27,10,7,1,0,0,1,0,0,18,0,0,5,6,5,13.0,0,0,5,5,5,14.0,0,7.6,2.6,0.32,Graduate
1,15,1,6,1,1,1,4,4,3,7,0,0,0,1,0,0,22,0,2,6,9,6,13.333333333333334,0,1,6,9,4,11.5,0,13.9,-0.3,0.79,Graduate
1,1,6,12,1,1,1,2,14,4,10,1,0,0,1,1,0,18,0,0,8,8,8,13.74625,0,0,8,8,8,13.74625,0,9.4,-0.8,-3.12,Graduate
1,1,1,10,1,1,1,23,1,3,5,0,0,0,1,0,0,20,0,0,6,11,1,12.0,0,0,5,10,0,0.0,0,9.4,-0.8,-3.12,Enrolled
1,1,2,12,1,1,1,23,14,10,8,1,0,0,1,0,1,20,0,0,7,10,5,12.62,0,0,7,8,6,12.5,0,11.1,0.6,2.02,Enrolled
1,1,2,11,1,1,1,1,28,5,10,1,0,0,1,0,0,18,0,0,6,10,4,11.75,0,0,6,13,4,10.0,0,7.6,2.6,0.32,Dropout
4,12,1,15,1,12,1,22,27,10,2,0,0,0,1,0,0,39,0,0,6,10,4,11.25,0,0,6,6,6,11.333333333333334,0,10.8,1.4,1.74,Graduate
1,12,1,4,1,1,1,13,14,10,2,0,0,0,1,0,0,26,0,6,12,13,6,13.0,0,4,12,14,11,13.833333333333334,0,15.5,2.8,-4.06,Graduate
1,8,1,10,1,1,1,13,27,10,8,1,0,0,1,0,1,20,0,0,6,13,2,10.0,0,0,6,12,4,10.75,0,7.6,2.6,0.32,Enrolled
1,8,2,6,1,1,1,1,14,5,4,0,0,0,1,0,0,18,0,0,6,7,6,14.857142857142858,0,0,6,7,6,14.0,0,11.1,0.6,2.02,Graduate
1,1,1,9,1,1,1,1,1,3,11,0,0,0,1,1,0,19,0,0,5,8,2,10.0,0,0,5,8,1,16.0,0,7.6,2.6,0.32,Dropout
1,14,1,10,1,1,1,23,27,10,8,0,0,0,1,0,0,20,0,5,9,15,9,11.666666666666666,0,2,7,8,7,11.714285714285714,0,7.6,2.6,0.32,Graduate
1,5,1,15,1,1,9,23,27,6,10,1,0,0,1,0,0,22,1,0,6,8,6,11.666666666666666,0,0,6,6,6,13.0,0,12.7,3.7,-1.7,Graduate
1,15,1,10,1,14,1,1,1,4,6,0,0,0,1,0,1,20,0,3,6,6,6,12.833333333333334,0,2,6,6,6,12.833333333333334,0,13.9,-0.3,0.79,Graduate
1,14,1,15,1,1,1,23,14,10,10,1,0,0,1,1,1,20,0,0,6,6,6,12.333333333333334,0,0,6,7,6,14.0,0,12.4,0.5,1.79,Graduate
1,17,1,6,1,16,1,23,28,10,10,0,0,0,1,0,0,21,0,7,10,12,8,12.875,0,4,9,14,5,13.4,0,8.9,1.4,3.51,Dropout
1,1,2,12,1,1,1,23,27,10,10,1,0,0,1,1,0,19,0,0,7,7,6,13.2,0,0,7,7,6,13.2,0,7.6,2.6,0.32,Graduate
1,8,1,10,1,1,1,22,27,10,8,0,0,0,1,0,1,19,0,0,6,8,6,13.75,0,0,6,7,6,11.857142857142858,0,16.2,0.3,-0.92,Graduate
1,15,1,4,1,14,1,23,28,7,4,0,0,0,1,0,0,19,0,0,6,18,3,11.666666666666666,0,0,6,14,4,11.5,0,15.5,2.8,-4.06,Enrolled
1,8,1,10,1,1,1,23,14,24,36,1,0,0,1,0,1,18,0,0,6,8,6,12.833333333333334,0,0,6,6,6,12.166666666666666,0,8.9,1.4,3.51,Graduate
1,9,1,9,1,1,1,13,1,10,8,1,0,0,1,1,0,20,0,0,5,0,0,0.0,0,0,5,0,0,0.0,0,12.4,0.5,1.79,Dropout
1,1,2,14,1,1,1,1,28,8,8,1,0,0,1,1,0,19,0,0,6,6,6,13.333333333333334,0,0,6,8,5,14.0,0,8.9,1.4,3.51,Graduate
1,8,5,12,1,1,1,13,1,10,5,1,0,0,1,0,0,18,0,0,7,8,6,13.39,0,0,8,10,7,12.757142857142856,0,11.1,0.6,2.02,Enrolled
2,12,2,14,1,12,1,22,27,10,10,0,0,0,1,0,0,46,0,0,6,10,5,11.4,0,0,6,9,4,13.75,0,12.4,0.5,1.79,Dropout
5,4,1,8,1,3,1,13,28,10,7,0,0,0,0,0,0,27,0,1,5,8,3,14.666666666666666,2,0,5,7,2,13.0,2,10.8,1.4,1.74,Dropout
1,13,4,12,1,6,1,1,14,3,10,1,0,0,1,0,1,18,0,0,7,7,6,14.35,0,0,7,7,6,14.35,0,7.6,2.6,0.32,Graduate
1,1,1,17,0,1,1,13,27,10,10,1,0,0,1,0,0,20,0,0,5,10,0,0.0,0,0,5,10,0,0.0,3,7.6,2.6,0.32,Enrolled
1,1,1,10,1,1,1,1,1,10,7,0,0,1,1,0,0,18,0,0,6,10,6,11.857142857142858,0,0,6,9,5,11.0,0,13.9,-0.3,0.79,Graduate
1,8,1,16,1,1,1,23,28,10,10,0,0,1,1,0,1,18,0,0,7,7,7,12.714285714285714,0,0,7,7,7,12.285714285714286,0,16.2,0.3,-0.92,Graduate
1,1,2,12,1,1,1,1,1,5,11,1,0,0,1,0,0,19,0,0,8,8,7,12.764285714285714,0,0,8,8,7,12.764285714285714,0,10.8,1.4,1.74,Graduate
1,9,1,12,1,1,1,22,28,6,8,1,0,0,1,0,0,18,0,0,8,8,7,13.314285714285717,0,0,8,8,7,13.314285714285717,0,12.7,3.7,-1.7,Graduate
1,1,1,2,1,1,1,22,27,10,8,1,0,0,1,0,0,18,0,0,0,0,0,0.0,0,0,0,0,0,0.0,0,7.6,2.6,0.32,Graduate
1,8,3,12,1,1,1,23,1,10,6,1,0,0,1,0,0,18,0,0,7,7,6,13.033333333333331,0,0,7,7,6,13.033333333333331,0,7.6,2.6,0.32,Graduate
1,12,1,14,1,1,1,1,1,5,5,0,0,0,1,0,0,24,0,0,6,12,2,11.666666666666666,0,0,6,20,2,10.5,6,16.2,0.3,-0.92,Dropout
1,1,1,15,1,1,1,1,1,6,6,1,0,0,1,1,0,18,0,0,6,6,6,13.666666666666666,0,0,6,6,6,14.5,0,12.7,3.7,-1.7,Graduate
1,1,1,6,1,1,1,22,28,8,6,1,0,0,1,0,1,21,0,0,6,13,6,16.153846153846153,0,0,6,10,6,15.75,0,15.5,2.8,-4.06,Graduate
1,1,2,9,1,1,1,22,28,8,10,0,0,1,1,0,1,19,0,0,5,11,2,11.5,0,0,5,10,0,0.0,0,12.7,3.7,-1.7,Dropout
1,12,1,11,1,1,1,22,27,10,10,0,0,0,1,1,0,36,0,0,6,8,6,13.571428571428571,0,0,6,9,5,13.2,0,12.7,3.7,-1.7,Graduate
1,9,1,13,1,1,1,23,27,10,10,0,0,0,1,0,1,19,0,0,7,11,7,12.625,0,0,8,11,8,12.5125,0,12.7,3.7,-1.7,Graduate
1,9,3,5,1,1,1,1,1,4,5,0,0,0,1,0,0,18,0,0,6,6,2,12.0,0,0,6,6,1,11.0,0,9.4,-0.8,-3.12,Dropout
1,12,1,6,1,12,1,13,14,5,10,1,0,0,1,0,1,24,0,1,6,7,6,12.5,0,0,6,11,6,12.833333333333334,0,8.9,1.4,3.51,Graduate
1,8,2,3,0,1,1,13,1,6,11,1,0,0,1,0,0,19,0,0,6,8,4,10.5,0,0,6,8,4,11.25,0,10.8,1.4,1.74,Graduate
1,1,1,8,1,1,1,3,14,3,10,1,0,0,1,1,0,18,0,0,6,8,6,13.714285714285714,0,0,6,7,5,13.333333333333334,0,15.5,2.8,-4.06,Dropout
1,14,1,8,1,1,1,24,3,4,3,1,0,0,1,0,0,21,0,0,5,6,0,0.0,5,0,5,6,4,13.75,1,10.8,1.4,1.74,Graduate
1,16,1,9,1,1,1,1,14,10,7,1,0,0,1,1,0,30,0,0,5,7,5,13.4,0,0,5,7,4,13.25,0,8.9,1.4,3.51,Dropout
1,1,2,10,1,1,1,1,14,5,9,0,0,0,1,0,0,20,0,0,6,13,0,0.0,0,0,5,11,0,0.0,0,9.4,-0.8,-3.12,Enrolled
1,1,1,12,1,1,1,13,14,4,8,0,0,0,1,0,0,19,0,0,7,8,6,13.296666666666669,0,0,8,9,7,14.114285714285714,0,11.1,0.6,2.02,Graduate
1,15,1,10,1,14,1,13,14,9,9,1,0,0,1,0,1,19,0,3,6,7,6,13.142857142857142,0,2,6,6,6,14.333333333333334,0,12.4,0.5,1.79,Graduate
1,8,1,10,1,1,1,23,28,8,8,1,0,0,1,0,1,18,0,0,6,7,6,15.142857142857142,0,0,6,6,6,15.833333333333334,0,12.7,3.7,-1.7,Graduate
1,12,1,13,1,1,1,22,28,10,10,1,0,1,0,0,1,24,0,0,7,14,5,12.36,0,1,8,15,5,12.0,0,8.9,1.4,3.51,Dropout
1,14,1,12,1,1,1,2,4,5,6,0,0,0,1,1,0,23,0,0,7,14,5,11.94,0,0,7,14,6,12.2,0,13.9,-0.3,0.79,Dropout
1,1,1,9,1,1,1,1,14,6,6,1,0,0,1,0,0,18,0,0,5,10,4,10.75,1,0,5,13,2,10.0,0,9.4,-0.8,-3.12,Dropout
1,1,1,10,1,1,1,1,14,10,10,0,0,0,1,1,1,20,0,0,6,11,5,11.142857142857142,0,0,6,9,6,11.571428571428571,0,16.2,0.3,-0.92,Graduate
1,1,3,5,1,1,1,13,28,10,10,1,0,0,1,0,0,19,0,0,6,7,5,12.4,0,0,6,6,5,12.4,0,9.4,-0.8,-3.12,Enrolled
1,1,3,15,1,1,1,23,28,6,6,1,0,0,1,0,1,18,0,0,6,7,6,12.285714285714286,0,0,6,6,6,13.5,0,8.9,1.4,3.51,Graduate
1,14,4,6,1,1,1,19,24,13,13,0,0,0,1,0,0,21,0,0,6,0,0,0.0,0,0,6,0,0,0.0,0,7.6,2.6,0.32,Dropout
2,12,1,17,0,1,1,22,27,10,10,0,0,0,0,0,0,38,0,0,5,6,5,10.6,0,0,5,9,2,11.0,0,12.7,3.7,-1.7,Dropout
1,8,1,10,1,1,1,22,28,10,6,0,0,0,1,0,1,19,0,0,6,11,5,11.6,0,0,6,10,6,11.714285714285714,0,15.5,2.8,-4.06,Graduate
1,8,2,11,1,1,1,13,28,6,6,1,0,0,1,0,0,19,0,0,6,7,6,12.714285714285714,0,0,6,6,6,11.833333333333334,0,8.9,1.4,3.51,Graduate
1,1,5,15,1,1,1,13,14,10,10,1,0,0,1,0,0,18,0,0,6,7,5,12.8,0,0,6,10,4,12.2,0,10.8,1.4,1.74,Graduate
1,1,6,12,1,1,1,13,14,10,10,1,0,0,1,0,0,18,0,0,8,12,7,11.971428571428572,0,0,8,12,7,11.971428571428572,0,12.7,3.7,-1.7,Graduate
1,14,1,17,0,1,1,22,27,10,10,0,0,1,0,1,0,28,0,4,9,14,4,10.0,0,1,6,6,1,10.0,0,12.7,3.7,-1.7,Dropout
1,1,1,12,1,1,1,22,14,10,10,1,0,0,1,1,0,19,0,0,7,7,7,13.725714285714286,0,0,8,8,8,14.5,0,11.1,0.6,2.02,Graduate
1,12,1,4,1,12,1,1,14,10,9,0,0,1,0,1,0,27,0,0,6,11,2,11.5,0,0,6,7,0,0.0,0,8.9,1.4,3.51,Dropout
1,12,1,14,1,9,1,1,14,2,6,1,0,1,0,0,0,25,0,0,5,5,5,11.2,0,0,5,5,4,11.25,0,9.4,-0.8,-3.12,Dropout
1,14,1,3,0,9,1,22,1,10,11,0,0,0,1,1,0,50,0,6,13,13,6,11.333333333333334,0,2,11,11,2,13.5,0,16.2,0.3,-0.92,Dropout
1,1,4,2,1,1,1,1,1,1,4,1,0,0,1,1,0,18,0,0,0,0,0,0.0,0,0,0,0,0,0.0,0,11.1,0.6,2.02,Graduate
1,4,1,9,1,3,1,1,29,5,8,0,0,0,1,0,0,33,0,2,5,9,2,14.0,0,0,5,5,0,0.0,0,12.4,0.5,1.79,Dropout
1,1,2,11,1,1,1,22,27,10,10,1,0,0,1,0,1,18,0,0,6,8,6,10.571428571428571,0,0,6,9,5,11.4,0,16.2,0.3,-0.92,Graduate
1,8,2,15,1,1,1,13,14,10,7,1,0,0,1,0,1,18,0,0,6,6,6,13.666666666666666,0,0,6,6,6,14.0,0,8.9,1.4,3.51,Graduate
1,1,1,10,1,1,1,23,28,9,8,1,0,0,1,0,1,19,0,0,6,7,6,11.857142857142858,0,0,6,8,6,13.142857142857142,0,12.4,0.5,1.79,Graduate
1,8,1,6,1,1,1,23,27,10,10,1,0,0,1,1,0,18,0,0,5,6,5,12.0,0,0,5,8,5,12.142857142857142,0,10.8,1.4,1.74,Graduate
1,1,1,2,1,1,1,3,1,5,5,1,0,1,0,0,0,18,0,0,0,0,0,0.0,0,0,0,0,0,0.0,0,12.4,0.5,1.79,Dropout
1,1,3,11,1,1,1,1,1,5,4,1,0,0,1,1,0,18,0,0,6,8,6,12.333333333333334,0,0,6,6,6,13.666666666666666,0,11.1,0.6,2.02,Graduate
1,8,1,16,1,1,1,19,14,1,4,1,0,0,1,0,1,21,0,0,6,12,0,0.0,0,0,6,12,0,0.0,0,7.6,2.6,0.32,Dropout
1,1,2,14,1,1,1,22,28,10,10,0,0,0,1,0,1,21,0,0,5,5,5,13.2,0,0,5,5,4,13.0,0,9.4,-0.8,-3.12,Graduate
1,12,1,6,1,1,1,1,14,10,10,1,0,0,1,0,0,24,0,0,6,10,2,11.0,0,0,6,6,0,0.0,0,8.9,1.4,3.51,Dropout
2,12,1,15,1,1,1,22,28,10,4,0,0,0,1,1,0,47,0,0,6,12,5,13.8,0,0,6,13,4,14.0,0,12.7,3.7,-1.7,Dropout
1,1,1,8,1,1,1,1,1,5,5,1,0,0,1,0,0,18,0,0,6,9,6,15.125,0,0,6,9,6,14.0,0,13.9,-0.3,0.79,Graduate
1,12,1,3,0,1,16,1,1,5,8,0,0,1,1,0,0,25,1,2,6,6,6,11.333333333333334,0,0,6,6,4,11.75,0,8.9,1.4,3.51,Enrolled
1,12,1,6,1,9,1,19,24,13,13,0,0,1,0,1,0,27,0,0,5,5,0,0.0,0,0,5,5,0,0.0,0,7.6,2.6,0.32,Dropout
1,1,2,14,1,1,1,13,1,10,4,1,0,0,1,0,0,18,0,0,6,6,6,13.833333333333334,0,0,6,11,6,14.555555555555555,0,10.8,1.4,1.74,Graduate
1,13,1,7,1,6,1,20,25,7,7,1,0,0,1,1,0,34,0,4,6,8,4,11.25,0,1,5,8,2,10.5,0,7.6,2.6,0.32,Dropout
1,1,1,2,1,1,1,1,3,3,3,0,0,0,1,1,0,19,0,4,10,10,5,11.0,0,2,7,8,2,10.0,0,8.9,1.4,3.51,Enrolled
2,12,1,4,1,1,1,22,27,10,10,0,0,0,0,1,0,44,0,4,10,10,4,11.5,0,1,7,8,1,12.0,0,15.5,2.8,-4.06,Dropout
1,12,1,17,0,1,1,1,27,10,9,0,0,0,1,0,0,26,0,0,1,2,0,0.0,0,0,5,8,0,0.0,0,16.2,0.3,-0.92,Dropout
1,1,1,9,1,1,1,1,28,4,7,0,0,0,1,1,1,18,0,0,5,5,5,11.8,0,0,5,8,3,11.0,0,9.4,-0.8,-3.12,Graduate
1,8,3,14,1,1,1,1,28,5,8,0,0,0,1,1,0,19,0,0,6,8,6,15.125,0,0,6,7,6,13.428571428571429,0,11.1,0.6,2.02,Graduate
1,8,3,9,1,1,1,23,14,8,8,0,0,0,1,0,0,20,0,0,5,7,5,11.166666666666666,0,0,5,9,4,10.75,0,15.5,2.8,-4.06,Enrolled
1,8,2,9,1,1,1,23,28,5,8,1,0,0,1,1,1,22,0,0,5,7,3,12.333333333333334,0,0,5,9,3,10.571428571428571,0,10.8,1.4,1.74,Enrolled
1,8,1,15,1,1,1,22,1,10,9,1,0,1,0,0,0,19,0,0,6,6,3,11.333333333333334,0,0,6,6,0,0.0,0,12.4,0.5,1.79,Dropout
1,8,1,7,1,1,1,1,3,5,3,0,0,0,1,1,0,18,0,0,5,10,1,10.0,0,0,5,7,0,0.0,0,9.4,-0.8,-3.12,Dropout
1,1,5,12,1,1,1,3,14,5,9,1,0,0,1,0,0,19,0,0,7,11,5,11.716666666666669,0,0,7,8,5,13.7,0,13.9,-0.3,0.79,Enrolled
1,1,1,2,1,1,1,3,1,5,5,1,0,0,1,0,0,18,0,0,0,0,0,0.0,0,0,0,0,0,0.0,0,12.4,0.5,1.79,Graduate
1,12,1,17,0,14,1,13,14,10,10,0,0,0,1,1,0,24,0,0,5,7,3,11.333333333333334,0,0,5,6,0,0.0,0,10.8,1.4,1.74,Dropout
1,8,1,11,1,1,1,1,14,5,8,0,0,0,1,1,1,19,0,0,6,8,5,12.666666666666666,0,0,6,10,6,12.857142857142858,0,16.2,0.3,-0.92,Graduate
1,1,1,2,1,1,1,3,20,4,6,0,0,0,0,1,0,18,0,0,0,0,0,0.0,0,0,0,0,0,0.0,0,9.4,-0.8,-3.12,Dropout
1,14,1,7,1,1,1,1,28,5,8,0,0,0,1,1,0,19,0,0,5,8,5,12.0,0,0,5,12,2,10.5,0,13.9,-0.3,0.79,Enrolled
1,14,1,10,1,1,1,13,14,5,9,1,0,0,1,0,0,21,0,0,6,13,3,12.0,0,0,6,12,2,11.333333333333334,0,16.2,0.3,-0.92,Dropout
1,8,4,12,1,1,1,4,1,3,4,1,0,0,1,0,0,18,0,0,8,8,7,14.828571428571427,0,0,8,8,7,14.828571428571427,0,12.7,3.7,-1.7,Graduate
1,8,1,9,1,1,1,23,27,6,6,0,0,0,1,1,0,18,0,0,5,9,0,0.0,0,0,5,5,0,0.0,0,7.6,2.6,0.32,Enrolled
1,8,1,5,1,1,1,3,3,4,4,0,0,0,1,1,0,18,0,0,6,6,6,16.0,0,0,6,6,6,13.666666666666666,0,12.4,0.5,1.79,Graduate
1,12,2,9,1,1,1,22,27,10,10,0,0,0,0,1,0,26,0,0,5,8,1,10.0,0,0,5,9,1,10.0,0,10.8,1.4,1.74,Dropout
1,1,1,6,1,1,1,1,2,4,2,1,0,0,1,0,0,19,0,0,5,13,4,12.0,2,0,5,8,3,12.0,0,9.4,-0.8,-3.12,Enrolled
1,1,1,16,1,1,1,22,27,10,10,0,0,0,1,0,0,18,0,0,6,6,6,13.666666666666666,0,0,6,9,6,12.333333333333334,0,7.6,2.6,0.32,Graduate
1,1,4,15,1,1,1,13,27,13,12,0,0,0,0,0,0,18,0,0,4,4,0,0.0,0,0,4,4,0,0.0,0,12.7,3.7,-1.7,Dropout
2,12,1,17,0,1,1,21,12,10,11,1,0,0,1,1,0,41,0,0,5,9,4,10.75,0,0,5,7,2,10.0,0,9.4,-0.8,-3.12,Dropout
1,1,1,6,1,1,1,22,27,10,10,1,0,0,1,0,0,19,0,0,5,10,2,14.5,1,0,5,9,3,11.333333333333334,0,12.7,3.7,-1.7,Enrolled
1,1,1,10,1,1,1,22,27,5,5,0,0,0,1,0,0,21,0,0,6,7,6,13.333333333333334,0,0,6,6,6,14.5,0,10.8,1.4,1.74,Graduate
1,17,1,4,1,16,1,1,28,9,9,0,0,0,1,0,1,23,0,7,12,14,12,14.384615384615383,0,5,10,12,10,13.3,0,8.9,1.4,3.51,Graduate
1,1,1,12,1,1,1,13,14,10,8,0,0,0,1,0,1,19,0,0,7,12,6,13.766666666666666,0,0,8,10,7,14.051428571428572,0,15.5,2.8,-4.06,Graduate
1,1,4,12,1,1,1,13,14,10,8,1,0,0,1,0,0,18,0,0,7,7,7,13.78,0,0,8,8,8,12.6125,0,12.4,0.5,1.79,Graduate
1,1,1,12,1,1,1,13,14,5,8,0,0,0,1,0,1,19,0,0,7,7,7,14.014285714285714,0,0,8,8,8,15.35,0,13.9,-0.3,0.79,Graduate
1,12,1,17,0,1,1,22,27,10,6,1,0,1,1,1,0,33,0,0,5,11,2,12.5,0,0,5,9,2,11.5,1,12.7,3.7,-1.7,Dropout
1,8,2,15,1,1,1,1,1,3,6,1,0,0,0,1,0,18,0,0,6,6,0,0.0,0,0,6,0,0,0.0,0,8.9,1.4,3.51,Dropout
1,14,1,17,0,1,14,22,27,10,9,0,0,0,1,0,0,34,1,2,2,2,2,10.5,0,1,1,1,1,11.0,0,10.8,1.4,1.74,Dropout
1,6,1,7,1,1,13,1,3,21,31,0,0,1,1,0,0,19,1,0,6,11,2,13.5,1,0,5,11,2,11.0,0,8.9,1.4,3.51,Enrolled
1,8,5,7,1,1,1,13,27,10,8,1,0,0,1,1,1,19,0,0,5,9,5,12.6,0,0,5,8,2,12.5,0,8.9,1.4,3.51,Dropout
1,1,1,10,1,1,1,22,1,4,6,0,0,0,1,0,0,21,0,0,6,11,5,11.2,0,0,6,15,1,10.0,0,7.6,2.6,0.32,Enrolled
1,8,1,7,1,1,1,1,1,10,10,0,0,1,0,1,0,21,0,0,5,9,2,11.0,0,0,5,8,2,11.5,2,7.6,2.6,0.32,Dropout
1,1,2,6,1,1,1,22,14,12,12,0,0,0,1,1,0,18,0,0,6,0,0,0.0,0,0,6,0,0,0.0,0,7.6,2.6,0.32,Dropout
1,1,3,6,1,1,1,1,28,10,12,0,0,0,1,0,0,21,0,0,5,7,5,12.0,0,0,5,7,4,12.5,0,7.6,2.6,0.32,Graduate
1,1,1,9,1,1,1,13,28,10,10,1,0,0,1,0,0,26,0,0,5,6,0,0.0,0,0,5,0,0,0.0,0,15.5,2.8,-4.06,Dropout
1,16,1,3,0,1,1,1,28,6,8,0,0,0,1,0,0,22,0,14,16,16,13,10.923076923076923,0,13,13,13,11,11.454545454545457,0,16.2,0.3,-0.92,Graduate
1,12,1,7,1,1,1,22,27,10,10,0,0,0,1,1,1,30,0,0,5,11,0,0.0,0,0,5,5,0,0.0,0,12.7,3.7,-1.7,Dropout
1,15,1,6,1,14,1,23,27,5,11,0,0,1,0,0,0,20,0,1,6,13,4,13.0,0,1,6,11,5,12.0,0,16.2,0.3,-0.92,Dropout
1,1,4,6,1,1,1,3,1,2,5,1,0,0,1,0,1,19,0,0,6,7,6,14.857142857142858,0,0,6,10,6,13.11111111111111,0,12.4,0.5,1.79,Graduate
1,1,1,8,1,1,1,13,27,2,10,1,0,0,1,1,0,22,0,0,5,9,2,10.5,0,0,5,5,0,0.0,0,12.7,3.7,-1.7,Dropout
1,12,1,9,1,9,1,22,27,10,10,0,0,0,1,1,0,29,0,0,5,0,0,0.0,0,0,5,0,0,0.0,0,9.4,-0.8,-3.12,Dropout
1,8,1,10,1,1,1,13,28,5,10,1,0,0,1,0,1,20,0,0,6,6,6,13.333333333333334,0,0,6,7,6,14.0,0,15.5,2.8,-4.06,Graduate
1,7,2,9,1,1,1,13,14,5,10,1,0,0,1,1,0,19,0,0,5,8,5,11.6,0,0,5,9,3,11.0,0,10.8,1.4,1.74,Dropout
1,1,1,9,1,1,1,1,14,6,6,1,0,0,1,1,1,19,0,0,5,6,5,13.2,0,0,5,6,5,12.666666666666666,0,16.2,0.3,-0.92,Graduate
1,8,1,6,1,1,1,1,28,5,10,1,0,0,1,0,0,21,0,0,5,13,3,11.333333333333334,2,0,5,12,2,10.5,1,9.4,-0.8,-3.12,Enrolled
1,1,1,5,1,1,1,22,27,6,8,0,0,0,1,0,1,18,0,1,6,8,6,13.571428571428571,1,0,6,11,6,12.375,0,13.9,-0.3,0.79,Graduate
1,3,1,8,1,1,1,5,33,3,3,1,0,0,1,0,0,18,0,0,6,6,6,15.0,0,0,6,6,6,14.833333333333334,0,8.9,1.4,3.51,Graduate
2,1,2,3,0,1,1,22,1,10,11,1,0,0,1,0,0,43,0,0,6,6,6,13.0,0,0,6,6,6,12.5,0,9.4,-0.8,-3.12,Graduate
1,15,1,4,1,14,1,1,3,10,3,1,0,1,0,1,0,23,0,0,6,12,2,11.333333333333334,0,0,6,8,2,13.0,0,13.9,-0.3,0.79,Dropout
1,1,1,2,1,1,1,1,10,5,5,1,0,0,1,1,1,20,0,8,14,15,12,10.923076923076923,0,7,13,14,11,12.181818181818182,0,11.1,0.6,2.02,Graduate
1,6,1,14,1,1,1,22,10,10,10,1,0,0,0,1,0,19,0,0,6,6,6,13.0,0,0,6,8,6,13.0,0,13.9,-0.3,0.79,Graduate
1,8,2,10,1,3,1,22,27,8,9,1,0,0,1,0,1,20,0,0,6,6,6,12.333333333333334,0,0,6,6,6,10.666666666666666,0,9.4,-0.8,-3.12,Graduate
1,1,4,10,1,1,1,13,28,10,10,0,0,0,1,0,1,18,0,0,6,7,6,12.285714285714286,0,0,6,8,6,11.428571428571429,0,12.4,0.5,1.79,Graduate
1,13,1,7,1,1,1,3,3,4,3,1,0,0,1,1,0,22,0,0,5,0,0,0.0,0,0,5,0,0,0.0,0,10.8,1.4,1.74,Dropout
1,8,1,7,1,1,1,22,1,10,3,1,0,0,1,1,0,18,0,0,5,10,4,13.0,0,0,5,10,3,12.333333333333334,3,7.6,2.6,0.32,Enrolled
1,8,1,16,1,1,1,13,14,4,5,0,0,0,1,0,0,29,0,2,8,10,7,11.142857142857142,0,2,8,11,8,11.375,0,12.7,3.7,-1.7,Graduate
1,1,4,15,1,1,1,3,14,2,5,1,0,0,1,0,1,18,0,0,6,6,6,13.833333333333334,0,0,6,6,6,14.166666666666666,0,16.2,0.3,-0.92,Graduate
1,8,1,16,1,1,1,1,1,6,8,1,0,0,1,0,0,18,0,0,7,8,7,11.571428571428571,0,0,7,9,6,13.166666666666666,0,11.1,0.6,2.02,Dropout
1,8,5,7,1,1,1,13,14,6,6,1,0,1,1,1,0,18,0,0,5,9,4,12.5,0,0,5,11,5,11.285714285714286,0,12.4,0.5,1.79,Enrolled
1,1,2,15,1,1,1,19,28,1,6,1,0,0,1,0,0,20,0,0,6,10,4,10.5,0,0,6,8,4,11.75,0,7.6,2.6,0.32,Graduate
1,1,1,15,1,1,1,22,27,9,9,0,0,0,1,0,0,18,0,0,6,7,6,13.428571428571429,0,0,6,7,6,14.142857142857142,0,13.9,-0.3,0.79,Graduate
1,1,1,11,1,1,1,23,14,4,4,0,0,0,1,0,0,21,0,0,6,16,2,11.0,0,0,6,12,0,0.0,0,12.7,3.7,-1.7,Dropout
1,1,3,12,1,1,1,1,27,9,8,1,0,0,1,1,1,18,0,0,7,12,7,11.716666666666663,0,0,8,13,4,10.868,0,15.5,2.8,-4.06,Graduate
1,1,2,15,1,1,1,1,14,8,8,1,0,0,1,0,1,19,0,0,6,7,6,14.714285714285714,0,0,6,6,6,15.0,0,13.9,-0.3,0.79,Graduate
1,1,5,9,1,1,1,22,28,8,8,1,0,0,1,0,0,18,0,0,5,9,1,11.0,0,0,5,9,2,12.5,0,7.6,2.6,0.32,Enrolled
1,12,1,14,1,12,1,13,1,6,9,1,0,0,1,1,1,24,0,0,6,10,4,11.6,0,0,6,8,5,13.0,0,11.1,0.6,2.02,Graduate
1,12,1,3,0,1,1,22,28,5,8,1,0,0,1,0,0,24,0,0,6,10,1,10.0,0,0,6,12,0,0.0,0,9.4,-0.8,-3.12,Dropout
1,1,2,15,1,1,1,3,1,3,5,0,0,0,1,1,0,19,0,0,6,9,5,12.6,0,6,10,16,8,11.0,1,8.9,1.4,3.51,Enrolled
1,4,1,6,1,3,1,13,27,12,12,0,0,0,1,1,0,24,0,3,5,10,3,14.666666666666666,1,0,5,5,0,0.0,0,7.6,2.6,0.32,Dropout
1,1,3,12,1,1,1,13,27,8,8,1,0,0,1,0,0,18,0,0,8,8,8,13.07375,0,0,8,8,8,13.07375,0,9.4,-0.8,-3.12,Graduate
1,1,4,2,1,1,1,22,28,10,10,1,0,0,1,0,0,19,0,0,0,0,0,0.0,0,0,0,0,0,0.0,0,10.8,1.4,1.74,Dropout
1,1,4,9,1,1,1,1,14,5,9,1,0,0,1,0,0,19,0,0,5,7,5,12.4,0,0,5,5,5,14.6,0,8.9,1.4,3.51,Graduate
1,8,1,9,1,1,1,3,3,3,3,0,0,0,1,0,0,20,0,0,5,10,4,11.0,0,0,5,7,4,11.5,0,15.5,2.8,-4.06,Enrolled
1,8,5,15,1,1,1,23,28,29,39,1,0,1,1,0,0,19,0,0,6,6,5,11.6,0,0,6,6,6,12.5,0,8.9,1.4,3.51,Graduate
1,8,2,7,1,1,1,10,14,6,6,0,0,0,1,1,0,19,0,0,5,0,0,0.0,0,0,5,0,0,0.0,0,12.4,0.5,1.79,Dropout
1,12,1,12,1,12,1,22,27,10,8,0,0,0,1,0,1,26,0,0,7,8,6,10.983333333333334,0,0,7,8,6,10.983333333333334,0,7.6,2.6,0.32,Graduate
1,4,1,4,1,3,1,1,14,6,10,0,0,0,1,1,0,27,0,0,6,8,0,0.0,0,0,6,10,0,0.0,0,16.2,0.3,-0.92,Dropout
1,1,2,16,1,1,1,22,27,29,41,1,0,1,1,0,1,20,0,0,7,7,7,13.857142857142858,0,0,7,8,7,12.571428571428571,0,8.9,1.4,3.51,Graduate
2,12,1,9,1,1,1,22,27,10,10,1,0,0,1,0,0,31,0,0,5,8,3,11.0,0,0,5,9,2,11.5,0,7.6,2.6,0.32,Dropout
1,4,1,16,1,3,1,19,24,1,1,1,0,0,0,0,0,24,0,0,6,12,0,0.0,0,0,5,10,0,0.0,0,9.4,-0.8,-3.12,Dropout
1,1,1,6,1,1,1,13,28,10,10,1,0,0,1,0,0,19,0,0,6,7,6,16.0,0,0,6,8,6,15.875,0,12.4,0.5,1.79,Graduate
1,14,1,12,1,1,1,23,3,6,3,0,0,0,1,0,0,21,0,3,7,8,7,13.3875,0,2,8,8,8,15.9,0,13.9,-0.3,0.79,Graduate
4,14,1,12,1,12,1,19,24,1,1,0,0,0,1,1,0,30,0,11,14,26,12,12.52608695652174,1,11,14,26,12,12.52608695652174,1,7.6,2.6,0.32,Graduate
1,1,3,12,1,1,3,2,3,6,3,1,0,0,1,0,0,19,1,0,7,9,5,12.32,0,0,7,9,5,11.9,0,12.4,0.5,1.79,Enrolled
1,8,1,14,1,1,1,13,27,6,6,1,0,0,1,1,1,19,0,0,6,7,4,13.75,0,0,6,10,6,11.555555555555555,0,10.8,1.4,1.74,Graduate
1,1,2,16,1,1,1,3,1,4,6,0,0,0,1,0,0,21,0,0,6,8,5,13.2,0,0,6,9,5,14.333333333333334,0,9.4,-0.8,-3.12,Graduate
1,12,1,17,0,1,1,19,24,1,1,1,0,0,1,1,0,30,0,0,5,5,2,11.0,0,0,5,5,0,0.0,0,7.6,2.6,0.32,Dropout
1,8,3,12,1,1,1,22,27,5,4,1,0,0,1,0,0,20,0,0,7,7,6,13.383333333333333,0,0,7,7,6,13.383333333333333,0,7.6,2.6,0.32,Graduate
1,1,1,15,1,1,1,23,27,10,6,1,0,0,1,0,1,24,0,0,6,7,6,13.666666666666666,0,0,6,6,6,12.833333333333334,0,10.8,1.4,1.74,Graduate
1,9,1,12,1,1,1,1,28,5,6,1,0,0,1,0,1,19,0,0,7,8,6,13.741666666666667,0,0,8,9,7,14.9125,0,16.2,0.3,-0.92,Graduate
1,1,1,10,1,1,1,1,28,5,7,0,1,1,0,1,0,19,0,0,6,6,4,11.5,0,0,6,6,5,11.0,0,8.9,1.4,3.51,Dropout
1,8,1,12,1,1,1,13,14,5,10,0,0,0,1,1,0,21,0,0,8,8,7,14.54,0,0,8,8,7,14.54,0,10.8,1.4,1.74,Graduate
1,8,2,16,1,1,1,1,14,6,6,1,0,0,1,0,0,18,0,0,7,10,7,12.142857142857142,0,0,7,7,7,13.142857142857142,0,12.4,0.5,1.79,Graduate
1,1,3,12,1,1,1,22,27,10,10,1,0,0,1,0,1,18,0,0,8,8,7,13.242857142857144,0,0,8,8,7,13.242857142857144,0,12.7,3.7,-1.7,Enrolled
1,1,4,5,1,1,1,22,27,10,9,1,0,0,1,0,0,20,0,0,6,6,4,13.5,0,0,6,8,6,13.625,0,10.8,1.4,1.74,Graduate
1,8,1,11,1,1,1,1,14,5,4,1,0,0,1,0,0,18,0,0,6,10,5,11.8,0,0,6,10,5,12.2,0,11.1,0.6,2.02,Graduate
1,8,6,15,1,1,1,1,14,6,6,1,0,0,1,0,0,18,0,0,6,0,0,0.0,0,0,6,0,0,0.0,0,12.4,0.5,1.79,Dropout
1,15,1,10,1,14,14,1,1,5,7,0,0,1,1,0,1,23,1,3,6,7,6,13.142857142857142,0,2,6,6,6,14.0,0,12.4,0.5,1.79,Graduate
1,8,1,9,1,1,1,1,28,10,10,1,0,0,1,1,0,19,0,0,5,10,2,10.5,0,0,5,5,4,11.75,0,12.4,0.5,1.79,Enrolled
1,1,1,12,1,1,1,1,1,5,11,0,0,0,1,0,0,18,0,0,7,7,6,13.861666666666666,0,0,8,16,0,0.0,1,12.4,0.5,1.79,Dropout
1,1,3,9,1,1,1,1,28,4,9,1,0,0,1,0,1,19,0,0,5,5,5,13.4,0,0,5,5,5,12.6,0,8.9,1.4,3.51,Graduate
1,12,1,6,1,14,1,22,27,2,10,1,0,0,0,1,0,41,0,3,3,3,3,12.333333333333334,0,2,2,2,2,11.0,0,12.4,0.5,1.79,Dropout
1,1,1,12,1,1,1,1,1,4,11,0,0,0,1,0,0,18,0,0,7,7,7,13.7,0,0,8,9,8,13.994444444444444,0,11.1,0.6,2.02,Graduate
1,15,1,17,0,14,1,22,27,7,7,0,0,0,1,0,0,31,0,2,6,8,6,12.0,0,2,7,8,7,13.428571428571429,0,9.4,-0.8,-3.12,Enrolled
1,1,1,9,1,1,1,22,1,10,11,0,0,0,1,0,0,21,0,0,5,12,3,12.0,0,0,5,12,1,15.0,3,16.2,0.3,-0.92,Dropout
1,1,2,15,1,1,1,22,27,6,6,1,1,0,1,0,1,20,0,0,6,6,6,14.666666666666666,0,0,6,7,6,14.571428571428571,0,8.9,1.4,3.51,Graduate
2,1,4,16,1,1,1,22,27,6,8,0,1,0,1,0,1,19,0,0,6,6,6,13.333333333333334,0,0,6,6,6,14.5,0,10.8,1.4,1.74,Graduate
1,1,4,12,1,1,1,3,3,3,3,1,0,1,0,0,0,19,0,0,7,10,4,11.96,0,0,7,7,0,0.0,0,13.9,-0.3,0.79,Dropout
1,1,1,9,1,1,1,19,14,1,5,1,0,0,1,1,1,18,0,0,5,7,4,12.75,0,0,5,5,0,0.0,0,7.6,2.6,0.32,Dropout
1,1,1,14,1,1,1,1,14,5,11,1,0,0,1,0,0,19,0,0,6,8,4,11.0,0,0,6,9,4,11.0,0,10.8,1.4,1.74,Enrolled
1,8,4,12,1,1,1,13,27,6,9,1,0,0,1,0,0,18,0,0,7,7,6,13.983333333333334,0,0,7,7,6,13.983333333333334,0,7.6,2.6,0.32,Graduate
1,15,1,6,1,14,1,22,28,10,7,1,0,0,1,0,0,23,0,0,6,7,0,0.0,0,0,6,7,0,0.0,0,11.1,0.6,2.02,Dropout
1,1,1,10,1,1,1,1,14,5,4,1,0,0,1,1,0,22,0,0,6,6,6,12.666666666666666,0,0,6,6,6,13.833333333333334,0,10.8,1.4,1.74,Dropout
1,1,4,12,1,1,1,22,14,10,10,1,0,0,1,0,0,19,0,0,7,7,6,14.983333333333334,0,0,7,7,6,14.983333333333334,0,7.6,2.6,0.32,Graduate
1,1,1,12,1,1,1,1,1,5,5,1,0,0,1,0,1,18,0,0,7,7,7,15.135714285714286,0,0,8,8,8,15.287499999999998,0,12.4,0.5,1.79,Graduate
1,1,1,14,1,1,1,3,27,5,8,0,0,0,1,1,1,20,0,0,6,7,6,14.833333333333334,0,0,6,6,6,14.833333333333334,0,12.7,3.7,-1.7,Graduate
1,1,2,10,1,1,1,13,14,29,36,1,0,1,1,0,0,20,0,0,6,7,6,12.666666666666666,0,0,6,7,6,11.833333333333334,0,8.9,1.4,3.51,Graduate
1,8,2,9,1,1,1,13,1,10,4,1,0,1,1,0,0,20,0,0,5,10,2,11.5,0,0,5,8,3,10.0,0,11.1,0.6,2.02,Enrolled
1,1,2,6,1,1,1,23,27,6,8,1,0,0,1,0,0,18,0,0,5,9,4,13.0,0,0,5,8,5,13.142857142857142,0,10.8,1.4,1.74,Graduate
1,1,1,16,1,1,1,23,27,29,46,1,0,0,1,0,1,19,0,0,7,8,7,13.857142857142858,0,0,7,8,6,13.666666666666666,0,8.9,1.4,3.51,Graduate
1,12,1,1,1,1,1,13,27,10,10,0,0,0,1,1,0,25,0,0,7,13,2,15.0,0,0,7,12,2,11.5,0,12.4,0.5,1.79,Dropout
1,14,1,12,1,1,1,1,1,6,9,1,0,0,1,0,1,19,0,0,8,15,7,11.571428571428571,0,0,8,15,7,11.571428571428571,0,12.7,3.7,-1.7,Graduate
1,8,1,14,1,1,1,22,27,10,10,1,0,0,1,1,1,21,0,0,6,8,4,14.75,0,0,6,6,5,11.8,0,12.7,3.7,-1.7,Graduate
1,8,1,6,1,1,1,2,14,3,10,1,0,0,1,0,0,18,0,0,5,12,2,11.5,0,0,5,12,3,11.8,2,10.8,1.4,1.74,Enrolled
1,1,1,9,1,1,1,13,14,6,6,1,0,0,1,0,0,22,0,0,5,8,3,10.333333333333334,0,0,5,11,2,10.0,0,7.6,2.6,0.32,Dropout
1,15,1,10,1,14,1,1,27,5,9,1,0,0,1,0,1,20,0,3,6,6,6,13.333333333333334,0,2,6,6,6,14.166666666666666,0,13.9,-0.3,0.79,Graduate
1,8,1,9,1,1,1,3,28,4,8,1,0,0,1,1,0,18,0,0,5,13,5,12.0,0,0,5,9,4,11.4,0,13.9,-0.3,0.79,Enrolled
1,1,1,12,1,1,1,13,1,10,6,0,0,0,1,0,1,18,0,0,7,7,7,14.071428571428571,0,0,8,8,8,15.1625,0,13.9,-0.3,0.79,Graduate
1,1,1,15,1,1,1,3,14,5,6,1,0,0,1,0,0,20,0,0,6,6,6,13.833333333333334,0,0,6,6,6,12.5,0,12.7,3.7,-1.7,Graduate
1,1,1,12,1,1,1,13,14,5,11,0,0,0,1,0,0,20,0,0,8,8,7,12.685714285714283,0,0,8,8,7,12.685714285714283,0,12.7,3.7,-1.7,Graduate
1,8,1,10,1,1,1,23,14,8,8,0,0,0,1,0,1,21,0,0,6,11,4,11.25,0,0,6,12,4,11.4,0,15.5,2.8,-4.06,Graduate
5,12,1,4,1,12,1,13,1,10,10,0,0,1,0,0,0,27,0,0,6,6,0,0.0,0,0,6,7,0,0.0,0,8.9,1.4,3.51,Dropout
1,1,1,15,1,1,1,23,28,10,10,1,0,0,1,0,0,18,0,0,6,6,6,15.5,0,0,6,6,6,14.0,0,11.1,0.6,2.02,Graduate
1,1,1,6,1,1,1,1,2,10,2,1,0,0,1,0,0,19,0,0,5,7,5,14.2,2,0,5,7,5,13.8,0,12.7,3.7,-1.7,Enrolled
1,15,1,10,1,14,1,23,14,6,1,0,0,0,1,0,0,21,0,3,6,7,6,12.571428571428571,0,2,6,6,6,13.5,0,12.4,0.5,1.79,Graduate
1,1,1,16,1,1,1,1,1,10,10,1,0,0,1,0,0,18,0,0,6,11,3,12.0,0,0,6,13,2,12.0,0,12.7,3.7,-1.7,Dropout
1,14,1,3,0,1,1,23,14,6,5,0,0,0,1,0,0,20,0,2,6,6,6,12.166666666666666,0,0,6,7,5,14.0,0,12.7,3.7,-1.7,Enrolled
1,9,2,16,1,1,1,1,1,10,1,0,0,0,1,0,0,18,0,0,7,12,6,12.0,0,0,7,11,6,12.166666666666666,0,13.9,-0.3,0.79,Enrolled
2,12,1,3,0,1,1,22,27,10,8,0,0,0,1,1,0,54,0,4,9,9,9,14.333333333333334,0,2,7,7,7,13.857142857142858,0,8.9,1.4,3.51,Graduate
1,8,1,6,1,1,1,23,14,1,12,0,0,0,1,0,1,19,0,0,5,5,5,12.6,0,0,5,9,3,13.0,0,7.6,2.6,0.32,Dropout
1,8,2,9,1,1,1,23,27,7,7,0,0,0,1,0,0,18,0,0,5,11,5,11.333333333333334,0,0,5,8,5,12.0,0,13.9,-0.3,0.79,Graduate
1,15,1,6,1,14,1,1,14,5,5,0,0,0,1,0,0,21,0,2,6,9,6,13.142857142857142,0,0,6,9,6,12.166666666666666,0,13.9,-0.3,0.79,Graduate
1,1,4,15,1,1,1,13,14,10,8,1,0,0,1,1,0,18,0,0,6,6,6,12.833333333333334,0,0,6,8,6,12.833333333333334,0,12.4,0.5,1.79,Graduate
1,8,6,12,1,1,1,1,1,5,4,1,0,0,1,1,1,18,0,0,7,7,7,12.718571428571428,0,0,8,11,8,12.805555555555555,0,11.1,0.6,2.02,Dropout
1,8,1,3,0,1,1,19,24,1,1,0,0,0,1,0,0,24,0,0,6,7,6,12.833333333333334,0,0,6,8,6,12.0,0,7.6,2.6,0.32,Graduate
1,1,3,6,1,1,1,3,2,5,4,1,0,0,1,0,0,18,0,0,5,14,3,12.333333333333334,2,0,5,8,5,11.6,0,9.4,-0.8,-3.12,Enrolled
1,14,1,5,1,1,1,22,27,10,10,1,0,0,1,1,0,34,0,7,12,12,7,11.428571428571429,0,4,12,12,7,11.857142857142858,0,7.6,2.6,0.32,Enrolled
1,15,1,5,1,14,1,13,28,5,1,1,0,0,1,1,0,21,0,0,6,6,6,14.5,0,0,6,8,6,11.333333333333334,0,12.4,0.5,1.79,Graduate
1,14,1,3,0,1,1,22,27,10,6,0,0,0,1,0,0,45,0,5,9,13,8,11.0,0,3,7,10,6,10.833333333333334,0,12.7,3.7,-1.7,Enrolled
1,4,1,13,1,2,1,22,27,10,10,1,0,0,1,0,1,36,0,0,7,9,1,9.8,0,0,7,7,0,0.0,0,12.7,3.7,-1.7,Dropout
1,1,2,12,1,1,1,19,24,12,12,1,0,0,1,0,0,20,0,0,7,8,4,11.95,0,0,7,8,4,11.95,0,7.6,2.6,0.32,Dropout
1,8,5,12,1,1,1,13,1,6,4,1,0,0,1,0,1,19,0,0,8,8,7,12.485714285714286,0,0,8,8,7,12.485714285714286,0,12.7,3.7,-1.7,Graduate
1,1,1,11,1,1,1,13,1,4,8,0,0,0,1,1,0,23,0,0,6,10,6,13.0,0,0,6,9,6,12.0,0,11.1,0.6,2.02,Enrolled
1,4,1,7,1,15,1,3,1,3,6,0,0,0,1,1,0,23,0,0,5,5,5,13.8,0,0,5,7,5,14.142857142857142,0,11.1,0.6,2.02,Graduate
1,8,2,13,1,1,1,23,14,8,8,1,0,0,1,0,0,20,0,0,7,13,4,13.5,0,0,7,11,4,11.225,0,11.1,0.6,2.02,Dropout
1,1,2,10,1,1,1,1,14,5,6,0,0,0,1,0,0,18,0,0,6,10,4,11.0,0,0,6,8,5,11.2,0,10.8,1.4,1.74,Graduate
1,6,1,12,1,1,20,3,2,14,5,1,0,0,1,0,0,18,1,0,7,15,4,11.575,0,0,7,10,5,12.419999999999998,0,12.4,0.5,1.79,Enrolled
1,1,2,2,1,1,1,3,1,3,4,1,0,0,1,0,0,19,0,0,0,0,0,0.0,0,0,0,0,0,0.0,0,12.7,3.7,-1.7,Graduate
1,1,1,11,1,1,1,13,14,10,10,1,0,0,1,0,1,18,0,0,6,7,6,14.166666666666666,0,0,6,10,4,14.0,0,15.5,2.8,-4.06,Graduate
1,4,1,13,1,3,1,1,27,5,9,0,0,0,0,1,0,23,0,3,7,7,3,13.666666666666666,0,3,8,8,3,11.333333333333334,4,10.8,1.4,1.74,Dropout
1,1,1,5,1,1,1,1,14,4,10,1,0,0,1,1,0,20,0,0,6,7,6,13.666666666666666,0,0,6,7,6,12.166666666666666,1,16.2,0.3,-0.92,Graduate
1,1,6,7,1,1,1,13,14,8,4,1,0,0,1,1,1,20,0,0,5,6,5,14.0,0,0,5,7,5,13.8,0,8.9,1.4,3.51,Graduate
2,12,1,6,1,1,1,22,27,12,11,0,0,0,1,1,0,34,0,0,6,0,0,0.0,0,0,6,0,0,0.0,0,10.8,1.4,1.74,Dropout
