1,1,5,5,1,1,1,22,27,10,10,1,0,0,0,1,0,19,0,0,6,0,0,0.0,0,0,6,0,0,0.0,0,10.8,1.4,1.74,Dropout
1,1,3,10,1,1,15,1,1,10,10,0,0,0,1,0,1,21,1,0,6,8,6,13.875,0,0,6,7,6,14.142857142857142,0,16.2,0.3,-0.92,Graduate
1,1,2,16,1,1,1,13,27,5,10,1,0,0,1,0,0,19,0,0,6,6,0,0.0,0,0,6,0,0,0.0,0,12.7,3.7,-1.7,Dropout
1,1,1,8,1,1,1,3,14,4,6,1,0,0,1,0,0,20,0,0,5,8,4,12.5,1,0,5,8,4,12.25,2,10.8,1.4,1.74,Graduate
1,1,1,12,1,1,1,13,14,4,8,0,0,0,1,0,0,19,0,0,7,8,6,13.296666666666669,0,0,8,9,7,14.114285714285714,0,11.1,0.6,2.02,Graduate
1,8,6,12,1,1,1,22,14,8,8,1,0,0,1,0,1,22,0,0,7,8,6,13.516666666666666,0,0,8,9,7,13.771428571428572,0,11.1,0.6,2.02,Graduate
1,15,1,3,0,14,1,1,14,10,10,0,0,0,1,0,1,21,0,3,6,6,6,11.5,0,2,6,7,6,13.285714285714286,0,12.4,0.5,1.79,Graduate
1,1,1,12,1,1,1,22,28,7,7,1,0,0,1,0,1,19,0,0,8,10,6,11.833333333333334,0,0,8,10,6,11.833333333333334,0,9.4,-0.8,-3.12,Enrolled
1,1,3,8,1,1,1,22,27,12,12,0,0,0,1,0,0,19,0,0,5,7,5,14.714285714285714,0,0,5,5,5,15.8,0,7.6,2.6,0.32,Graduate
1,8,3,2,1,1,1,1,27,5,8,1,0,0,1,1,1,19,0,0,0,0,0,0.0,0,0,0,0,0,0.0,0,10.8,1.4,1.74,Enrolled
1,9,4,11,1,1,1,13,27,8,8,1,0,0,1,1,1,21,0,0,6,8,4,10.5,0,0,6,11,1,11.0,0,9.4,-0.8,-3.12,Dropout
1,12,1,17,0,2,1,3,3,3,3,1,0,0,1,1,0,35,0,0,1,1,0,0.0,1,0,5,0,0,0.0,0,10.8,1.4,1.74,Dropout
1,6,1,7,1,1,12,23,3,10,3,1,0,0,1,1,0,19,1,0,5,9,5,14.0,0,0,5,11,3,13.25,0,13.9,-0.3,0.79,Enrolled
1,16,1,5,1,1,1,3,1,3,9,0,0,1,1,0,0,20,0,4,10,12,10,13.0,0,5,11,11,11,12.272727272727272,0,11.1,0.6,2.02,Graduate
1,8,1,10,1,1,1,13,27,10,8,1,0,0,1,0,1,20,0,0,6,13,2,10.0,0,0,6,12,4,10.75,0,7.6,2.6,0.32,Enrolled
1,1,1,9,1,1,1,2,14,5,6,0,0,0,1,0,0,18,0,0,5,5,5,12.6,0,0,5,5,5,14.0,0,11.1,0.6,2.02,Graduate
1,1,2,9,1,1,1,13,14,10,8,1,0,0,1,0,0,19,0,0,5,8,5,10.8,0,0,5,9,4,11.25,2,16.2,0.3,-0.92,Graduate
1,15,1,6,1,14,1,22,27,10,10,1,0,0,1,0,0,20,0,1,6,7,6,14.166666666666666,0,1,6,17,5,13.77777777777778,0,12.4,0.5,1.79,Graduate
1,1,3,12,1,1,1,13,14,6,9,1,0,0,1,0,1,18,0,0,7,9,7,13.2375,0,0,8,9,7,13.742857142857144,0,13.9,-0.3,0.79,Dropout
1,1,1,6,1,1,1,1,28,5,8,0,0,0,1,0,0,19,0,0,5,6,5,12.4,0,0,5,6,5,13.4,0,7.6,2.6,0.32,Graduate
1,12,1,6,1,1,1,22,14,10,8,1,0,0,1,0,0,28,0,0,5,13,4,11.25,1,0,5,11,4,10.5,0,12.7,3.7,-1.7,Enrolled
1,8,1,12,1,1,1,2,28,5,6,1,0,0,1,0,0,19,0,0,7,7,6,11.683333333333332,0,0,7,7,6,11.683333333333332,0,7.6,2.6,0.32,Graduate
1,8,2,11,1,1,1,22,27,10,9,1,0,1,0,0,0,20,0,0,6,8,4,11.75,0,0,6,6,6,13.166666666666666,0,11.1,0.6,2.02,Dropout
1,15,1,17,0,14,1,22,14,10,9,0,0,0,1,0,1,26,0,2,6,7,6,12.666666666666666,0,2,6,7,6,13.166666666666666,1,9.4,-0.8,-3.12,Enrolled
1,1,1,3,0,1,1,1,27,8,4,0,0,0,1,0,0,23,0,0,6,13,2,10.0,0,0,5,12,1,10.0,0,9.4,-0.8,-3.12,Enrolled
1,12,1,12,1,1,1,1,3,28,19,0,0,0,1,0,0,35,0,0,3,4,3,11.816666666666668,0,0,3,3,3,11.333333333333334,0,11.1,0.6,2.02,Enrolled
1,8,1,6,1,1,1,13,27,2,4,0,0,0,1,0,0,21,0,0,5,10,0,0.0,1,0,5,9,2,13.5,0,7.6,2.6,0.32,Dropout
1,9,1,12,1,1,1,1,28,5,6,1,0,0,1,0,1,19,0,0,7,8,6,13.741666666666667,0,0,8,9,7,14.9125,0,16.2,0.3,-0.92,Graduate
1,8,2,10,1,1,1,22,27,4,10,0,1,0,1,0,1,18,0,0,6,9,6,11.333333333333334,0,0,6,9,6,11.571428571428571,0,15.5,2.8,-4.06,Graduate
1,12,1,3,0,1,1,22,27,13,13,0,0,0,1,0,0,34,0,0,6,0,0,0.0,0,0,6,0,0,0.0,0,12.7,3.7,-1.7,Dropout
1,1,2,15,1,1,1,3,1,2,4,1,0,0,1,0,0,18,0,0,6,11,4,12.25,0,0,6,10,3,11.666666666666666,0,9.4,-0.8,-3.12,Graduate
1,8,1,9,1,1,1,10,14,5,9,1,0,0,1,0,0,20,0,0,5,10,5,13.5,0,0,5,8,5,12.333333333333334,0,13.9,-0.3,0.79,Graduate
1,8,3,12,1,1,1,10,1,5,11,1,0,0,1,0,0,18,0,0,7,7,7,13.685714285714283,0,0,8,8,8,15.3875,0,13.9,-0.3,0.79,Graduate
1,8,1,5,1,1,1,4,27,3,10,0,0,0,1,0,0,18,0,0,6,8,6,12.5,0,0,6,6,6,12.333333333333334,0,15.5,2.8,-4.06,Enrolled
1,12,1,12,1,1,1,3,3,2,2,1,0,0,1,0,0,24,0,0,8,8,8,13.385,0,0,8,8,8,13.385,0,9.4,-0.8,-3.12,Graduate
1,8,4,6,1,1,1,13,14,5,11,1,0,0,1,0,0,19,0,0,6,14,6,15.666666666666666,0,0,6,9,6,14.5,0,15.5,2.8,-4.06,Graduate
1,15,1,4,1,14,1,13,27,7,7,0,0,1,1,0,1,19,0,0,6,9,6,14.333333333333334,0,0,6,7,6,13.833333333333334,0,13.9,-0.3,0.79,Graduate
1,16,1,14,1,1,1,13,14,6,6,0,0,1,0,0,0,18,0,0,5,6,2,12.5,0,0,5,6,4,10.25,0,9.4,-0.8,-3.12,Dropout
1,8,2,10,1,1,1,1,9,5,4,1,0,0,1,0,0,19,0,0,6,11,0,0.0,0,0,6,0,0,0.0,0,9.4,-0.8,-3.12,Dropout
1,3,3,6,1,1,1,1,14,8,6,1,0,0,1,0,0,19,0,0,5,9,3,10.333333333333334,1,0,5,8,3,13.0,0,7.6,2.6,0.32,Enrolled
1,1,4,12,1,1,1,23,28,8,8,1,0,0,1,0,1,18,0,0,8,8,8,13.39125,0,0,8,8,8,13.39125,0,9.4,-0.8,-3.12,Graduate
1,1,1,16,1,1,1,13,14,6,6,0,0,0,1,0,1,19,0,0,6,7,6,13.428571428571429,0,0,6,6,6,13.166666666666666,0,15.5,2.8,-4.06,Graduate
1,15,1,3,0,14,1,22,27,8,8,0,0,0,1,0,1,21,0,3,6,6,6,14.666666666666666,0,2,6,6,6,14.166666666666666,0,13.9,-0.3,0.79,Graduate
1,8,2,6,1,1,1,1,14,5,4,0,0,0,1,0,0,18,0,0,6,7,6,14.857142857142858,0,0,6,7,6,14.0,0,11.1,0.6,2.02,Graduate
1,8,1,12,1,1,1,22,27,6,6,1,0,0,1,0,0,19,0,0,8,8,7,14.731428571428571,0,0,8,8,7,14.731428571428571,0,10.8,1.4,1.74,Graduate
1,4,1,17,0,15,1,22,27,7,7,0,0,0,1,0,0,26,0,3,5,5,5,14.0,0,1,5,5,5,15.6,0,12.4,0.5,1.79,Graduate
1,14,1,13,1,1,1,3,4,4,3,0,0,0,1,0,0,18,0,0,2,2,0,0.0,0,0,4,4,1,16.0,0,10.8,1.4,1.74,Enrolled
1,1,2,12,1,1,1,1,14,8,8,1,0,0,1,0,0,18,0,0,7,8,7,12.92875,0,0,8,8,8,14.0625,0,15.5,2.8,-4.06,Dropout
1,1,2,13,1,1,1,13,14,10,10,1,0,0,1,0,0,21,0,0,2,2,2,12.5,0,0,7,0,0,0.0,0,12.4,0.5,1.79,Dropout
1,1,1,12,1,1,1,1,1,5,5,0,0,0,1,0,0,19,0,0,7,10,6,11.614285714285714,0,0,8,8,8,14.0375,0,13.9,-0.3,0.79,Graduate
1,14,2,14,1,1,1,23,14,5,4,1,0,0,1,0,0,20,0,4,6,7,6,11.5,0,0,6,10,4,10.571428571428571,0,10.8,1.4,1.74,Dropout
1,8,1,5,1,1,1,13,28,10,8,0,0,0,1,0,0,18,0,0,6,7,5,11.8,0,0,6,6,6,12.666666666666666,0,16.2,0.3,-0.92,Graduate
1,12,1,12,1,12,1,22,28,23,34,0,0,0,1,0,0,27,0,0,7,12,4,14.0,0,0,7,14,3,12.525,0,12.4,0.5,1.79,Enrolled
2,12,1,3,0,1,1,19,24,13,13,0,0,0,0,0,0,32,0,0,5,5,0,0.0,0,0,5,10,0,0.0,0,10.8,1.4,1.74,Dropout
1,12,1,17,0,1,1,22,14,10,3,0,0,0,0,0,0,40,0,0,4,4,0,0.0,0,0,5,0,0,0.0,0,12.7,3.7,-1.7,Dropout
1,9,3,6,1,1,18,1,1,10,10,1,0,0,1,0,1,18,1,0,5,9,4,12.0,0,0,5,8,5,13.0,0,10.8,1.4,1.74,Graduate
1,15,1,4,1,14,1,13,28,4,10,1,0,0,1,1,0,21,0,0,6,7,6,12.857142857142858,0,0,6,6,6,13.166666666666666,0,12.4,0.5,1.79,Graduate
1,12,1,15,1,12,1,13,1,8,10,1,0,1,0,1,0,25,0,0,6,10,4,13.0,0,0,6,9,4,13.75,0,12.7,3.7,-1.7,Dropout
1,12,1,17,0,1,1,1,1,5,11,0,0,0,1,1,0,25,0,0,5,13,1,10.0,0,0,5,8,2,11.333333333333334,0,12.4,0.5,1.79,Dropout
1,12,1,4,1,12,1,4,1,3,5,0,0,0,1,1,0,25,0,0,3,4,0,0.0,0,0,3,5,0,0.0,0,16.2,0.3,-0.92,Dropout
1,12,1,3,0,1,1,19,5,1,2,1,0,0,1,0,0,31,0,0,6,12,0,0.0,0,0,6,0,0,0.0,0,7.6,2.6,0.32,Dropout
2,1,1,3,0,1,1,1,27,5,8,1,0,0,1,0,0,24,0,0,6,9,5,13.0,0,0,6,6,6,14.166666666666666,0,9.4,-0.8,-3.12,Graduate
1,8,2,9,1,1,1,1,28,5,4,1,0,0,1,0,0,19,0,0,5,15,2,10.75,0,0,5,11,2,10.0,0,13.9,-0.3,0.79,Dropout
1,1,2,16,1,1,1,1,28,5,10,1,0,0,1,0,0,19,0,0,6,9,5,12.2,0,0,6,10,4,13.0,0,9.4,-0.8,-3.12,Enrolled
1,12,1,13,1,1,1,23,28,29,44,0,0,1,1,0,1,24,0,0,7,13,7,11.0,0,0,8,13,7,11.7,0,12.7,3.7,-1.7,Graduate
2,12,1,14,1,1,1,22,27,10,1,0,0,1,0,0,0,34,0,0,6,7,4,13.5,0,0,6,6,0,0.0,6,12.7,3.7,-1.7,Dropout
1,1,1,15,1,1,1,13,28,4,6,0,0,0,1,0,0,19,0,0,6,13,4,11.75,0,0,6,10,4,11.0,0,10.8,1.4,1.74,Graduate
1,9,4,6,1,1,1,1,1,5,6,0,0,1,0,0,1,20,0,2,5,8,5,14.4,1,0,5,6,5,14.0,0,12.7,3.7,-1.7,Dropout
1,8,3,12,1,1,1,23,14,10,9,1,0,0,1,1,0,18,0,0,7,8,7,11.8375,0,0,8,9,8,12.48125,0,13.9,-0.3,0.79,Graduate
4,12,1,14,1,1,1,2,1,4,10,0,0,1,0,1,0,53,0,0,6,11,3,14.333333333333334,0,0,6,6,0,0.0,0,12.7,3.7,-1.7,Dropout
4,12,1,8,1,1,1,22,27,7,8,1,0,0,1,1,0,34,0,0,6,9,0,0.0,0,0,6,6,0,0.0,0,16.2,0.3,-0.92,Dropout
1,1,1,5,1,1,1,13,14,10,8,1,0,0,1,1,0,18,0,0,6,0,0,0.0,0,0,6,0,0,0.0,0,12.4,0.5,1.79,Dropout
1,1,3,5,1,1,1,22,27,10,10,1,0,0,1,1,1,20,0,0,6,6,6,15.5,0,0,6,7,6,12.166666666666666,0,12.4,0.5,1.79,Graduate
1,1,3,12,1,1,1,1,14,5,10,1,0,0,1,0,0,19,0,0,7,9,6,13.411428571428573,0,0,8,12,7,13.294444444444444,0,15.5,2.8,-4.06,Enrolled
1,8,1,15,1,1,1,23,28,8,8,1,0,0,1,0,1,18,0,0,6,6,6,15.0,0,0,6,6,6,15.5,0,8.9,1.4,3.51,Graduate
1,8,1,14,1,1,1,1,1,6,5,1,0,1,1,0,0,20,0,0,6,10,2,11.666666666666666,0,0,6,10,4,10.5,0,15.5,2.8,-4.06,Dropout
1,1,1,12,1,1,1,13,27,4,9,0,0,0,1,0,1,18,0,0,7,10,7,14.668,0,0,8,8,8,14.63375,0,15.5,2.8,-4.06,Graduate
1,1,1,10,1,1,1,1,1,2,2,1,0,0,1,0,0,19,0,0,6,10,6,10.833333333333334,0,0,6,7,6,12.142857142857142,0,11.1,0.6,2.02,Graduate
1,1,1,5,1,1,1,3,3,2,3,1,0,0,1,0,0,18,0,0,6,6,6,13.666666666666666,0,0,6,6,5,14.0,0,12.7,3.7,-1.7,Graduate
1,1,3,15,1,1,1,13,14,4,4,0,0,0,1,0,1,18,0,0,6,6,6,13.166666666666666,0,0,6,6,6,12.166666666666666,0,12.4,0.5,1.79,Graduate
1,8,3,5,1,1,1,1,28,4,6,1,0,0,1,0,1,18,0,0,6,6,6,13.0,0,0,6,6,6,12.166666666666666,0,16.2,0.3,-0.92,Graduate
1,1,1,6,1,1,3,1,14,5,8,1,0,0,1,0,0,20,1,0,7,9,6,14.714285714285714,0,1,7,16,6,13.2,0,12.4,0.5,1.79,Enrolled
1,8,1,9,1,1,1,3,1,4,5,0,0,0,0,1,0,22,0,0,5,10,4,11.5,0,0,5,11,4,14.0,0,8.9,1.4,3.51,Enrolled
1,3,2,16,1,1,1,13,14,5,6,1,0,0,1,0,0,22,0,0,6,10,5,12.6,0,0,6,9,4,11.25,0,12.7,3.7,-1.7,Enrolled
1,1,1,12,1,1,1,23,28,10,10,0,0,0,1,1,1,19,0,0,7,9,7,14.244444444444444,0,0,8,12,8,12.233333333333333,0,15.5,2.8,-4.06,Graduate
2,12,1,3,0,7,1,22,27,9,11,1,0,0,1,0,0,37,0,0,6,0,0,0.0,0,0,6,0,0,0.0,0,9.4,-0.8,-3.12,Dropout
1,1,3,15,1,1,1,13,14,6,6,1,0,0,1,0,0,19,0,0,6,6,6,13.0,0,0,6,8,5,12.4,0,12.4,0.5,1.79,Graduate
1,12,1,4,1,9,1,22,14,10,11,0,0,0,1,1,0,58,0,0,6,9,0,0.0,0,0,6,6,0,0.0,0,13.9,-0.3,0.79,Dropout
1,1,1,9,1,1,1,1,1,3,11,0,0,0,1,1,0,19,0,0,5,8,2,10.0,0,0,5,8,1,16.0,0,7.6,2.6,0.32,Dropout
1,15,1,6,1,14,3,13,1,7,5,1,0,0,1,0,0,22,1,0,6,12,5,12.8,0,0,6,19,2,11.5,0,12.4,0.5,1.79,Enrolled
1,8,3,5,1,1,1,23,1,6,6,0,1,0,1,0,0,18,0,0,6,0,0,0.0,0,0,6,0,0,0.0,0,15.5,2.8,-4.06,Dropout
1,17,1,10,1,16,1,22,27,10,11,1,0,0,1,0,0,21,0,5,9,10,9,12.77777777777778,0,4,9,9,9,13.22222222222222,0,8.9,1.4,3.51,Graduate
1,8,1,9,1,1,1,1,28,5,6,0,0,0,1,0,1,18,0,0,5,5,5,14.6,0,0,5,8,5,12.0,0,12.7,3.7,-1.7,Graduate
1,1,1,16,1,1,1,13,27,6,8,0,0,0,1,0,1,18,0,0,6,11,4,12.0,0,0,6,8,4,10.75,0,15.5,2.8,-4.06,Enrolled
1,8,1,6,1,1,1,1,27,10,10,1,0,0,1,0,1,18,0,0,5,7,4,13.25,0,0,5,8,5,15.571428571428571,0,10.8,1.4,1.74,Graduate
1,1,1,16,1,1,1,3,1,3,6,0,0,0,1,0,0,18,0,0,6,9,5,12.333333333333334,0,0,6,10,5,10.6,0,15.5,2.8,-4.06,Enrolled
1,1,5,11,1,1,1,13,14,5,8,1,0,0,1,0,0,19,0,0,6,9,5,11.6,0,0,6,12,5,12.2,0,13.9,-0.3,0.79,Graduate
1,8,3,12,1,1,1,3,3,5,6,1,0,0,1,0,0,18,0,0,7,8,7,14.85,0,0,8,8,8,15.2,0,13.9,-0.3,0.79,Dropout
1,1,1,10,1,1,1,22,27,10,6,0,0,0,1,0,0,18,0,0,6,11,5,12.4,0,0,6,7,6,13.0,0,9.4,-0.8,-3.12,Graduate
1,1,1,16,1,1,1,1,14,10,5,1,0,0,1,0,1,19,0,0,7,7,7,13.428571428571429,0,0,7,7,7,14.857142857142858,0,11.1,0.6,2.02,Graduate
1,1,2,5,1,1,1,13,1,10,4,1,0,0,1,0,1,18,0,1,6,8,6,12.714285714285714,1,0,6,8,6,12.625,0,13.9,-0.3,0.79,Graduate
1,1,1,15,1,1,1,23,14,18,16,0,0,1,1,0,0,20,0,0,6,6,5,11.0,0,0,6,6,6,13.166666666666666,0,16.2,0.3,-0.92,Graduate
1,8,3,15,1,1,1,13,14,6,9,0,0,0,1,0,0,18,0,0,6,6,0,0.0,0,0,6,0,0,0.0,0,8.9,1.4,3.51,Dropout
1,1,3,12,1,1,1,23,14,9,9,1,0,1,1,0,1,18,0,0,7,8,7,12.65,0,0,8,9,8,12.445555555555554,0,15.5,2.8,-4.06,Graduate
1,12,1,17,0,1,1,23,28,4,4,0,0,0,1,0,0,25,0,0,5,11,3,10.666666666666666,0,0,5,11,3,11.333333333333334,0,15.5,2.8,-4.06,Enrolled
1,9,1,12,1,1,1,23,27,10,8,1,0,0,1,0,0,19,0,0,8,8,8,13.11625,0,0,8,8,8,13.11625,0,9.4,-0.8,-3.12,Graduate
1,1,1,15,1,1,1,23,27,10,10,0,0,0,1,0,1,19,0,0,6,6,6,12.833333333333334,0,0,6,6,6,13.5,0,16.2,0.3,-0.92,Graduate
1,1,1,11,1,1,1,1,28,5,10,1,0,0,1,0,1,21,0,0,6,8,6,12.166666666666666,0,0,6,11,3,11.666666666666666,0,10.8,1.4,1.74,Dropout
1,12,1,12,1,1,1,22,27,10,10,0,0,1,0,0,0,32,0,0,7,12,4,13.7,0,0,7,7,0,0.0,0,16.2,0.3,-0.92,Dropout
1,1,1,9,1,1,1,23,14,6,8,0,0,0,1,1,0,19,0,0,5,6,5,11.2,0,0,5,5,5,13.2,0,12.4,0.5,1.79,Graduate
1,8,4,11,1,1,1,13,1,6,6,1,0,0,1,1,0,18,0,0,6,7,4,11.0,0,0,6,7,3,11.25,0,16.2,0.3,-0.92,Dropout
1,7,1,6,1,1,1,1,1,10,10,1,0,0,1,0,0,18,0,0,5,8,4,13.25,1,0,5,10,4,10.5,0,12.7,3.7,-1.7,Graduate
1,1,2,12,1,1,1,13,28,30,43,1,0,0,1,0,0,19,0,0,7,10,6,13.598333333333334,0,0,8,11,6,11.933333333333332,0,11.1,0.6,2.02,Enrolled
1,8,1,9,1,1,1,22,27,10,8,1,0,0,1,0,0,20,0,0,5,9,1,10.0,0,0,5,10,1,11.0,0,7.6,2.6,0.32,Dropout
1,1,6,12,1,1,1,1,1,5,5,1,0,0,1,0,0,19,0,0,8,9,7,12.04142857142857,0,0,8,9,7,12.04142857142857,0,10.8,1.4,1.74,Graduate
1,1,6,10,1,1,1,1,28,32,35,1,0,1,1,0,1,20,0,0,6,8,5,11.6,0,0,6,8,4,11.75,0,8.9,1.4,3.51,Graduate
1,8,4,10,1,1,1,13,14,6,9,1,0,0,1,0,0,18,0,0,6,10,5,12.0,0,0,6,11,4,12.0,0,16.2,0.3,-0.92,Graduate
1,9,2,9,1,1,1,13,28,10,8,1,0,0,1,0,1,18,0,0,5,8,5,13.75,0,0,5,6,5,12.166666666666666,0,13.9,-0.3,0.79,Graduate
2,12,1,17,0,12,1,13,29,6,4,0,0,1,0,0,0,31,0,0,5,7,0,0.0,0,0,5,7,0,0.0,0,16.2,0.3,-0.92,Dropout
1,8,2,15,1,1,1,3,1,5,6,1,0,0,1,0,0,19,0,0,6,6,6,12.833333333333334,0,0,6,6,6,12.666666666666666,0,16.2,0.3,-0.92,Graduate
1,8,6,12,1,1,1,1,27,2,2,1,0,0,1,0,0,19,0,0,8,8,7,13.925714285714283,0,0,8,8,7,13.925714285714283,0,10.8,1.4,1.74,Graduate
1,1,6,12,1,1,1,1,27,5,4,1,0,0,1,0,0,18,0,0,7,7,7,13.44285714285714,0,0,8,9,8,13.744444444444444,0,16.2,0.3,-0.92,Graduate
1,14,1,15,1,1,1,23,27,10,6,1,0,0,1,0,0,20,0,0,6,6,6,11.833333333333334,0,0,6,7,6,12.857142857142858,0,15.5,2.8,-4.06,Graduate
1,1,3,13,1,1,1,23,27,8,8,1,0,0,1,0,0,19,0,0,7,9,7,11.677777777777775,0,0,8,8,8,13.8,0,12.7,3.7,-1.7,Graduate
1,1,1,6,1,1,1,13,28,10,10,1,0,0,1,0,0,19,0,0,6,7,6,16.0,0,0,6,8,6,15.875,0,12.4,0.5,1.79,Graduate
1,13,1,7,1,1,1,13,27,10,4,0,0,1,1,1,0,25,0,0,5,5,0,0.0,0,2,6,7,2,14.0,0,13.9,-0.3,0.79,Dropout
1,14,1,9,1,1,1,13,28,10,10,1,0,0,1,0,0,19,0,0,5,5,5,12.6,0,0,5,6,4,12.4,0,16.2,0.3,-0.92,Graduate
1,1,3,12,1,1,1,23,14,8,10,1,0,0,1,1,1,20,0,0,8,8,7,13.024285714285714,0,0,8,8,7,13.024285714285714,0,10.8,1.4,1.74,Graduate
1,1,1,14,1,1,1,13,27,6,8,0,0,0,1,1,1,20,0,0,5,7,4,11.0,0,0,5,7,4,11.5,0,9.4,-0.8,-3.12,Graduate
1,8,5,7,1,1,4,4,10,3,10,1,0,0,1,1,0,20,1,0,5,5,5,14.8,0,0,5,5,5,17.6,0,8.9,1.4,3.51,Graduate
2,12,1,4,1,1,1,1,31,10,4,0,0,1,0,1,0,34,0,0,6,7,0,0.0,0,0,6,0,0,0.0,0,12.4,0.5,1.79,Dropout
1,12,2,14,1,1,1,19,24,1,1,1,0,0,1,1,0,26,0,0,5,5,0,0.0,0,0,5,5,0,0.0,0,7.6,2.6,0.32,Dropout
1,17,1,9,1,16,1,1,14,21,37,1,0,0,1,0,0,21,0,6,11,17,11,11.545454545454543,0,3,9,13,8,12.88888888888889,0,8.9,1.4,3.51,Graduate
1,14,1,11,1,1,1,1,14,6,8,0,0,0,1,0,1,19,0,0,6,11,4,12.0,0,0,6,14,3,11.0,0,10.8,1.4,1.74,Dropout
1,8,1,11,1,1,1,19,28,1,8,1,0,1,0,0,0,19,0,0,6,14,1,10.0,0,0,6,13,0,0.0,0,7.6,2.6,0.32,Dropout
1,15,1,10,1,1,1,22,27,7,10,0,0,0,1,0,1,21,0,3,6,6,6,12.333333333333334,0,2,6,8,6,11.333333333333334,0,13.9,-0.3,0.79,Graduate
1,1,1,10,1,1,1,1,28,6,9,0,0,0,1,0,1,20,0,0,6,11,5,10.6,0,0,6,9,5,11.166666666666666,0,11.1,0.6,2.02,Enrolled
1,1,1,15,1,1,1,1,28,4,6,1,0,0,1,1,0,19,0,0,6,8,5,12.0,0,0,6,8,5,12.4,0,9.4,-0.8,-3.12,Graduate
1,1,1,2,1,1,1,23,1,6,2,0,0,0,1,1,0,21,0,0,0,0,0,0.0,0,0,0,0,0,0.0,0,13.9,-0.3,0.79,Dropout
1,9,1,13,1,1,1,3,14,3,9,1,0,0,1,1,0,21,0,0,7,8,7,12.375,0,0,7,11,5,12.583333333333334,0,8.9,1.4,3.51,Graduate
1,1,1,6,1,1,1,10,1,2,12,0,0,0,1,0,0,21,0,0,5,7,5,14.4,0,0,5,5,5,13.8,0,7.6,2.6,0.32,Graduate
1,9,2,12,1,1,1,23,27,6,6,1,0,0,1,0,1,19,0,0,8,8,7,12.342857142857143,0,0,8,8,7,12.342857142857143,0,10.8,1.4,1.74,Graduate
1,9,3,12,1,1,1,13,1,5,8,1,0,0,1,0,0,18,0,0,7,7,7,13.457142857142856,0,0,8,8,8,14.5125,0,13.9,-0.3,0.79,Graduate
1,1,2,6,1,1,1,13,14,12,12,0,0,0,1,0,0,20,0,0,5,6,5,12.6,0,0,5,8,4,12.333333333333334,0,7.6,2.6,0.32,Graduate
1,1,3,9,1,1,1,1,28,6,8,1,0,0,1,0,1,19,0,0,5,5,5,11.6,0,0,5,11,3,12.666666666666666,0,9.4,-0.8,-3.12,Enrolled
1,1,2,8,1,1,1,13,27,10,10,1,0,0,1,0,0,18,0,0,5,10,4,13.5,1,0,5,5,5,13.4,0,12.7,3.7,-1.7,Enrolled
1,1,1,11,1,1,1,2,27,2,2,1,0,0,1,0,0,19,0,0,6,9,5,13.4,0,0,6,16,2,13.5,0,10.8,1.4,1.74,Enrolled
1,8,3,7,1,1,1,1,14,5,4,1,0,0,1,1,1,18,0,0,5,9,4,12.25,0,0,5,9,3,12.333333333333334,0,8.9,1.4,3.51,Dropout
1,16,1,7,1,1,1,1,14,5,5,0,0,0,1,1,0,23,0,0,5,7,2,13.0,0,0,5,11,1,10.0,0,8.9,1.4,3.51,Dropout
1,16,1,2,1,1,1,2,1,4,4,1,0,0,1,1,0,21,0,6,12,12,12,13.666666666666666,0,4,11,16,11,13.0,0,8.9,1.4,3.51,Graduate
1,14,1,3,0,1,1,13,27,9,6,0,0,0,1,1,0,24,0,0,6,13,0,0.0,3,0,6,6,0,0.0,0,16.2,0.3,-0.92,Dropout
1,8,2,14,1,1,1,1,1,5,11,1,0,0,1,1,0,19,0,0,6,8,6,13.857142857142858,0,0,6,8,5,13.0,0,15.5,2.8,-4.06,Graduate
1,15,1,4,1,14,1,1,28,5,5,1,0,0,1,1,1,20,0,0,6,9,6,13.444444444444445,0,0,6,9,5,12.6,0,13.9,-0.3,0.79,Graduate
1,8,5,15,1,1,1,23,28,8,8,1,0,0,0,0,0,19,0,0,6,12,3,11.0,0,0,6,12,3,12.0,0,9.4,-0.8,-3.12,Dropout
1,5,1,11,1,1,10,3,1,10,10,1,0,0,1,0,0,19,1,0,6,6,6,13.5,0,0,6,6,6,14.333333333333334,0,12.4,0.5,1.79,Graduate
1,8,1,12,1,1,1,13,27,10,10,1,0,0,1,0,0,19,0,0,7,0,0,0.0,0,0,8,0,0,0.0,0,15.5,2.8,-4.06,Dropout
1,12,1,7,1,1,1,22,27,10,10,0,0,0,1,1,1,28,0,0,5,12,3,10.0,0,0,5,10,3,12.4,0,12.4,0.5,1.79,Graduate
1,9,1,15,1,1,1,13,27,10,6,0,0,0,0,0,0,18,0,0,6,7,5,12.6,0,0,6,6,5,11.8,0,11.1,0.6,2.02,Enrolled
2,4,1,11,1,2,1,22,27,10,10,0,0,0,0,0,0,37,0,0,5,5,0,0.0,0,0,5,10,0,0.0,0,10.8,1.4,1.74,Dropout
5,12,1,12,1,1,1,23,28,10,10,0,0,0,0,0,0,37,0,0,8,8,0,0.0,1,0,8,8,0,0.0,1,12.7,3.7,-1.7,Dropout
1,14,1,9,1,1,1,22,27,10,10,0,0,0,1,0,0,49,0,9,13,22,10,10.4,0,4,9,18,6,10.666666666666666,0,12.7,3.7,-1.7,Graduate
1,8,6,10,1,1,1,1,14,8,8,1,0,0,1,0,1,19,0,0,6,8,6,13.625,0,0,6,7,6,12.166666666666666,0,12.7,3.7,-1.7,Graduate
5,12,1,4,1,1,1,22,27,10,8,0,0,1,0,0,0,28,0,0,6,17,5,13.0,0,0,6,11,4,11.75,0,13.9,-0.3,0.79,Dropout
2,12,2,14,1,12,1,22,27,10,10,0,0,0,1,0,0,46,0,0,6,10,5,11.4,0,0,6,9,4,13.75,0,12.4,0.5,1.79,Dropout
1,8,1,16,1,1,1,22,28,10,10,1,0,0,1,0,1,21,0,0,6,9,5,12.0,0,0,6,8,5,11.2,0,10.8,1.4,1.74,Dropout
1,1,4,2,1,1,1,1,1,1,4,1,0,0,1,1,0,18,0,0,0,0,0,0.0,0,0,0,0,0,0.0,0,11.1,0.6,2.02,Graduate
1,1,5,11,1,1,1,3,14,4,10,1,0,0,1,1,0,20,0,0,6,10,4,13.0,0,0,6,6,6,13.0,0,12.4,0.5,1.79,Graduate
1,1,2,5,1,1,1,23,14,8,8,1,0,0,1,1,0,18,0,0,6,7,6,12.833333333333334,0,0,6,7,6,12.571428571428571,0,8.9,1.4,3.51,Graduate
1,12,1,3,0,1,1,22,1,8,5,1,0,0,1,0,0,24,0,0,6,8,5,11.4,0,0,6,8,5,11.8,0,15.5,2.8,-4.06,Dropout
2,12,1,8,1,12,1,22,28,10,10,0,0,0,1,1,0,53,0,0,5,9,4,12.25,2,0,5,8,4,11.75,0,9.4,-0.8,-3.12,Graduate
1,8,1,14,1,1,1,23,27,8,6,0,0,0,1,1,1,18,0,0,6,7,6,12.285714285714286,0,0,6,7,6,13.333333333333334,1,16.2,0.3,-0.92,Graduate
1,1,1,5,1,1,1,3,1,3,4,1,0,0,1,1,0,20,0,5,12,12,11,14.272727272727272,0,5,12,12,11,14.818181818181818,0,16.2,0.3,-0.92,Graduate
1,8,5,12,1,1,1,1,1,5,5,1,0,0,1,0,0,18,0,0,7,7,7,13.528571428571428,0,0,8,9,8,14.655555555555557,0,12.4,0.5,1.79,Graduate
1,1,2,2,1,1,1,3,14,5,8,1,0,0,1,0,0,21,0,0,0,0,0,0.0,0,0,0,0,0,0.0,0,8.9,1.4,3.51,Dropout
1,17,1,6,1,16,1,1,14,5,7,1,0,0,1,0,0,27,0,7,12,17,11,14.727272727272728,0,4,9,10,7,14.142857142857142,0,8.9,1.4,3.51,Graduate
1,15,1,8,1,14,1,3,1,5,2,1,0,0,0,0,0,21,0,1,6,12,5,13.285714285714286,0,0,6,10,4,12.0,0,16.2,0.3,-0.92,Dropout
1,8,1,13,1,1,1,3,3,2,8,1,0,0,1,1,0,19,0,0,7,0,0,0.0,0,0,7,0,0,0.0,0,11.1,0.6,2.02,Dropout
1,8,3,6,1,1,1,23,1,10,10,1,0,0,1,1,0,21,0,0,5,11,0,0.0,0,0,5,10,5,12.285714285714286,1,10.8,1.4,1.74,Graduate
1,8,1,14,1,1,1,23,27,10,9,1,0,0,1,1,1,19,0,0,6,6,6,13.333333333333334,0,0,6,7,6,13.285714285714286,0,8.9,1.4,3.51,Graduate
1,12,1,17,0,12,1,2,1,3,5,0,0,0,1,1,0,24,0,0,5,7,0,0.0,0,0,5,7,0,0.0,0,16.2,0.3,-0.92,Dropout
1,1,1,15,1,1,1,2,1,10,10,1,1,0,1,0,1,18,0,0,6,9,6,11.166666666666666,0,0,6,11,5,12.4,0,10.8,1.4,1.74,Graduate
2,12,1,17,0,1,1,22,27,6,2,1,0,0,1,0,0,38,0,0,5,11,3,11.333333333333334,0,0,5,9,4,12.0,0,9.4,-0.8,-3.12,Dropout
1,1,1,8,1,1,1,13,14,12,9,1,0,0,0,1,0,20,0,0,5,7,4,13.0,0,0,5,11,3,12.0,2,10.8,1.4,1.74,Dropout
2,12,1,7,1,1,1,22,28,10,11,0,0,1,1,1,0,40,0,0,5,11,3,10.666666666666666,0,0,5,5,2,12.5,0,16.2,0.3,-0.92,Dropout
2,12,1,3,0,1,1,22,3,10,11,0,0,0,1,1,0,44,0,5,11,21,9,12.333333333333334,0,8,11,16,9,11.0,0,12.4,0.5,1.79,Enrolled
1,8,4,11,1,1,1,1,1,5,3,1,0,0,1,1,0,19,0,0,6,7,5,12.2,0,0,6,12,2,12.0,0,7.6,2.6,0.32,Enrolled
1,12,1,4,1,1,1,13,1,10,7,1,0,0,0,1,0,27,0,0,6,6,0,0.0,0,0,6,8,0,0.0,0,15.5,2.8,-4.06,Dropout
1,12,1,4,1,1,1,1,1,10,5,0,0,1,0,1,0,27,0,0,6,0,0,0.0,0,0,6,0,0,0.0,0,13.9,-0.3,0.79,Dropout
1,14,1,5,1,1,1,23,28,8,8,1,0,0,1,1,0,25,0,11,17,18,13,11.538461538461538,0,10,15,15,10,12.4,0,12.7,3.7,-1.7,Dropout
1,1,4,12,1,1,1,1,1,5,8,1,0,0,1,0,1,18,0,0,7,7,7,13.117142857142856,0,0,8,9,7,12.6,0,11.1,0.6,2.02,Graduate
1,6,1,9,1,1,12,22,2,7,5,0,0,1,1,1,0,19,1,0,5,12,3,10.5,0,0,5,8,4,11.25,0,12.4,0.5,1.79,Graduate
1,1,1,5,1,1,1,3,3,1,2,1,0,0,1,1,0,23,0,0,6,9,4,11.25,1,0,6,10,0,0.0,4,7.6,2.6,0.32,Dropout
1,1,2,9,1,1,1,22,28,10,10,1,0,0,1,1,0,19,0,0,5,10,5,12.0,0,0,5,9,5,11.5,0,13.9,-0.3,0.79,Graduate
1,8,3,12,1,1,1,3,2,4,4,1,0,0,1,0,0,18,0,0,7,7,7,13.884285714285712,0,0,8,9,8,14.75,0,11.1,0.6,2.02,Dropout
1,14,1,6,1,1,1,13,28,5,10,1,0,0,0,0,0,19,0,0,6,12,5,13.0,0,0,6,12,3,11.666666666666666,0,13.9,-0.3,0.79,Enrolled
1,1,3,12,1,1,1,3,1,5,4,1,0,0,1,0,1,19,0,0,7,11,4,12.65,0,0,7,9,5,11.1,0,12.4,0.5,1.79,Enrolled
1,12,1,14,1,1,1,1,1,5,5,0,0,0,1,0,0,24,0,0,6,12,2,11.666666666666666,0,0,6,20,2,10.5,6,16.2,0.3,-0.92,Dropout
1,1,1,16,1,1,1,22,14,10,9,0,0,1,1,0,0,18,0,0,6,10,5,13.0,0,0,6,10,4,11.5,0,12.7,3.7,-1.7,Dropout
1,8,1,8,1,1,1,13,14,4,11,1,0,0,1,1,0,19,0,0,5,11,2,10.5,2,0,5,9,0,0.0,3,10.8,1.4,1.74,Dropout
1,5,1,6,1,1,9,2,14,3,9,0,0,0,1,0,0,18,1,0,6,8,6,15.0,0,0,6,10,5,14.333333333333334,0,11.1,0.6,2.02,Graduate
1,1,6,12,1,1,1,13,1,10,11,1,0,0,1,0,0,18,0,0,8,8,7,12.944285714285714,0,0,8,8,7,12.944285714285714,0,10.8,1.4,1.74,Graduate
1,1,1,16,1,1,1,10,10,10,5,1,0,0,1,0,0,18,0,0,6,8,5,15.4,0,0,6,7,5,12.2,0,7.6,2.6,0.32,Graduate
1,1,2,10,1,1,1,22,28,10,9,1,0,0,1,0,0,18,0,0,6,7,6,13.833333333333334,0,0,6,6,6,14.0,0,9.4,-0.8,-3.12,Graduate
1,1,1,5,1,1,1,23,28,10,6,0,0,0,0,0,1,18,0,0,6,7,5,11.8,0,0,6,7,5,13.0,0,8.9,1.4,3.51,Enrolled
1,1,4,12,1,1,1,13,28,10,10,1,0,0,1,0,1,19,0,0,7,7,6,12.808333333333332,0,0,8,11,7,12.825714285714286,0,12.4,0.5,1.79,Graduate
1,1,1,12,1,1,1,13,28,6,4,0,0,0,1,0,0,18,0,0,8,8,8,14.035,0,0,8,8,8,14.035,0,9.4,-0.8,-3.12,Graduate
1,1,1,15,1,1,1,23,28,10,10,1,0,0,1,0,1,18,0,0,6,6,6,13.333333333333334,0,0,6,6,6,13.333333333333334,0,9.4,-0.8,-3.12,Graduate
1,1,1,2,1,1,1,13,27,8,8,1,0,0,0,0,0,19,0,0,0,0,0,0.0,0,0,0,0,0,0.0,0,10.8,1.4,1.74,Dropout
1,1,4,10,1,1,1,13,1,5,6,1,1,0,1,0,0,18,0,0,6,9,5,11.833333333333334,0,0,6,8,2,11.5,0,13.9,-0.3,0.79,Enrolled
1,4,1,12,1,3,1,22,27,5,5,0,0,0,1,0,0,25,0,0,8,8,7,14.805714285714286,0,0,8,8,7,14.805714285714286,0,10.8,1.4,1.74,Graduate
1,1,1,6,1,1,1,1,14,4,5,0,0,0,1,0,0,20,0,0,5,12,3,12.333333333333334,2,0,5,8,3,13.0,1,9.4,-0.8,-3.12,Graduate
1,8,1,16,1,1,1,1,1,4,5,0,0,1,1,0,0,18,0,0,6,8,4,13.25,0,0,6,10,3,10.666666666666666,0,12.7,3.7,-1.7,Enrolled
1,16,1,5,1,1,1,1,1,5,5,1,0,0,1,0,0,21,0,3,10,10,10,13.0,0,5,11,11,10,11.4,0,11.1,0.6,2.02,Dropout
1,1,5,14,1,1,1,4,1,5,11,1,0,0,1,0,0,18,0,0,6,10,4,11.25,0,0,6,11,5,12.2,0,8.9,1.4,3.51,Enrolled
1,12,1,3,0,1,16,1,1,5,8,0,0,1,1,0,0,25,1,2,6,6,6,11.333333333333334,0,0,6,6,4,11.75,0,8.9,1.4,3.51,Enrolled
1,1,1,9,1,1,1,22,28,31,40,0,0,0,1,0,0,21,0,0,5,7,5,12.2,0,0,5,7,5,11.8,0,11.1,0.6,2.02,Graduate
1,1,1,6,1,1,1,1,27,5,11,0,0,0,1,0,0,19,0,0,5,7,5,14.4,0,0,5,6,5,13.2,0,7.6,2.6,0.32,Graduate
1,1,1,2,1,1,1,22,27,10,8,1,0,0,1,0,0,18,0,0,0,0,0,0.0,0,0,0,0,0,0.0,0,7.6,2.6,0.32,Graduate
1,14,1,12,1,1,1,4,14,5,11,0,0,0,1,1,0,18,0,0,7,7,7,11.828571428571427,0,0,8,10,7,12.9125,0,13.9,-0.3,0.79,Graduate
4,12,1,11,1,1,1,23,27,10,10,0,0,1,1,0,0,45,0,4,10,12,5,12.166666666666666,4,2,8,8,0,0.0,2,12.7,3.7,-1.7,Dropout
1,1,5,16,1,1,1,23,27,10,10,1,0,1,0,0,0,20,0,0,6,9,3,11.666666666666666,0,0,6,10,2,11.0,0,10.8,1.4,1.74,Dropout
1,1,1,5,1,1,14,22,14,10,9,1,0,0,1,0,1,19,1,0,6,6,6,14.166666666666666,0,0,6,6,6,13.5,0,11.1,0.6,2.02,Graduate
1,1,3,12,1,1,1,1,1,10,10,1,0,0,1,0,0,18,0,0,8,8,7,13.328571428571427,0,0,8,8,7,13.328571428571427,0,12.7,3.7,-1.7,Graduate
1,1,1,6,1,1,1,23,28,5,8,1,0,0,1,0,0,19,0,0,6,12,5,14.0,0,0,6,14,5,11.0,0,16.2,0.3,-0.92,Graduate
1,1,1,14,1,1,1,23,28,6,10,1,0,0,1,0,0,20,0,0,6,9,6,13.285714285714286,0,0,6,8,5,13.8,0,15.5,2.8,-4.06,Graduate
1,1,1,15,1,1,1,13,27,10,10,0,0,0,1,0,1,19,0,0,6,7,6,14.285714285714286,0,0,6,6,6,13.166666666666666,0,11.1,0.6,2.02,Graduate
1,1,1,15,1,1,1,22,27,10,10,1,0,0,1,0,0,18,0,0,6,6,6,13.333333333333334,0,0,6,9,5,13.2,0,9.4,-0.8,-3.12,Graduate
1,15,1,6,1,14,1,3,3,3,3,1,0,0,1,0,0,22,0,2,6,7,6,14.428571428571429,0,1,6,9,5,13.0,0,13.9,-0.3,0.79,Graduate
1,8,1,4,1,1,1,13,1,10,3,1,0,0,1,0,1,19,0,0,6,7,6,15.0,0,0,6,8,6,14.333333333333334,0,12.4,0.5,1.79,Graduate
1,1,2,13,1,1,1,13,14,10,10,1,0,0,1,0,0,18,0,0,7,9,7,15.155555555555557,0,0,8,8,8,16.8,0,12.7,3.7,-1.7,Graduate
1,8,2,2,1,1,1,1,1,5,2,1,0,0,1,0,0,18,0,0,0,0,0,0.0,0,0,0,0,0,0.0,0,9.4,-0.8,-3.12,Enrolled
1,8,1,10,1,1,1,13,27,8,10,0,0,0,1,0,0,20,0,0,6,6,0,0.0,0,0,5,5,0,0.0,0,8.9,1.4,3.51,Dropout
1,1,3,15,1,1,1,23,27,6,6,1,0,0,1,0,0,19,0,0,6,8,6,12.666666666666666,0,0,6,7,6,12.714285714285714,0,9.4,-0.8,-3.12,Graduate
1,14,1,5,1,1,1,1,1,5,8,1,0,0,1,1,0,19,0,3,6,7,3,11.666666666666666,0,1,6,13,4,10.333333333333334,0,13.9,-0.3,0.79,Enrolled
1,12,1,12,1,1,1,23,3,10,2,0,0,0,1,1,0,24,0,0,7,11,7,11.294444444444444,0,0,8,22,2,12.6,0,15.5,2.8,-4.06,Graduate
1,8,2,11,1,1,1,13,28,7,7,1,0,0,1,1,0,19,0,0,6,8,5,11.2,0,0,6,11,4,12.5,0,15.5,2.8,-4.06,Graduate
1,12,1,12,1,1,1,1,1,5,10,0,0,0,1,1,0,24,0,0,8,8,7,12.742857142857144,0,0,8,8,7,12.742857142857144,0,12.7,3.7,-1.7,Graduate
1,1,2,12,1,1,1,13,14,10,8,1,0,0,1,1,1,19,0,0,8,8,7,14.935714285714283,0,0,8,8,7,14.935714285714283,0,10.8,1.4,1.74,Graduate
1,12,1,8,1,1,1,13,1,29,29,0,0,0,1,1,0,24,0,0,6,11,6,11.333333333333334,0,0,6,12,3,11.333333333333334,0,16.2,0.3,-0.92,Enrolled
1,12,1,6,1,9,1,23,14,10,9,1,0,1,0,1,0,25,0,0,6,6,0,0.0,0,0,6,6,0,0.0,0,8.9,1.4,3.51,Enrolled
1,12,1,11,1,1,1,3,1,4,5,0,0,0,1,1,0,28,0,0,6,10,6,13.0,0,0,6,8,5,12.2,0,13.9,-0.3,0.79,Graduate
1,14,2,12,1,1,1,13,1,10,11,0,0,0,1,1,1,21,0,0,8,8,0,0.0,8,0,8,8,0,0.0,8,9.4,-0.8,-3.12,Enrolled
1,7,1,2,1,1,1,13,27,10,8,1,0,0,1,1,0,25,0,9,13,16,10,11.454545454545457,0,5,11,13,7,12.25,0,12.4,0.5,1.79,Dropout
1,12,1,17,0,1,1,13,27,6,6,0,0,0,0,1,0,31,0,0,5,5,2,11.0,0,0,5,0,0,0.0,0,12.7,3.7,-1.7,Dropout
2,12,1,17,0,1,1,22,27,2,2,0,0,0,1,1,0,59,0,0,5,7,0,0.0,0,0,5,7,0,0.0,0,16.2,0.3,-0.92,Dropout
2,1,4,3,0,1,1,19,24,1,1,1,0,0,1,1,0,37,0,0,6,0,0,0.0,0,0,6,0,0,0.0,0,9.4,-0.8,-3.12,Dropout
1,1,1,11,1,1,1,23,1,10,10,0,0,1,0,1,0,21,0,0,6,9,5,11.833333333333334,0,0,6,8,5,10.0,0,8.9,1.4,3.51,Dropout
1,1,1,5,1,1,1,13,28,5,5,0,0,0,1,1,0,20,0,1,6,8,6,13.428571428571429,1,0,6,12,4,11.5,0,13.9,-0.3,0.79,Enrolled
1,1,1,10,1,1,1,22,27,6,11,0,0,0,1,1,0,19,0,0,6,9,5,10.8,0,0,6,11,5,11.0,0,7.6,2.6,0.32,Graduate
1,1,1,15,1,1,1,13,27,10,10,0,0,0,1,1,0,19,0,0,6,8,6,12.833333333333334,0,0,6,8,6,13.333333333333334,0,15.5,2.8,-4.06,Graduate
1,9,5,7,1,1,1,3,2,3,4,1,0,0,1,1,0,19,0,0,5,9,5,11.833333333333334,0,0,5,9,5,14.714285714285714,0,12.4,0.5,1.79,Enrolled
1,1,1,10,1,1,1,13,28,10,10,0,0,0,1,1,1,19,0,0,6,7,6,13.857142857142858,0,0,6,6,6,14.0,0,13.9,-0.3,0.79,Graduate
1,12,1,12,1,1,1,1,27,10,10,1,0,0,1,1,0,27,0,0,7,7,7,14.085714285714284,0,0,7,7,7,14.085714285714284,0,7.6,2.6,0.32,Enrolled
1,8,2,17,0,1,1,22,14,10,5,0,0,0,1,1,0,23,0,0,5,6,4,13.0,0,0,5,5,5,13.0,0,7.6,2.6,0.32,Graduate
1,15,1,4,1,14,1,1,28,7,7,1,0,0,1,1,0,21,0,0,6,12,4,11.8,0,0,6,11,4,11.875,0,16.2,0.3,-0.92,Dropout
1,12,1,7,1,1,1,13,14,10,8,0,0,1,1,1,0,24,0,0,5,12,1,10.0,0,0,5,11,1,11.0,0,8.9,1.4,3.51,Enrolled
1,1,5,9,1,1,1,13,14,10,10,1,0,0,1,1,0,20,0,0,5,9,3,10.333333333333334,0,0,5,6,5,12.8,0,12.4,0.5,1.79,Graduate
1,12,1,9,1,1,1,22,1,8,4,0,0,0,1,1,1,25,0,0,5,7,4,14.25,0,0,5,7,4,14.75,0,12.7,3.7,-1.7,Graduate
1,17,1,4,1,1,1,13,1,10,10,0,0,1,1,1,0,21,0,7,12,20,10,11.8,0,5,12,15,9,11.444444444444445,0,8.9,1.4,3.51,Enrolled
1,1,1,2,1,1,1,1,28,6,8,1,0,1,0,1,0,19,0,0,0,0,0,0.0,0,0,0,0,0,0.0,0,12.7,3.7,-1.7,Graduate
1,1,1,12,1,1,1,1,28,10,10,0,0,1,0,1,0,21,0,0,7,12,4,12.94,0,0,7,12,4,11.58,0,12.4,0.5,1.79,Dropout
2,12,2,3,0,1,1,19,24,1,1,1,0,0,1,0,0,41,0,0,6,9,5,11.8,0,1,6,10,3,10.666666666666666,1,7.6,2.6,0.32,Graduate
1,17,1,2,1,16,1,1,14,10,10,1,0,0,0,1,1,22,0,5,12,15,11,12.545454545454543,0,4,11,16,11,12.666666666666666,0,8.9,1.4,3.51,Graduate
1,12,1,4,1,1,1,1,27,10,9,0,0,0,1,1,0,29,0,0,3,4,0,0.0,0,0,4,8,0,0.0,0,16.2,0.3,-0.92,Dropout
1,12,1,4,1,1,1,1,3,3,7,0,0,0,1,1,0,32,0,8,18,27,13,13.714285714285714,1,7,12,18,12,12.083333333333334,0,15.5,2.8,-4.06,Graduate
1,12,1,3,0,1,1,22,27,7,7,0,0,0,1,1,0,39,0,0,6,8,5,11.4,0,1,6,12,3,11.0,1,7.6,2.6,0.32,Enrolled
1,15,1,4,1,14,1,13,14,6,6,1,0,0,1,1,0,20,0,0,6,8,6,14.5,0,0,6,10,6,15.3,0,16.2,0.3,-0.92,Graduate
1,15,1,8,1,14,1,5,1,3,6,1,0,0,1,1,0,19,0,1,6,13,5,11.6,0,1,6,12,2,11.0,0,13.9,-0.3,0.79,Enrolled
2,12,1,6,1,12,1,22,27,12,12,0,0,0,0,1,0,29,0,0,5,5,0,0.0,0,0,5,5,0,0.0,0,12.7,3.7,-1.7,Dropout
1,12,1,4,1,1,1,1,1,2,7,0,0,0,0,1,0,24,0,0,6,0,0,0.0,0,0,6,0,0,0.0,0,13.9,-0.3,0.79,Dropout
1,1,1,11,1,1,1,13,28,10,10,1,0,0,1,1,0,23,0,0,6,8,6,12.666666666666666,0,0,6,10,5,12.2,0,7.6,2.6,0.32,Enrolled
1,16,1,3,0,1,1,1,1,5,5,0,0,1,0,1,0,26,0,2,8,13,4,10.5,0,5,10,16,7,10.428571428571429,0,12.4,0.5,1.79,Dropout
1,1,6,11,1,1,1,23,27,6,8,1,0,0,1,0,1,18,0,0,6,7,6,13.0,0,0,6,6,6,13.0,0,12.4,0.5,1.79,Graduate
1,1,5,12,1,1,1,13,27,8,8,1,0,0,1,0,0,19,0,0,8,9,8,13.2325,1,0,8,9,8,13.2325,1,9.4,-0.8,-3.12,Graduate
1,6,1,10,1,1,12,13,14,10,7,0,0,0,1,1,0,21,1,0,6,7,6,12.333333333333334,0,0,6,7,6,13.428571428571429,0,11.1,0.6,2.02,Graduate
2,12,1,3,0,1,1,22,27,8,6,0,0,0,1,0,0,40,0,5,9,9,9,15.88888888888889,0,3,7,7,7,14.142857142857142,0,12.7,3.7,-1.7,Graduate
1,5,1,6,1,1,1,22,27,6,6,1,0,0,1,0,0,22,0,2,5,7,5,14.2,0,0,5,10,5,12.2,0,12.7,3.7,-1.7,Graduate
1,1,1,15,1,1,1,22,1,10,8,1,0,0,1,0,0,18,0,0,6,8,5,13.0,0,0,6,7,6,13.142857142857142,0,15.5,2.8,-4.06,Dropout
1,8,2,16,1,1,1,23,14,6,6,1,0,0,1,0,1,19,0,0,6,8,6,12.333333333333334,0,0,6,7,5,12.4,0,10.8,1.4,1.74,Dropout
1,15,1,10,1,1,1,1,1,6,6,0,0,0,1,0,1,21,0,3,6,6,6,14.833333333333334,0,2,6,7,6,12.571428571428571,0,13.9,-0.3,0.79,Graduate
1,14,1,17,0,1,14,22,27,10,9,0,0,0,1,0,0,34,1,2,2,2,2,10.5,0,1,1,1,1,11.0,0,10.8,1.4,1.74,Dropout
1,1,1,12,1,1,1,1,1,5,4,0,0,0,1,1,0,18,0,0,7,7,7,14.842857142857143,0,0,8,9,8,14.38888888888889,0,16.2,0.3,-0.92,Graduate
1,12,1,17,0,1,1,1,1,10,8,0,0,0,1,1,0,28,0,0,5,13,2,11.0,0,0,5,12,1,12.0,0,11.1,0.6,2.02,Dropout
1,1,4,12,1,1,1,13,1,5,5,1,0,0,1,1,0,19,0,0,8,8,7,12.665714285714284,0,0,8,8,7,12.665714285714284,0,10.8,1.4,1.74,Graduate
1,7,2,2,1,1,1,3,3,3,3,1,0,0,1,1,0,18,0,0,0,0,0,0.0,0,0,0,0,0,0.0,0,12.4,0.5,1.79,Graduate
1,8,5,12,1,1,1,3,28,3,2,0,0,0,1,1,0,19,0,0,8,11,7,13.867142857142856,0,0,8,11,7,13.867142857142856,0,10.8,1.4,1.74,Graduate
1,12,1,3,0,1,1,22,28,10,10,0,0,0,1,1,0,34,0,0,6,6,4,12.25,0,0,5,5,0,0.0,0,11.1,0.6,2.02,Dropout
2,12,1,17,0,1,1,23,28,2,5,0,0,0,1,1,0,43,0,0,5,5,5,13.8,0,0,5,6,5,13.666666666666666,0,10.8,1.4,1.74,Graduate
1,4,1,4,1,3,1,1,14,6,10,0,0,0,1,1,0,27,0,0,6,8,0,0.0,0,0,6,10,0,0.0,0,16.2,0.3,-0.92,Dropout
1,8,1,15,1,1,1,1,28,12,9,1,0,0,0,1,0,21,0,0,6,10,2,12.0,0,0,6,0,0,0.0,0,10.8,1.4,1.74,Dropout
1,8,1,7,1,1,1,23,14,8,4,1,0,1,1,1,0,20,0,0,5,5,0,0.0,0,0,5,5,0,0.0,5,9.4,-0.8,-3.12,Dropout
1,1,1,9,1,1,1,1,3,10,6,0,0,0,1,1,0,20,0,0,5,5,0,0.0,0,0,5,5,0,0.0,0,12.7,3.7,-1.7,Dropout
1,14,1,3,0,1,1,22,27,1,7,0,0,0,0,0,0,41,0,0,6,6,0,0.0,6,0,6,12,0,0.0,0,9.4,-0.8,-3.12,Dropout
2,12,2,13,1,1,1,13,28,10,10,0,0,0,1,0,1,26,0,0,7,7,0,0.0,0,0,8,8,0,0.0,6,10.8,1.4,1.74,Enrolled
1,1,2,6,1,1,1,1,28,10,9,1,0,0,1,0,1,18,0,0,6,7,6,13.833333333333334,0,0,6,10,6,13.714285714285714,0,8.9,1.4,3.51,Graduate
1,14,1,6,1,1,1,3,3,3,6,0,0,0,1,0,0,21,0,0,6,11,4,11.75,0,0,6,12,3,13.666666666666666,0,13.9,-0.3,0.79,Enrolled
1,12,1,6,1,1,1,4,1,3,10,0,0,0,0,0,0,26,0,0,6,8,6,15.428571428571429,0,0,6,7,5,14.5,0,11.1,0.6,2.02,Enrolled
1,1,1,10,1,1,1,2,10,4,11,1,0,0,1,0,0,20,0,0,6,6,6,12.166666666666666,0,0,6,7,6,12.142857142857142,0,11.1,0.6,2.02,Graduate
1,1,2,5,1,1,1,13,28,10,10,1,0,0,1,0,1,19,0,0,6,6,6,14.166666666666666,0,0,6,8,6,12.375,0,10.8,1.4,1.74,Graduate
1,1,1,10,1,1,1,1,1,4,4,1,0,0,1,0,1,20,0,0,6,7,6,13.666666666666666,0,0,6,7,6,14.571428571428571,0,11.1,0.6,2.02,Graduate
1,15,1,4,1,14,1,23,14,4,6,0,0,0,1,1,0,23,0,0,6,6,0,0.0,0,0,6,8,0,0.0,0,15.5,2.8,-4.06,Enrolled
1,1,1,12,1,1,1,13,27,4,9,1,0,0,1,1,0,19,0,0,8,10,5,12.858,3,0,8,10,5,12.858,3,9.4,-0.8,-3.12,Enrolled
1,1,1,3,0,1,1,22,27,10,8,0,0,0,1,0,0,29,0,8,11,14,11,12.75,0,3,7,7,7,13.428571428571429,0,9.4,-0.8,-3.12,Graduate
4,12,1,3,0,1,1,22,27,8,8,0,0,0,1,1,0,37,0,3,9,13,8,12.0,0,2,7,8,7,11.571428571428571,0,12.7,3.7,-1.7,Graduate
2,12,1,12,1,13,1,22,27,10,4,0,0,0,1,1,0,37,0,0,7,8,7,12.828571428571427,0,0,8,8,8,12.6875,0,13.9,-0.3,0.79,Graduate
1,1,1,10,1,1,1,13,14,10,10,1,0,0,1,0,1,19,0,0,6,9,6,10.857142857142858,0,0,6,7,6,11.666666666666666,0,12.4,0.5,1.79,Graduate
1,1,4,12,1,1,1,13,14,10,10,1,0,0,1,0,0,19,0,0,7,8,6,11.658333333333331,0,0,8,11,6,12.416666666666666,0,12.4,0.5,1.79,Graduate
1,8,5,12,1,1,1,1,1,5,4,1,0,0,1,0,0,18,0,0,7,7,7,13.19,0,0,8,8,8,14.23125,0,11.1,0.6,2.02,Graduate
1,1,1,2,1,1,1,3,28,3,11,1,0,0,1,0,0,18,0,0,0,0,0,0.0,0,0,0,0,0,0.0,0,13.9,-0.3,0.79,Graduate
1,12,1,6,1,1,1,13,14,8,8,1,0,0,1,0,0,24,0,0,6,7,6,14.857142857142858,0,0,6,10,5,13.6,0,13.9,-0.3,0.79,Graduate
1,4,1,4,1,3,1,22,27,7,7,0,0,0,1,0,0,54,0,9,13,13,13,14.307692307692308,0,5,12,15,12,15.23076923076923,0,15.5,2.8,-4.06,Graduate
1,12,1,17,0,1,1,3,1,4,10,0,0,0,1,0,0,27,0,0,5,5,0,0.0,0,0,5,6,0,0.0,0,12.4,0.5,1.79,Dropout
1,15,1,4,1,1,1,1,14,4,10,1,0,1,0,0,0,23,0,0,6,13,5,11.6,0,0,6,11,4,12.25,0,12.4,0.5,1.79,Dropout
1,1,1,12,1,1,1,23,28,8,8,1,0,0,1,0,0,19,0,0,7,9,6,12.97166666666667,0,0,8,9,7,12.321428571428571,0,11.1,0.6,2.02,Graduate
1,12,1,17,0,7,1,22,24,12,12,1,0,0,1,0,0,39,0,0,5,9,0,0.0,0,0,5,5,2,12.5,0,7.6,2.6,0.32,Dropout
1,14,5,16,1,1,1,19,24,1,1,1,0,0,0,0,0,28,0,0,6,9,4,12.75,1,0,5,5,0,0.0,5,9.4,-0.8,-3.12,Dropout
2,12,1,17,0,1,1,22,27,10,4,0,0,0,1,0,0,34,0,0,5,9,4,11.0,0,0,5,10,4,10.75,1,7.6,2.6,0.32,Enrolled
1,1,1,2,1,1,1,22,27,10,10,1,0,0,1,0,0,18,0,0,0,0,0,0.0,0,0,0,0,0,0.0,0,7.6,2.6,0.32,Graduate
5,14,1,17,0,3,1,3,3,2,2,0,0,0,1,0,0,41,0,5,10,14,10,14.636363636363637,0,5,10,13,10,14.6,0,16.2,0.3,-0.92,Graduate
1,13,4,12,1,6,1,1,14,3,10,1,0,0,1,0,1,18,0,0,7,7,6,14.35,0,0,7,7,6,14.35,0,7.6,2.6,0.32,Graduate
1,1,2,15,1,1,1,3,3,4,3,1,0,0,1,0,0,20,0,0,6,0,0,0.0,0,0,6,0,0,0.0,0,16.2,0.3,-0.92,Dropout
1,1,4,12,1,1,1,1,10,4,7,1,0,0,1,0,0,20,0,0,7,7,7,12.982857142857142,0,0,8,8,8,14.4625,0,12.4,0.5,1.79,Graduate
1,1,1,14,1,1,1,1,1,10,11,1,0,0,1,0,1,20,0,0,6,6,6,14.166666666666666,0,0,6,9,6,13.0,0,8.9,1.4,3.51,Graduate
1,8,5,12,1,1,1,13,1,10,5,1,0,0,1,0,0,18,0,0,7,8,6,13.39,0,0,8,10,7,12.757142857142856,0,11.1,0.6,2.02,Enrolled
5,4,1,8,1,3,1,13,28,10,7,0,0,0,0,0,0,27,0,1,5,8,3,14.666666666666666,2,0,5,7,2,13.0,2,10.8,1.4,1.74,Dropout
1,12,1,6,1,9,1,22,27,11,10,0,0,0,1,1,0,51,0,0,6,0,0,0.0,0,0,6,0,0,0.0,0,12.4,0.5,1.79,Dropout
1,12,1,3,0,13,1,1,1,5,5,0,0,1,0,1,0,29,0,0,6,6,0,0.0,0,0,5,5,0,0.0,0,8.9,1.4,3.51,Dropout
1,15,1,10,1,14,1,1,14,5,6,0,0,1,0,1,0,27,0,3,6,8,5,11.6,0,2,6,9,5,12.0,0,13.9,-0.3,0.79,Dropout
1,9,1,5,1,1,1,23,28,8,6,0,0,0,1,0,1,19,0,6,12,12,11,13.090909090909092,0,5,11,12,11,12.083333333333334,0,10.8,1.4,1.74,Graduate
1,1,1,10,1,1,1,22,27,10,10,1,0,0,1,0,0,19,0,0,6,10,4,10.25,0,0,6,8,6,10.714285714285714,0,11.1,0.6,2.02,Graduate
1,1,4,10,1,1,1,13,28,10,10,0,0,0,1,0,1,18,0,0,6,7,6,12.285714285714286,0,0,6,8,6,11.428571428571429,0,12.4,0.5,1.79,Graduate
1,1,1,2,1,1,14,22,27,10,10,1,0,1,0,1,0,27,1,0,0,0,0,0.0,0,0,0,0,0,0.0,0,7.6,2.6,0.32,Dropout
1,1,6,12,1,1,1,1,28,5,6,1,0,0,1,0,1,18,0,0,8,8,8,12.32,0,0,8,8,8,12.32,0,9.4,-0.8,-3.12,Graduate
1,1,1,2,1,1,1,3,3,3,3,1,0,0,1,0,0,21,0,6,12,12,12,15.333333333333334,0,4,11,15,11,15.0,0,8.9,1.4,3.51,Graduate
1,12,1,8,1,12,1,13,3,10,3,1,0,1,1,1,0,24,0,0,6,13,5,13.142857142857142,0,0,6,15,3,12.666666666666666,0,16.2,0.3,-0.92,Dropout
1,12,1,4,1,1,1,13,14,10,6,0,0,0,0,1,0,29,0,0,6,9,0,0.0,0,0,6,6,0,0.0,0,13.9,-0.3,0.79,Dropout
2,12,1,10,1,16,1,13,28,9,9,0,0,0,1,1,0,33,0,0,6,6,0,0.0,0,0,5,5,0,0.0,0,8.9,1.4,3.51,Dropout
1,9,2,5,1,1,1,23,14,6,6,0,0,0,1,1,0,18,0,0,6,8,5,11.0,0,0,6,6,4,10.75,0,9.4,-0.8,-3.12,Graduate
1,14,1,3,0,1,1,22,27,10,10,0,0,0,1,0,0,23,0,9,13,15,9,11.0,0,4,11,12,7,11.571428571428571,0,15.5,2.8,-4.06,Enrolled
1,1,2,12,1,1,1,1,1,5,4,1,0,0,1,0,0,18,0,0,7,10,7,13.78,0,0,8,10,8,13.661,0,15.5,2.8,-4.06,Graduate
1,8,5,6,1,1,1,1,28,5,8,1,0,0,1,0,1,20,0,0,6,7,6,15.428571428571429,0,0,6,7,6,13.5,0,13.9,-0.3,0.79,Graduate
1,14,1,8,1,6,1,1,20,5,12,1,0,0,1,0,1,21,0,0,5,7,0,0.0,0,0,5,5,0,0.0,0,7.6,2.6,0.32,Dropout
1,8,2,12,1,1,1,22,27,10,10,1,0,0,1,0,0,18,0,0,7,7,6,14.316666666666668,0,0,7,7,6,14.316666666666668,0,7.6,2.6,0.32,Graduate
1,14,2,15,1,1,1,19,24,1,1,1,0,0,1,0,0,27,0,4,8,11,7,13.285714285714286,0,4,7,13,5,11.6,0,9.4,-0.8,-3.12,Dropout
2,12,1,3,0,1,1,23,28,10,10,0,0,0,1,0,1,50,0,3,9,11,8,13.25,0,2,7,8,7,11.714285714285714,0,12.7,3.7,-1.7,Graduate
2,12,1,17,0,1,1,22,27,10,7,0,0,1,1,1,0,25,0,0,5,8,4,11.0,0,0,5,7,4,12.0,0,7.6,2.6,0.32,Enrolled
1,1,4,6,1,1,1,23,27,10,10,1,0,0,1,0,1,19,0,0,5,5,5,13.6,0,0,5,5,5,14.6,0,10.8,1.4,1.74,Graduate
1,1,3,15,1,1,1,1,1,4,6,1,0,0,1,0,0,18,0,0,6,6,6,13.666666666666666,0,0,6,7,6,13.0,0,15.5,2.8,-4.06,Graduate
1,14,1,17,0,1,1,3,14,2,2,0,0,0,0,1,0,40,0,0,5,5,0,0.0,0,0,5,6,0,0.0,0,10.8,1.4,1.74,Dropout
1,14,1,17,0,1,1,22,27,10,10,0,0,1,0,1,0,28,0,4,9,14,4,10.0,0,1,6,6,1,10.0,0,12.7,3.7,-1.7,Dropout
1,1,6,15,1,1,1,23,28,10,10,1,0,0,1,1,0,19,0,0,6,10,4,13.25,0,0,6,13,5,11.8,0,7.6,2.6,0.32,Graduate
1,13,1,12,1,1,1,13,14,5,10,0,0,0,1,0,0,23,0,0,8,8,8,12.88625,0,0,8,8,8,12.88625,0,9.4,-0.8,-3.12,Graduate
1,1,6,12,1,1,1,1,1,5,6,0,0,0,0,0,0,18,0,0,8,8,0,0.0,8,0,8,8,0,0.0,8,9.4,-0.8,-3.12,Dropout
1,8,4,12,1,1,1,23,27,10,6,1,0,0,1,0,0,19,0,0,8,8,7,12.454285714285716,0,0,8,8,7,12.454285714285716,0,10.8,1.4,1.74,Graduate
1,8,1,9,1,1,1,23,28,8,6,0,0,0,1,0,0,18,0,0,5,9,1,11.0,1,0,5,10,0,0.0,0,9.4,-0.8,-3.12,Enrolled
1,1,1,12,1,1,1,1,1,10,5,0,0,0,1,0,1,21,0,0,8,8,8,13.2575,0,0,8,8,8,13.2575,0,9.4,-0.8,-3.12,Graduate
1,1,2,15,1,1,1,1,14,10,10,0,0,0,1,0,0,18,0,0,6,6,6,13.833333333333334,0,0,6,6,6,12.666666666666666,0,10.8,1.4,1.74,Graduate
1,1,2,12,1,1,1,3,3,3,3,1,0,0,1,0,1,18,0,0,7,7,7,14.485714285714286,0,0,8,9,8,14.58888888888889,0,16.2,0.3,-0.92,Graduate
1,8,1,16,1,1,1,13,14,4,5,0,0,0,1,0,0,29,0,2,8,10,7,11.142857142857142,0,2,8,11,8,11.375,0,12.7,3.7,-1.7,Graduate
1,1,5,7,1,1,1,23,14,6,4,0,0,0,1,0,0,18,0,0,5,11,0,0.0,0,0,5,8,0,0.0,0,9.4,-0.8,-3.12,Dropout
1,8,1,2,1,1,1,22,27,10,10,0,0,0,1,1,0,22,0,0,0,0,0,0.0,0,0,0,0,0,0.0,0,12.7,3.7,-1.7,Graduate
1,15,1,4,1,14,1,22,27,10,11,0,0,0,1,1,0,25,0,0,6,6,0,0.0,0,0,6,8,0,0.0,0,15.5,2.8,-4.06,Dropout
2,12,1,17,0,1,1,22,27,6,9,0,0,0,0,1,0,43,0,0,5,13,2,11.5,0,0,5,12,3,10.8,0,13.9,-0.3,0.79,Dropout
1,1,1,9,1,1,1,1,14,10,10,1,0,0,1,1,1,19,0,0,5,8,5,12.6,0,0,5,9,5,13.6,0,8.9,1.4,3.51,Dropout
1,6,1,14,1,1,1,22,10,10,10,1,0,0,0,1,0,19,0,0,6,6,6,13.0,0,0,6,8,6,13.0,0,13.9,-0.3,0.79,Graduate
1,12,1,14,1,1,1,9,9,12,5,1,0,0,1,1,0,29,0,0,5,10,3,11.666666666666666,0,0,5,8,4,11.25,0,7.6,2.6,0.32,Dropout
1,14,4,14,1,1,1,3,3,5,5,0,0,0,1,1,0,21,0,0,5,11,2,10.0,0,0,5,10,3,10.333333333333334,0,9.4,-0.8,-3.12,Enrolled
1,8,1,6,1,1,1,13,28,5,9,0,0,0,0,1,0,19,0,0,6,11,5,13.6,0,0,6,11,5,13.666666666666666,0,11.1,0.6,2.02,Enrolled
2,12,1,17,0,1,1,1,3,2,3,0,0,0,0,1,1,26,0,0,5,12,3,10.666666666666666,0,0,5,11,3,10.666666666666666,0,9.4,-0.8,-3.12,Dropout
2,14,1,5,1,2,1,22,27,7,7,1,0,0,1,1,0,38,0,14,18,18,18,14.5,0,13,18,18,18,14.5,0,16.2,0.3,-0.92,Graduate
2,1,1,13,1,1,1,13,14,31,29,0,0,1,1,1,0,24,0,0,7,7,7,12.271428571428572,0,0,8,10,7,13.657142857142857,0,10.8,1.4,1.74,Graduate
1,12,1,3,0,1,1,3,14,5,8,0,0,0,1,1,0,39,0,3,9,10,9,13.22222222222222,0,2,7,8,7,13.142857142857142,0,8.9,1.4,3.51,Graduate
1,8,3,7,1,1,1,1,14,20,44,1,0,0,1,1,0,18,0,0,5,7,5,11.8,0,0,5,9,3,12.0,0,8.9,1.4,3.51,Enrolled
1,6,1,7,1,1,14,2,2,3,3,0,0,1,1,1,0,24,1,2,8,8,7,13.142857142857142,0,1,6,8,6,11.833333333333334,0,8.9,1.4,3.51,Enrolled
1,1,1,10,1,1,1,13,28,8,6,0,0,0,1,0,0,20,0,0,6,13,1,10.0,0,0,6,13,1,13.0,0,9.4,-0.8,-3.12,Enrolled
1,12,1,6,1,1,1,3,3,5,3,1,0,0,1,0,0,26,0,0,6,11,3,11.75,0,0,6,19,4,12.8,0,12.4,0.5,1.79,Enrolled
1,1,1,15,1,1,1,1,14,5,11,1,0,0,1,0,0,18,0,0,6,6,6,12.833333333333334,0,0,6,7,6,12.166666666666666,0,11.1,0.6,2.02,Graduate
1,12,1,4,1,12,1,22,27,10,5,0,0,0,1,1,0,43,0,0,6,8,6,12.875,0,0,6,14,5,12.142857142857142,0,16.2,0.3,-0.92,Enrolled
1,8,6,9,1,1,1,13,1,10,5,1,0,0,1,1,0,19,0,0,5,8,5,11.6,1,0,5,10,4,10.75,0,9.4,-0.8,-3.12,Graduate
1,8,3,5,1,1,1,23,27,6,6,1,0,0,1,1,0,18,0,0,6,6,6,12.833333333333334,0,0,6,8,5,11.4,0,15.5,2.8,-4.06,Enrolled
1,1,3,2,1,1,1,22,27,10,10,1,0,0,1,1,0,18,0,0,0,0,0,0.0,0,0,0,0,0,0.0,0,7.6,2.6,0.32,Graduate
1,8,1,14,1,1,1,13,27,6,9,0,0,0,1,1,0,18,0,0,6,6,6,13.5,0,0,6,0,0,0.0,0,12.7,3.7,-1.7,Dropout
1,12,1,7,1,1,1,22,14,10,4,0,0,0,1,1,1,28,0,0,5,16,3,14.333333333333334,0,0,5,9,5,12.428571428571429,0,9.4,-0.8,-3.12,Enrolled
1,8,1,17,0,1,1,23,27,7,8,0,0,0,1,0,0,20,0,0,5,0,0,0.0,0,0,5,0,0,0.0,0,11.1,0.6,2.02,Dropout
1,1,3,5,1,1,1,1,28,5,8,1,0,0,1,0,1,19,0,0,6,6,6,12.833333333333334,0,0,6,6,6,12.833333333333334,0,9.4,-0.8,-3.12,Graduate
1,8,1,7,1,1,1,13,14,8,10,1,0,0,1,1,0,18,0,0,5,9,1,12.0,0,0,5,10,2,12.0,3,7.6,2.6,0.32,Dropout
1,1,1,14,1,1,1,13,28,10,10,0,0,0,1,1,0,19,0,0,6,8,6,14.25,0,0,6,7,6,13.857142857142858,0,11.1,0.6,2.02,Graduate
1,1,1,2,1,1,1,1,28,8,9,1,0,0,1,1,0,26,0,0,0,0,0,0.0,0,0,0,0,0,0.0,0,11.1,0.6,2.02,Dropout
1,1,1,7,1,1,1,10,1,5,11,1,0,0,1,1,0,19,0,0,5,10,0,0.0,0,0,5,10,1,14.0,3,7.6,2.6,0.32,Dropout
1,7,2,9,1,1,1,22,27,10,10,1,0,0,1,1,0,20,0,0,5,8,1,10.0,0,0,5,7,1,11.0,0,7.6,2.6,0.32,Dropout
1,1,4,15,1,1,1,3,10,3,10,1,0,0,1,1,0,20,0,0,6,6,6,16.833333333333332,0,0,6,6,6,16.666666666666668,0,8.9,1.4,3.51,Graduate
1,1,1,12,1,1,1,22,27,8,8,0,0,0,1,1,0,20,0,0,7,8,0,0.0,1,0,7,7,0,0.0,0,13.9,-0.3,0.79,Dropout
2,12,1,17,0,1,1,22,27,10,10,0,0,0,1,0,0,35,0,0,5,5,5,11.6,0,0,5,6,5,11.166666666666666,0,15.5,2.8,-4.06,Graduate
1,4,1,12,1,3,1,1,27,10,6,0,0,0,1,0,0,30,0,0,8,8,7,15.675714285714283,0,0,8,8,7,15.675714285714283,0,10.8,1.4,1.74,Graduate
1,8,1,15,1,1,1,13,14,5,5,1,0,0,1,0,0,20,0,0,6,9,6,11.666666666666666,0,0,6,8,5,11.6,0,7.6,2.6,0.32,Enrolled
1,1,4,11,1,1,1,1,14,10,7,1,0,0,1,0,0,20,0,0,6,8,5,11.0,0,0,6,9,5,11.4,0,13.9,-0.3,0.79,Graduate
1,1,1,16,1,1,1,13,10,10,8,1,0,0,1,0,0,18,0,0,6,6,6,13.333333333333334,0,0,6,7,6,12.333333333333334,0,7.6,2.6,0.32,Graduate
1,1,1,14,1,1,1,22,27,11,7,1,0,0,1,0,0,20,0,0,5,6,3,13.0,0,0,5,7,3,13.0,1,7.6,2.6,0.32,Enrolled
1,12,1,4,1,1,1,13,14,10,7,1,0,0,1,0,0,24,0,0,6,10,5,11.8,0,0,6,13,4,11.25,0,12.4,0.5,1.79,Enrolled
1,1,3,11,1,1,1,13,14,10,10,1,0,0,1,0,0,22,0,0,6,10,4,10.0,0,0,6,12,2,13.5,0,9.4,-0.8,-3.12,Enrolled
1,8,2,2,1,1,1,3,1,3,7,1,0,0,1,0,1,18,0,0,0,0,0,0.0,0,0,0,0,0,0.0,0,15.5,2.8,-4.06,Graduate
2,12,1,14,1,1,1,22,14,10,5,0,0,0,1,0,1,43,0,0,6,8,5,11.0,0,0,6,9,5,13.0,0,12.4,0.5,1.79,Graduate
1,1,1,2,1,1,1,13,28,6,6,1,0,1,1,0,0,20,0,6,12,12,12,13.25,0,4,11,16,10,13.090909090909092,0,8.9,1.4,3.51,Graduate
1,12,1,4,1,1,1,1,27,5,8,0,0,0,1,1,0,31,0,0,6,15,3,14.4,0,0,6,20,0,0.0,0,16.2,0.3,-0.92,Dropout
1,12,1,13,1,12,1,22,27,10,11,0,0,0,1,1,0,31,0,0,7,7,0,0.0,0,0,7,7,0,0.0,0,15.5,2.8,-4.06,Dropout
1,1,1,12,1,1,1,13,28,8,9,0,0,0,1,0,0,19,0,0,7,0,0,0.0,0,0,8,0,0,0.0,0,16.2,0.3,-0.92,Dropout
1,1,2,15,1,1,1,22,27,6,6,1,1,0,1,0,1,20,0,0,6,6,6,14.666666666666666,0,0,6,7,6,14.571428571428571,0,8.9,1.4,3.51,Graduate
1,1,1,13,1,1,1,13,28,10,10,1,0,0,1,0,1,20,0,0,7,10,7,11.88888888888889,0,0,8,10,8,11.95625,0,12.7,3.7,-1.7,Graduate
1,1,1,14,1,1,1,1,1,6,8,0,0,0,1,0,1,18,0,0,5,6,5,11.8,0,0,5,5,5,12.6,0,9.4,-0.8,-3.12,Graduate
2,14,1,3,0,10,1,19,24,1,1,0,0,0,0,0,0,34,0,3,7,13,3,12.0,0,2,7,15,1,13.0,1,9.4,-0.8,-3.12,Dropout
1,14,1,17,0,1,1,22,28,10,9,0,0,1,0,0,0,29,0,0,5,15,2,13.25,0,0,5,12,3,12.6,3,16.2,0.3,-0.92,Dropout
1,1,1,12,1,1,1,1,1,5,11,0,0,0,1,0,0,18,0,0,7,7,6,13.861666666666666,0,0,8,16,0,0.0,1,12.4,0.5,1.79,Dropout
1,1,1,15,1,1,1,22,28,8,8,0,0,0,1,0,1,18,0,0,6,6,6,12.166666666666666,0,0,6,7,6,12.142857142857142,0,15.5,2.8,-4.06,Graduate
1,8,2,13,1,1,1,22,27,6,6,1,0,0,1,0,0,32,0,0,7,7,0,0.0,0,0,8,8,0,0.0,0,16.2,0.3,-0.92,Dropout
1,8,4,15,1,1,1,1,28,6,8,1,0,0,1,0,0,20,0,0,6,9,4,13.25,0,0,6,11,5,11.8,0,12.4,0.5,1.79,Graduate
1,1,1,12,1,1,1,1,27,10,10,0,0,0,1,0,0,18,0,0,8,8,7,14.2,0,0,8,8,7,14.2,0,12.7,3.7,-1.7,Graduate
1,1,3,12,1,1,3,22,27,10,10,1,0,0,1,0,0,18,1,0,7,7,6,14.716666666666669,0,0,7,7,6,14.716666666666669,0,7.6,2.6,0.32,Graduate
1,12,1,12,1,1,1,13,1,2,2,0,0,0,1,0,0,25,0,0,8,8,7,12.084285714285716,0,0,8,8,7,12.084285714285716,0,10.8,1.4,1.74,Graduate
2,12,1,11,1,1,1,22,27,10,10,0,0,0,1,0,0,41,0,0,6,8,6,12.285714285714286,0,0,6,10,5,13.0,0,8.9,1.4,3.51,Graduate
1,14,3,2,1,1,1,22,28,8,8,1,0,0,1,0,0,21,0,0,0,0,0,0.0,0,0,0,0,0,0.0,0,9.4,-0.8,-3.12,Dropout
1,8,2,5,1,1,1,13,28,5,8,1,0,0,1,0,0,19,0,0,6,6,6,14.333333333333334,0,0,6,6,6,13.5,0,9.4,-0.8,-3.12,Graduate
1,1,1,10,1,1,1,23,28,5,8,1,0,0,1,0,1,18,0,0,6,14,0,0.0,0,0,6,9,4,11.0,0,7.6,2.6,0.32,Enrolled
1,1,3,11,1,1,1,13,1,8,10,1,0,0,1,0,1,18,0,0,6,6,6,12.666666666666666,0,0,6,6,6,12.5,0,12.4,0.5,1.79,Graduate
1,12,1,6,1,1,1,22,27,10,10,1,0,1,1,0,0,27,0,0,6,11,6,12.125,0,0,6,16,5,12.0,0,12.4,0.5,1.79,Enrolled
1,15,1,6,1,14,1,1,29,4,10,1,0,0,1,0,0,20,0,1,6,9,6,12.666666666666666,0,1,6,10,4,11.5,0,13.9,-0.3,0.79,Enrolled
1,1,1,2,1,1,1,1,28,5,10,1,0,0,0,0,0,19,0,0,0,0,0,0.0,0,0,0,0,0,0.0,0,7.6,2.6,0.32,Dropout
1,1,1,10,1,1,1,13,27,6,5,1,0,0,1,0,1,18,0,0,6,6,6,14.666666666666666,0,0,6,6,6,15.166666666666666,0,9.4,-0.8,-3.12,Graduate
1,1,6,15,1,1,1,1,27,4,4,1,0,1,0,0,0,20,0,0,4,4,0,0.0,0,0,5,5,0,0.0,0,12.4,0.5,1.79,Dropout
1,7,4,10,1,1,1,22,27,10,10,1,0,0,1,0,0,18,0,0,6,8,5,13.0,0,0,6,7,6,11.833333333333334,0,10.8,1.4,1.74,Graduate
1,1,3,10,1,1,1,1,1,10,10,1,0,0,1,1,0,22,0,0,6,6,4,11.25,0,0,6,7,3,11.0,0,8.9,1.4,3.51,Enrolled
2,12,1,12,1,3,1,1,1,5,7,0,0,1,0,0,0,30,0,3,7,11,3,12.333333333333334,0,3,7,9,3,11.666666666666666,0,13.9,-0.3,0.79,Dropout
2,14,1,17,0,3,1,22,27,10,10,0,0,0,1,0,0,41,0,5,10,11,10,14.3,0,5,10,10,10,14.2,0,12.7,3.7,-1.7,Graduate
1,8,5,14,1,1,1,1,14,6,6,0,0,0,1,0,0,21,0,0,5,7,3,12.666666666666666,0,0,5,6,4,12.75,1,7.6,2.6,0.32,Enrolled
1,15,1,2,1,14,1,1,1,10,10,0,0,0,1,1,0,21,0,0,0,0,0,0.0,0,0,0,0,0,0.0,0,15.5,2.8,-4.06,Enrolled
1,1,1,6,1,1,1,22,14,10,10,1,0,0,1,1,0,20,0,0,5,8,5,12.8,0,0,5,9,4,13.666666666666666,1,10.8,1.4,1.74,Graduate
1,1,6,11,1,1,1,13,14,10,10,1,0,0,1,1,0,20,0,0,6,16,3,10.333333333333334,0,0,6,16,1,11.0,0,10.8,1.4,1.74,Dropout
1,8,1,9,1,1,1,23,28,10,9,0,0,0,1,1,0,18,0,0,5,13,1,10.0,0,0,5,5,1,10.0,0,12.7,3.7,-1.7,Dropout
1,12,1,17,0,1,1,22,27,10,10,1,0,0,0,1,0,25,0,0,5,5,0,0.0,0,0,5,5,0,0.0,0,9.4,-0.8,-3.12,Dropout
1,14,1,17,0,1,1,22,27,10,10,1,0,0,1,0,0,27,0,0,5,5,0,0.0,0,0,5,5,0,0.0,0,7.6,2.6,0.32,Dropout
2,14,1,9,1,2,1,22,27,10,10,0,0,1,0,0,0,42,0,13,13,13,13,11.923076923076923,0,12,12,12,12,12.5,0,15.5,2.8,-4.06,Dropout
1,9,2,16,1,1,1,1,14,4,10,1,0,0,1,1,0,18,0,0,6,7,5,12.6,0,0,6,6,6,13.0,0,10.8,1.4,1.74,Enrolled
1,14,1,1,1,1,1,22,1,10,11,1,0,0,1,1,0,25,0,5,10,13,5,11.6,0,2,8,10,2,13.0,0,12.4,0.5,1.79,Enrolled
1,1,1,5,1,1,1,1,1,10,10,1,0,0,1,0,1,20,0,0,6,6,6,13.833333333333334,0,0,6,6,6,13.5,0,16.2,0.3,-0.92,Graduate
