1,15,1,4,1,14,1,1,28,10,7,0,0,0,1,1,0,21,0,0,6,13,4,11.75,0,0,6,15,4,10.5,0,15.5,2.8,-4.06,Enrolled
1,8,1,10,1,1,1,22,14,10,9,1,0,0,1,0,0,21,0,0,6,11,6,10.375,0,0,6,12,3,11.666666666666666,0,12.7,3.7,-1.7,Enrolled
1,8,2,11,1,1,1,10,14,6,6,1,0,0,1,0,0,20,0,0,6,16,1,10.0,0,0,6,12,0,0.0,0,10.8,1.4,1.74,Dropout
1,15,1,10,1,14,1,22,14,29,15,1,0,1,1,0,0,21,0,3,6,8,3,12.0,0,2,6,6,2,12.5,0,12.4,0.5,1.79,Enrolled
1,1,2,12,1,1,1,23,27,10,8,1,0,0,1,0,1,19,0,0,7,7,6,12.9,0,0,7,7,6,12.9,0,7.6,2.6,0.32,Graduate
1,1,5,9,1,1,1,3,2,3,3,0,0,0,1,1,0,22,0,1,5,10,4,11.75,0,0,5,10,3,11.0,0,7.6,2.6,0.32,Enrolled
1,6,1,10,1,1,12,13,14,10,7,0,0,0,1,1,0,21,1,0,6,7,6,12.333333333333334,0,0,6,7,6,13.428571428571429,0,11.1,0.6,2.02,Graduate
1,4,1,13,1,3,1,3,3,3,3,0,0,1,0,1,0,38,0,0,7,8,3,12.666666666666666,0,0,5,5,0,0.0,0,13.9,-0.3,0.79,Dropout
4,12,1,3,0,1,1,22,27,10,8,0,0,0,1,0,1,43,0,0,6,6,0,0.0,0,0,5,5,0,0.0,0,8.9,1.4,3.51,Dropout
1,9,1,10,1,1,1,23,24,5,1,0,0,0,1,0,0,18,0,0,1,1,0,0.0,1,0,6,0,0,0.0,0,10.8,1.4,1.74,Dropout
1,9,3,5,1,1,1,1,1,6,4,1,0,0,1,0,0,18,0,1,6,8,6,13.714285714285714,1,0,6,8,6,14.375,0,13.9,-0.3,0.79,Graduate
1,1,1,15,1,1,1,23,1,6,8,1,0,0,1,1,1,18,0,0,6,7,6,12.714285714285714,0,0,6,8,5,11.833333333333334,0,13.9,-0.3,0.79,Graduate
1,8,1,6,1,1,1,13,27,10,10,1,0,0,1,0,1,21,0,0,6,6,6,14.5,0,0,6,8,6,14.666666666666666,0,8.9,1.4,3.51,Graduate
1,1,1,5,1,1,1,13,14,6,6,0,0,0,1,1,1,22,0,1,6,6,6,12.666666666666666,0,1,6,6,5,12.4,0,12.4,0.5,1.79,Graduate
1,8,1,15,1,1,1,23,14,10,11,1,0,0,1,1,0,18,0,0,6,6,6,12.666666666666666,0,0,6,7,5,13.6,0,12.4,0.5,1.79,Enrolled
4,12,1,17,0,1,1,1,27,20,43,0,0,0,1,0,0,35,0,0,5,8,5,12.0,0,0,5,9,5,12.857142857142858,0,13.9,-0.3,0.79,Graduate
1,1,2,5,1,1,1,1,14,5,4,0,0,0,1,0,0,19,0,0,6,6,6,12.166666666666666,0,0,6,6,6,11.333333333333334,0,12.7,3.7,-1.7,Graduate
1,1,1,12,1,1,1,26,14,4,6,0,0,0,1,0,0,19,0,0,7,7,7,13.694285714285714,0,0,8,9,8,14.355555555555554,0,11.1,0.6,2.02,Graduate
2,12,1,4,1,1,1,22,27,10,10,0,0,1,0,0,0,43,0,0,6,10,4,12.25,0,0,6,13,4,10.5,0,8.9,1.4,3.51,Dropout
1,14,1,1,1,1,1,22,1,10,11,1,0,0,1,1,0,25,0,5,10,13,5,11.6,0,2,8,10,2,13.0,0,12.4,0.5,1.79,Enrolled
1,16,1,15,1,1,1,1,32,6,4,1,0,0,1,1,0,23,0,0,6,7,6,13.333333333333334,0,0,6,6,4,12.75,0,11.1,0.6,2.02,Graduate
1,5,2,6,1,1,9,13,1,5,10,0,0,0,1,0,0,18,1,0,6,10,6,13.5,0,0,6,12,6,12.0,0,12.4,0.5,1.79,Graduate
1,1,5,12,1,1,1,1,14,7,8,1,0,0,1,0,1,19,0,0,7,8,7,12.135714285714286,0,0,8,10,7,13.328571428571427,0,12.4,0.5,1.79,Graduate
1,12,1,12,1,15,1,1,1,5,5,1,0,0,1,0,0,27,0,1,7,7,7,14.757142857142856,0,1,8,9,8,14.077777777777778,0,16.2,0.3,-0.92,Graduate
2,12,1,17,0,12,1,13,14,5,5,0,0,0,0,1,0,49,0,0,5,8,2,11.0,0,0,5,5,1,11.0,0,15.5,2.8,-4.06,Dropout
1,1,6,12,1,1,1,3,3,2,2,1,0,0,1,0,0,19,0,0,7,9,7,13.761111111111113,0,0,8,11,7,12.82375,0,15.5,2.8,-4.06,Graduate
1,5,1,6,1,1,9,2,14,3,9,0,0,0,1,0,0,18,1,0,6,8,6,15.0,0,0,6,10,5,14.333333333333334,0,11.1,0.6,2.02,Graduate
1,15,1,6,1,14,1,13,27,5,8,1,0,0,1,0,0,19,0,2,6,8,6,14.142857142857142,0,1,6,7,6,13.0,0,13.9,-0.3,0.79,Graduate
1,14,1,12,1,1,1,13,27,27,42,1,0,0,1,0,0,21,0,0,7,12,4,13.125,0,0,7,8,6,12.333333333333334,0,13.9,-0.3,0.79,Enrolled
1,8,1,2,1,1,1,23,28,8,8,1,0,0,1,0,0,19,0,0,0,0,0,0.0,0,0,0,0,0,0.0,0,15.5,2.8,-4.06,Dropout
1,1,1,10,1,1,1,1,14,5,10,0,0,0,1,0,1,20,0,0,6,6,6,11.666666666666666,0,0,6,8,6,11.166666666666666,0,15.5,2.8,-4.06,Graduate
1,15,1,4,1,14,1,1,1,5,4,1,0,0,1,0,0,20,0,0,6,10,5,11.666666666666666,0,0,6,7,5,12.6,0,12.4,0.5,1.79,Graduate
1,1,3,6,1,1,1,1,3,5,5,1,0,0,1,0,0,18,0,0,6,8,6,14.0,0,0,6,9,6,13.333333333333334,0,8.9,1.4,3.51,Graduate
1,1,1,5,1,1,1,22,14,10,4,1,0,0,1,0,0,20,0,0,6,8,5,12.2,0,0,6,6,6,11.5,0,16.2,0.3,-0.92,Graduate
1,1,2,12,1,1,1,1,1,3,8,1,0,0,1,0,1,18,0,0,8,8,8,13.88125,0,0,8,8,8,13.88125,0,9.4,-0.8,-3.12,Graduate
1,1,3,2,1,1,1,1,3,6,3,1,0,0,1,1,0,19,0,0,0,0,0,0.0,0,0,0,0,0,0.0,0,12.7,3.7,-1.7,Graduate
1,14,1,11,1,1,1,10,14,10,10,0,0,0,0,1,0,31,0,3,8,19,5,12.166666666666666,0,3,7,12,5,12.0,0,7.6,2.6,0.32,Dropout
1,8,1,9,1,1,1,3,28,2,10,0,0,0,0,1,0,19,0,0,5,13,4,10.0,0,0,5,7,3,11.333333333333334,0,15.5,2.8,-4.06,Dropout
1,1,1,12,1,1,1,23,28,6,6,0,0,0,1,0,0,18,0,0,7,7,7,13.285714285714286,0,0,8,9,8,13.333333333333334,0,16.2,0.3,-0.92,Graduate
1,12,1,2,1,1,1,3,1,3,11,1,0,0,1,1,0,24,0,0,0,0,0,0.0,0,0,0,0,0,0.0,0,9.4,-0.8,-3.12,Graduate
2,4,1,10,1,3,1,22,27,29,43,0,0,0,1,0,0,31,0,1,6,12,5,12.5,0,0,6,10,5,14.6,0,12.7,3.7,-1.7,Graduate
2,12,1,12,1,1,1,13,14,10,8,0,0,0,1,0,0,31,0,0,7,0,0,0.0,0,0,8,0,0,0.0,0,12.7,3.7,-1.7,Dropout
1,9,1,12,1,1,1,13,1,10,5,0,0,0,1,0,1,20,0,0,8,8,0,0.0,8,0,8,8,0,0.0,8,9.4,-0.8,-3.12,Enrolled
1,4,1,4,1,3,1,24,29,10,5,0,0,0,1,1,0,50,0,2,6,8,2,13.5,0,1,6,9,1,13.0,0,15.5,2.8,-4.06,Dropout
1,13,1,7,1,1,1,1,27,6,6,0,0,0,1,1,0,19,0,2,5,6,4,11.8,0,0,5,7,2,11.5,0,15.5,2.8,-4.06,Enrolled
1,8,3,10,1,1,1,22,28,1,8,1,0,0,1,0,0,18,0,0,6,14,5,11.0,0,0,6,6,6,11.666666666666666,0,7.6,2.6,0.32,Graduate
1,7,2,10,1,1,1,23,27,4,6,1,0,0,1,0,1,19,0,0,6,14,3,12.666666666666666,0,0,6,7,6,11.0,0,9.4,-0.8,-3.12,Graduate
1,1,2,12,1,1,1,3,27,5,8,1,0,0,1,0,1,19,0,0,7,8,6,13.075,0,0,8,10,7,12.05,0,12.4,0.5,1.79,Graduate
1,15,1,10,1,14,1,23,28,7,10,1,0,0,1,0,1,19,0,3,6,7,5,12.2,0,2,6,6,6,11.5,0,13.9,-0.3,0.79,Graduate
1,1,6,12,1,1,1,23,14,8,8,1,0,0,1,0,1,19,0,0,8,8,7,12.355714285714283,0,0,8,8,7,12.355714285714283,0,10.8,1.4,1.74,Graduate
1,1,3,7,1,1,1,1,1,4,6,0,0,0,1,1,1,19,0,0,5,10,5,11.8,0,0,5,12,3,11.5,0,11.1,0.6,2.02,Enrolled
1,8,1,14,1,1,1,1,1,5,5,0,0,0,1,1,0,19,0,0,5,10,0,0.0,0,0,5,5,0,0.0,0,7.6,2.6,0.32,Enrolled
1,14,1,9,1,1,1,23,14,20,36,0,0,0,1,0,0,19,0,0,5,11,5,11.5,0,0,5,9,2,10.666666666666666,0,13.9,-0.3,0.79,Enrolled
1,14,1,8,1,1,1,13,1,10,5,0,0,1,0,1,0,24,0,0,6,11,5,11.833333333333334,0,0,6,11,4,11.5,0,15.5,2.8,-4.06,Dropout
1,12,1,9,1,1,1,22,1,10,2,0,0,0,0,0,0,25,0,0,5,5,0,0.0,0,0,5,9,0,0.0,0,10.8,1.4,1.74,Dropout
1,15,1,4,1,1,1,3,2,3,7,1,0,0,1,1,0,21,0,4,9,14,7,11.285714285714286,2,2,8,15,4,12.25,0,12.7,3.7,-1.7,Enrolled
1,8,4,12,1,1,1,13,28,10,7,1,0,0,1,1,1,18,0,0,7,8,7,12.5125,0,0,8,8,8,14.1875,0,13.9,-0.3,0.79,Graduate
1,1,1,10,1,1,1,23,14,10,6,0,0,0,1,0,0,18,0,0,6,6,6,12.833333333333334,0,0,6,6,6,12.0,0,12.4,0.5,1.79,Graduate
1,7,2,6,1,1,1,22,27,10,10,1,0,0,1,0,1,19,0,0,5,8,5,13.166666666666666,2,0,5,5,5,12.8,0,9.4,-0.8,-3.12,Graduate
1,4,1,5,1,15,1,1,14,4,10,1,0,0,1,0,0,21,0,9,13,14,13,13.615384615384617,1,6,12,12,12,14.25,0,13.9,-0.3,0.79,Graduate
1,6,1,13,1,1,12,13,1,10,5,0,0,1,1,0,0,19,1,0,7,11,0,0.0,4,0,7,11,2,11.666666666666666,0,8.9,1.4,3.51,Enrolled
1,1,1,15,1,1,1,1,14,6,11,1,0,0,1,0,0,18,0,0,6,6,6,12.833333333333334,0,0,6,6,6,13.333333333333334,0,9.4,-0.8,-3.12,Graduate
1,15,1,7,1,14,1,1,1,10,9,0,0,0,1,1,1,20,0,3,7,12,6,14.142857142857142,0,1,6,10,6,14.125,0,12.4,0.5,1.79,Enrolled
1,1,4,12,1,1,1,13,14,5,6,1,0,0,1,0,0,18,0,0,8,8,8,14.25,0,0,8,8,8,14.25,0,9.4,-0.8,-3.12,Graduate
1,12,1,14,1,7,1,22,27,6,4,0,0,1,1,1,0,26,0,0,5,5,0,0.0,0,0,5,5,0,0.0,0,9.4,-0.8,-3.12,Dropout
1,1,4,12,1,1,1,1,1,10,10,1,0,0,1,0,1,19,0,0,8,8,7,13.314285714285717,0,0,8,8,7,13.314285714285717,0,12.7,3.7,-1.7,Graduate
1,1,1,10,1,1,1,13,1,10,10,0,0,0,1,1,0,19,0,0,6,6,6,12.833333333333334,0,0,6,8,6,11.833333333333334,0,10.8,1.4,1.74,Graduate
1,8,2,14,1,1,1,22,28,6,9,0,0,0,1,1,1,20,0,0,5,5,5,12.4,0,0,5,5,4,10.75,0,9.4,-0.8,-3.12,Graduate
1,1,3,12,1,1,1,23,28,8,10,1,0,0,1,0,1,19,0,0,8,8,7,13.512857142857142,0,0,8,8,7,13.512857142857142,0,10.8,1.4,1.74,Graduate
1,14,1,17,0,14,1,22,27,10,10,0,0,0,1,0,0,24,0,3,10,16,3,11.666666666666666,0,3,10,24,6,11.833333333333334,0,9.4,-0.8,-3.12,Dropout
1,8,1,10,1,1,1,1,1,10,10,0,0,0,1,0,1,20,0,0,6,11,4,10.75,0,0,6,13,5,11.5,0,15.5,2.8,-4.06,Enrolled
1,12,1,8,1,7,1,19,26,1,12,0,0,0,1,1,0,29,0,0,5,5,0,0.0,0,0,5,5,0,0.0,0,7.6,2.6,0.32,Dropout
1,12,1,15,1,1,1,19,27,1,1,0,0,0,1,0,0,26,0,0,6,8,4,11.75,0,0,6,12,0,0.0,0,7.6,2.6,0.32,Dropout
1,8,4,7,1,1,1,1,3,2,5,1,0,0,1,1,0,19,0,0,5,6,5,14.6,0,0,5,5,5,15.2,0,8.9,1.4,3.51,Dropout
2,12,1,17,0,3,1,13,14,10,8,0,0,0,1,0,0,26,0,0,5,5,5,12.0,0,0,5,6,5,14.833333333333334,0,10.8,1.4,1.74,Graduate
1,1,1,9,1,1,1,13,14,10,4,1,0,0,0,1,0,20,0,0,5,9,3,12.0,1,0,5,7,3,11.0,0,9.4,-0.8,-3.12,Dropout
2,12,1,9,1,1,1,1,14,10,10,0,0,0,0,0,0,29,0,0,4,4,0,0.0,0,0,5,0,0,0.0,0,12.7,3.7,-1.7,Dropout
1,8,3,12,1,1,1,22,28,5,6,1,0,0,1,0,0,19,0,0,8,8,7,15.11,0,0,8,8,7,15.11,0,10.8,1.4,1.74,Graduate
1,1,6,12,1,1,1,1,1,5,5,1,0,0,1,0,0,21,0,0,7,8,6,13.25,0,0,8,8,8,13.8375,0,13.9,-0.3,0.79,Enrolled
1,14,5,3,0,1,1,19,24,1,1,0,0,0,1,1,0,37,0,0,6,12,0,0.0,0,0,5,10,0,0.0,0,7.6,2.6,0.32,Dropout
4,12,1,6,1,1,1,19,24,1,1,0,0,0,1,0,0,25,0,0,5,5,0,0.0,0,0,5,5,0,0.0,0,7.6,2.6,0.32,Dropout
1,1,6,12,1,1,1,2,1,5,5,1,0,0,1,0,0,19,0,0,8,8,7,14.1,0,0,8,8,7,14.1,0,10.8,1.4,1.74,Graduate
1,1,1,10,1,1,1,23,28,10,7,1,0,0,1,0,0,18,0,0,6,6,6,13.166666666666666,0,0,6,6,6,13.166666666666666,0,8.9,1.4,3.51,Graduate
1,1,1,13,1,1,1,22,28,8,10,0,0,0,1,0,1,20,0,0,7,14,7,10.642857142857142,0,0,8,8,8,11.55,0,12.7,3.7,-1.7,Graduate
1,1,1,8,1,1,1,3,1,5,10,1,0,0,1,0,0,18,0,0,6,8,6,14.5,0,0,6,9,6,12.857142857142858,0,13.9,-0.3,0.79,Graduate
1,1,1,5,1,1,1,23,14,23,44,1,1,0,1,0,0,19,0,0,6,6,6,14.666666666666666,0,0,6,7,6,15.142857142857142,0,8.9,1.4,3.51,Graduate
1,14,1,14,1,14,1,13,3,8,11,0,0,0,1,0,0,21,0,0,6,8,5,11.833333333333334,0,0,6,8,4,13.25,2,16.2,0.3,-0.92,Enrolled
1,1,3,15,1,1,1,19,1,6,11,1,0,0,0,1,0,19,0,0,4,8,0,0.0,1,0,6,0,0,0.0,0,9.4,-0.8,-3.12,Dropout
1,15,1,11,1,14,1,24,29,32,44,1,0,1,1,1,0,23,0,0,6,12,3,11.5,0,0,6,12,3,10.666666666666666,0,8.9,1.4,3.51,Enrolled
1,8,1,4,1,1,1,1,4,10,6,1,0,1,0,1,0,26,0,0,6,8,0,0.0,0,0,6,10,0,0.0,0,16.2,0.3,-0.92,Dropout
1,8,1,2,1,1,1,22,27,8,10,1,0,0,1,1,0,24,0,12,17,19,13,11.642857142857142,0,12,17,25,12,11.25,0,11.1,0.6,2.02,Dropout
2,12,1,13,1,12,1,23,27,8,8,1,0,1,0,0,1,37,0,0,7,13,1,16.0,0,0,7,12,0,0.0,0,8.9,1.4,3.51,Dropout
1,8,2,16,1,1,1,23,14,5,10,1,0,0,1,0,0,19,0,0,6,0,0,0.0,0,0,6,0,0,0.0,0,10.8,1.4,1.74,Dropout
2,15,1,3,0,14,1,1,1,6,6,0,0,0,1,1,0,37,0,12,16,17,16,14.125,0,6,11,14,10,13.0,0,12.4,0.5,1.79,Graduate
1,14,1,17,0,2,1,22,27,10,10,0,0,0,1,0,0,38,0,14,15,16,14,10.928571428571429,0,12,14,16,12,11.833333333333334,0,9.4,-0.8,-3.12,Dropout
2,12,1,17,0,1,1,22,27,10,10,1,0,0,1,1,0,41,0,0,5,8,4,11.25,0,0,5,8,3,11.0,1,7.6,2.6,0.32,Dropout
1,1,1,16,1,1,1,23,28,4,8,0,0,0,1,0,1,20,0,0,7,7,7,12.142857142857142,0,0,7,7,7,12.857142857142858,0,11.1,0.6,2.02,Graduate
1,8,1,14,1,1,1,13,1,6,5,0,0,1,1,1,0,18,0,0,6,6,3,12.666666666666666,0,0,6,11,4,11.142857142857142,0,10.8,1.4,1.74,Dropout
1,1,2,5,1,1,1,13,28,10,10,1,0,0,1,0,1,20,0,1,6,9,5,13.4,1,0,6,9,6,12.375,0,13.9,-0.3,0.79,Graduate
1,12,1,14,1,12,1,1,1,5,8,0,0,1,0,0,0,25,0,0,5,5,5,11.2,0,0,5,5,5,12.6,0,9.4,-0.8,-3.12,Dropout
1,8,2,13,1,1,1,1,1,10,10,0,0,0,1,0,1,18,0,0,7,7,7,13.428571428571429,0,0,8,8,8,14.75,0,15.5,2.8,-4.06,Graduate
2,12,1,9,1,1,1,22,27,6,6,0,0,0,1,0,0,36,0,0,5,8,3,11.0,0,0,5,12,4,13.375,0,10.8,1.4,1.74,Enrolled
1,12,1,8,1,1,1,1,28,10,10,0,0,0,1,1,0,25,0,0,6,6,0,0.0,0,0,6,6,0,0.0,0,12.4,0.5,1.79,Dropout
1,8,3,5,1,1,1,3,1,5,5,1,0,0,1,0,0,19,0,0,6,6,6,13.5,0,0,6,7,6,13.428571428571429,0,8.9,1.4,3.51,Graduate
1,1,3,15,1,1,1,1,14,10,10,1,0,0,1,0,1,20,0,0,6,6,6,13.0,0,0,6,7,6,13.142857142857142,0,12.4,0.5,1.79,Dropout
1,1,1,16,1,1,1,10,10,10,5,1,0,0,1,0,0,18,0,0,6,8,5,15.4,0,0,6,7,5,12.2,0,7.6,2.6,0.32,Graduate
1,8,1,9,1,1,1,1,14,4,5,0,0,0,1,1,0,19,0,0,5,7,3,12.333333333333334,0,0,5,5,0,0.0,0,8.9,1.4,3.51,Dropout
1,1,6,12,1,1,1,1,27,8,8,1,0,0,1,0,0,19,0,0,7,0,0,0.0,0,0,8,0,0,0.0,0,12.7,3.7,-1.7,Dropout
1,1,1,11,1,1,1,1,28,10,10,1,0,0,1,1,1,20,0,0,6,7,6,13.571428571428571,0,0,6,8,6,13.166666666666666,0,8.9,1.4,3.51,Graduate
1,1,1,2,1,1,1,23,14,10,3,1,0,0,1,1,1,18,0,0,0,0,0,0.0,0,0,0,0,0,0.0,0,12.7,3.7,-1.7,Graduate
4,4,1,12,1,3,1,3,14,3,4,0,0,0,1,0,0,43,0,0,7,7,3,13.833333333333334,1,0,7,7,0,0.0,0,16.2,0.3,-0.92,Dropout
1,8,5,15,1,1,1,13,10,8,4,1,0,0,1,0,0,22,0,0,6,7,6,13.571428571428571,0,0,6,7,6,15.285714285714286,0,13.9,-0.3,0.79,Graduate
1,1,2,6,1,1,1,3,28,5,7,0,0,0,1,0,0,18,0,0,5,7,4,12.75,0,0,5,6,4,12.75,0,7.6,2.6,0.32,Graduate
2,12,2,4,1,12,1,23,14,5,2,0,0,0,0,1,0,32,0,2,8,12,2,11.5,2,0,7,9,0,0.0,0,15.5,2.8,-4.06,Dropout
1,8,5,5,1,1,1,4,1,5,5,1,1,0,1,0,1,17,0,0,6,6,6,13.0,0,0,6,6,6,12.5,0,15.5,2.8,-4.06,Graduate
1,1,2,12,1,1,1,13,14,10,8,1,0,0,1,1,1,19,0,0,8,8,7,14.935714285714283,0,0,8,8,7,14.935714285714283,0,10.8,1.4,1.74,Graduate
1,1,1,7,1,1,1,23,28,10,10,1,0,0,1,1,0,18,0,0,5,10,0,0.0,0,0,5,11,1,12.0,3,7.6,2.6,0.32,Dropout
1,1,1,9,1,1,1,1,14,8,8,0,0,0,1,1,1,18,0,0,5,10,4,10.8,0,0,5,10,4,11.75,0,15.5,2.8,-4.06,Enrolled
1,8,4,7,1,1,15,1,1,29,36,1,0,0,1,1,0,20,1,0,5,10,4,14.25,0,0,5,14,1,10.0,0,8.9,1.4,3.51,Enrolled
1,8,1,7,1,1,1,13,1,5,6,0,0,0,1,1,0,20,0,0,5,10,4,11.5,0,0,5,11,0,0.0,0,13.9,-0.3,0.79,Enrolled
1,1,1,12,1,1,1,13,14,10,10,0,0,0,1,0,1,19,0,0,7,10,7,15.114999999999998,0,0,8,10,8,15.092,0,15.5,2.8,-4.06,Graduate
1,8,1,9,1,1,1,13,1,8,5,1,0,0,1,1,0,20,0,0,5,8,3,11.0,0,0,5,11,3,12.0,0,10.8,1.4,1.74,Enrolled
2,4,1,10,1,3,1,22,14,5,6,0,0,0,1,0,0,38,0,0,6,17,4,13.75,0,0,6,15,6,14.5,0,16.2,0.3,-0.92,Graduate
1,8,1,2,1,1,1,22,27,10,10,0,0,0,1,1,0,22,0,0,0,0,0,0.0,0,0,0,0,0,0.0,0,12.7,3.7,-1.7,Graduate
1,12,1,12,1,1,1,22,27,10,10,0,0,0,1,1,0,34,0,0,7,15,6,11.333333333333334,0,0,7,16,4,12.6,0,16.2,0.3,-0.92,Enrolled
1,8,1,16,1,1,1,13,14,5,8,1,0,0,1,0,0,18,0,0,7,9,6,11.5,0,0,7,8,7,12.714285714285714,0,13.9,-0.3,0.79,Enrolled
1,3,4,16,1,1,1,3,28,4,9,1,0,0,1,0,0,21,0,0,6,9,5,12.6,0,0,6,9,3,11.666666666666666,0,9.4,-0.8,-3.12,Enrolled
1,8,5,16,1,1,1,13,28,5,9,1,0,0,1,0,1,18,0,0,6,8,6,11.666666666666666,0,0,6,9,4,12.0,0,10.8,1.4,1.74,Dropout
1,1,1,8,1,1,1,2,3,10,2,0,0,0,1,1,0,19,0,0,5,14,2,11.5,2,0,5,8,5,11.4,3,9.4,-0.8,-3.12,Enrolled
1,1,3,5,1,1,1,13,28,6,8,1,0,0,1,1,1,19,0,0,6,6,6,15.166666666666666,0,0,6,6,6,12.333333333333334,0,12.4,0.5,1.79,Graduate
1,1,1,15,1,1,1,1,3,4,8,1,0,0,1,1,1,18,0,0,6,7,6,11.666666666666666,0,0,6,12,5,10.2,0,12.4,0.5,1.79,Graduate
1,12,1,12,1,1,1,1,14,6,4,0,1,0,1,0,0,26,0,0,7,11,5,11.2,0,0,8,13,5,12.14,0,16.2,0.3,-0.92,Enrolled
1,9,3,6,1,1,18,1,1,10,10,1,0,0,1,0,1,18,1,0,5,9,4,12.0,0,0,5,8,5,13.0,0,10.8,1.4,1.74,Graduate
1,8,1,5,1,1,1,13,28,5,1,1,0,0,1,1,0,20,0,0,6,9,6,10.666666666666666,1,0,6,6,5,11.2,0,7.6,2.6,0.32,Graduate
1,12,1,4,1,1,1,1,3,10,11,0,0,1,0,1,0,44,0,2,7,14,4,12.0,2,0,6,16,0,0.0,1,15.5,2.8,-4.06,Dropout
6,12,1,12,1,1,1,22,27,10,10,0,0,0,1,0,0,36,0,0,7,12,4,11.5,0,0,7,14,3,12.333333333333334,0,16.2,0.3,-0.92,Dropout
1,14,1,17,0,1,1,22,27,10,10,1,0,0,1,0,0,22,0,9,15,17,15,11.2,0,9,14,15,14,12.428571428571429,0,7.6,2.6,0.32,Graduate
1,12,1,5,1,1,1,1,1,6,4,1,0,0,1,1,1,24,0,0,6,6,6,15.0,0,0,6,6,2,16.0,0,15.5,2.8,-4.06,Graduate
1,12,1,5,1,1,1,1,14,5,5,1,0,0,1,0,0,24,0,0,6,6,6,15.166666666666666,0,0,6,6,2,15.5,0,15.5,2.8,-4.06,Graduate
1,13,1,10,1,1,1,1,14,5,10,0,0,0,1,0,0,21,0,10,13,21,11,13.272727272727272,0,6,11,13,9,13.0,0,7.6,2.6,0.32,Graduate
1,15,1,4,1,14,1,13,14,10,8,1,0,1,1,1,0,21,0,0,6,7,6,15.285714285714286,0,0,6,6,6,15.166666666666666,0,12.4,0.5,1.79,Graduate
1,8,1,5,1,1,1,13,28,10,8,0,0,0,1,0,0,18,0,0,6,7,5,11.8,0,0,6,6,6,12.666666666666666,0,16.2,0.3,-0.92,Graduate
1,12,1,7,1,8,1,19,27,1,1,1,0,0,1,1,0,43,0,0,5,0,0,0.0,0,0,5,0,0,0.0,0,7.6,2.6,0.32,Dropout
2,12,1,17,0,1,1,19,24,1,1,1,0,0,1,0,0,46,0,0,5,5,0,0.0,0,0,5,5,0,0.0,0,7.6,2.6,0.32,Dropout
2,12,1,17,0,7,1,19,24,1,1,0,0,0,0,0,0,39,0,0,5,5,0,0.0,0,0,5,5,0,0.0,0,7.6,2.6,0.32,Dropout
1,8,1,15,1,1,1,13,14,5,5,1,0,0,1,0,0,20,0,0,6,9,6,11.666666666666666,0,0,6,8,5,11.6,0,7.6,2.6,0.32,Enrolled
1,15,1,6,1,14,1,1,1,5,8,1,0,1,1,0,0,22,0,2,6,9,6,12.0,0,1,6,12,3,12.0,0,13.9,-0.3,0.79,Dropout
1,17,1,14,1,16,1,1,14,10,10,0,0,0,1,1,1,23,0,0,6,7,5,13.0,0,0,6,7,6,12.857142857142858,0,8.9,1.4,3.51,Graduate
1,1,3,12,1,1,1,23,28,10,10,1,0,0,1,0,0,19,0,0,8,8,7,11.98857142857143,0,0,8,8,7,11.98857142857143,0,10.8,1.4,1.74,Graduate
1,8,1,11,1,1,1,3,14,5,5,0,0,0,1,1,0,21,0,0,6,7,5,11.0,0,0,6,7,5,12.4,0,15.5,2.8,-4.06,Graduate
1,8,1,6,1,1,1,1,27,10,10,1,0,0,1,0,1,18,0,0,5,7,4,13.25,0,0,5,8,5,15.571428571428571,0,10.8,1.4,1.74,Graduate
1,1,1,8,1,1,1,3,3,2,3,0,0,0,1,1,0,18,0,0,5,7,4,14.0,0,0,5,5,5,14.2,0,7.6,2.6,0.32,Graduate
1,9,2,10,1,1,1,13,27,6,8,1,0,0,1,1,1,20,0,1,7,9,6,12.0,0,2,6,6,6,11.166666666666666,0,10.8,1.4,1.74,Graduate
1,8,3,11,1,1,12,23,3,10,4,1,0,1,0,0,0,20,1,0,6,14,3,12.333333333333334,0,0,6,16,0,0.0,0,10.8,1.4,1.74,Dropout
1,12,1,11,1,1,1,3,14,4,6,0,0,0,0,1,0,24,0,0,6,0,0,0.0,0,0,6,0,0,0.0,0,11.1,0.6,2.02,Dropout
1,1,1,16,1,1,1,2,14,5,5,1,0,0,1,0,0,18,0,0,6,9,5,12.6,0,0,6,8,5,11.4,0,9.4,-0.8,-3.12,Enrolled
1,1,1,16,1,1,1,22,27,10,5,1,0,0,1,1,0,42,0,0,6,9,5,12.4,0,0,6,10,5,11.8,0,7.6,2.6,0.32,Enrolled
1,1,1,10,1,1,1,1,1,4,4,1,0,0,1,0,0,18,0,0,6,10,6,11.571428571428571,0,0,6,8,6,12.333333333333334,0,12.4,0.5,1.79,Graduate
1,8,1,10,1,1,1,1,14,5,10,1,0,0,1,0,0,19,0,0,6,7,6,12.857142857142858,0,0,6,7,6,13.666666666666666,0,13.9,-0.3,0.79,Graduate
1,8,2,11,1,1,1,13,14,10,8,1,0,1,1,0,0,21,0,0,6,0,0,0.0,0,0,6,0,0,0.0,0,11.1,0.6,2.02,Dropout
1,1,2,2,1,1,1,3,14,5,8,1,0,0,1,0,0,21,0,0,0,0,0,0.0,0,0,0,0,0,0.0,0,8.9,1.4,3.51,Dropout
1,8,6,15,1,1,1,19,24,1,1,0,0,0,1,1,0,18,0,0,6,0,0,0.0,0,0,6,0,0,0.0,0,7.6,2.6,0.32,Dropout
1,1,1,15,1,1,1,22,27,10,9,1,0,0,1,0,0,18,0,0,6,12,1,11.0,0,0,6,12,0,0.0,0,9.4,-0.8,-3.12,Enrolled
1,1,2,2,1,1,1,3,29,2,4,1,0,0,1,1,0,17,0,0,0,0,0,0.0,0,0,0,0,0,0.0,0,15.5,2.8,-4.06,Enrolled
1,1,1,10,1,1,1,19,24,1,1,0,0,0,1,0,0,19,0,0,6,8,6,11.5,0,0,6,7,6,11.166666666666666,0,7.6,2.6,0.32,Graduate
1,1,3,2,1,1,1,22,27,10,10,1,0,0,1,1,0,18,0,0,0,0,0,0.0,0,0,0,0,0,0.0,0,7.6,2.6,0.32,Graduate
1,1,1,12,1,1,1,23,14,10,6,1,0,0,1,0,1,20,0,0,8,8,7,15.798571428571426,0,0,8,8,7,15.798571428571426,0,10.8,1.4,1.74,Graduate
1,1,4,12,1,1,1,1,3,2,3,0,0,0,1,0,1,20,0,0,8,8,7,14.565714285714288,0,0,8,8,7,14.565714285714288,0,10.8,1.4,1.74,Graduate
1,8,1,5,1,1,1,23,28,10,10,0,0,0,1,0,0,20,0,0,6,6,6,14.5,0,0,6,7,6,13.5,0,11.1,0.6,2.02,Graduate
4,12,1,17,0,1,1,22,27,7,7,0,0,0,1,0,0,39,0,0,5,6,5,11.0,0,0,5,9,5,11.666666666666666,0,10.8,1.4,1.74,Graduate
1,4,1,4,1,3,1,1,28,10,8,1,0,0,0,1,0,32,0,11,17,31,11,12.727272727272728,4,10,12,24,10,12.7,1,15.5,2.8,-4.06,Dropout
1,15,1,6,1,14,1,23,1,6,6,0,0,0,1,0,0,20,0,0,5,10,2,14.5,1,0,5,7,4,11.25,0,12.7,3.7,-1.7,Enrolled
1,1,4,12,1,1,1,13,28,10,4,1,0,0,1,0,0,19,0,0,7,7,6,14.616666666666667,0,0,7,7,6,14.616666666666667,0,7.6,2.6,0.32,Graduate
1,1,1,2,1,1,1,13,27,8,8,1,0,0,1,1,0,19,0,0,0,0,0,0.0,0,0,0,0,0,0.0,0,9.4,-0.8,-3.12,Graduate
1,12,1,4,1,12,1,22,27,10,11,0,0,1,0,1,0,38,0,0,6,8,0,0.0,0,0,6,10,0,0.0,0,16.2,0.3,-0.92,Dropout
1,9,4,15,1,1,1,13,14,5,5,1,0,0,1,0,0,20,0,0,6,12,5,12.0,0,0,6,8,6,11.571428571428571,0,15.5,2.8,-4.06,Dropout
1,1,1,2,1,1,1,13,27,6,7,1,0,1,0,0,0,18,0,0,0,0,0,0.0,0,0,0,0,0,0.0,0,8.9,1.4,3.51,Dropout
1,1,4,10,1,1,1,23,1,5,11,1,0,0,1,0,0,19,0,0,6,8,6,11.666666666666666,0,0,6,6,6,12.333333333333334,0,10.8,1.4,1.74,Graduate
1,1,1,2,1,1,1,23,14,10,10,1,0,0,1,1,1,19,0,0,0,0,0,0.0,0,0,0,0,0,0.0,0,13.9,-0.3,0.79,Graduate
1,1,3,14,1,1,1,3,1,3,4,1,0,0,1,1,0,19,0,0,6,6,6,13.333333333333334,0,0,6,9,5,13.8,0,8.9,1.4,3.51,Graduate
1,9,1,17,0,1,1,28,30,3,3,0,0,0,1,1,0,22,0,0,5,0,0,0.0,0,0,5,0,0,0.0,0,8.9,1.4,3.51,Dropout
1,8,1,15,1,1,1,22,27,1,5,1,0,0,1,1,0,19,0,0,6,12,0,0.0,1,0,6,0,0,0.0,0,9.4,-0.8,-3.12,Dropout
1,1,1,12,1,1,1,1,1,6,6,1,0,0,1,1,0,18,0,0,7,7,7,16.142857142857142,0,0,8,9,0,0.0,0,16.2,0.3,-0.92,Dropout
1,1,6,12,1,1,1,13,14,10,6,1,0,0,1,0,0,18,0,0,8,8,7,13.414285714285716,0,0,8,8,7,13.414285714285716,0,12.7,3.7,-1.7,Dropout
1,14,1,12,1,1,1,1,1,8,5,1,0,0,1,1,0,22,0,0,8,9,8,12.55375,1,0,8,9,8,12.55375,1,9.4,-0.8,-3.12,Graduate
1,14,1,12,1,1,1,3,3,3,3,0,0,0,1,0,0,18,0,0,7,8,7,13.6125,0,0,8,8,8,14.575,0,13.9,-0.3,0.79,Graduate
1,14,1,15,1,1,1,23,27,10,6,1,0,0,1,0,0,20,0,0,6,6,6,11.833333333333334,0,0,6,7,6,12.857142857142858,0,15.5,2.8,-4.06,Graduate
1,14,1,12,1,1,1,23,14,6,9,0,0,0,1,0,1,19,0,0,7,9,6,13.0,0,0,8,11,8,13.927272727272726,0,16.2,0.3,-0.92,Graduate
1,8,1,16,1,1,1,3,3,3,3,1,0,0,0,0,0,29,0,0,6,9,6,16.333333333333332,0,0,6,8,5,15.6,0,12.7,3.7,-1.7,Dropout
1,8,1,2,1,1,1,1,1,10,10,1,0,0,1,1,0,18,0,0,0,0,0,0.0,0,0,0,0,0,0.0,0,12.7,3.7,-1.7,Dropout
4,12,1,15,1,13,1,13,14,8,10,0,0,0,1,0,0,40,0,0,6,8,5,13.0,0,0,6,7,5,12.6,0,16.2,0.3,-0.92,Enrolled
1,9,2,16,1,1,1,13,27,10,5,1,0,1,0,0,0,19,0,0,7,11,5,12.2,0,0,7,13,0,0.0,0,12.4,0.5,1.79,Dropout
1,15,1,6,1,14,1,1,29,4,10,1,0,0,1,0,0,20,0,1,6,9,6,12.666666666666666,0,1,6,10,4,11.5,0,13.9,-0.3,0.79,Enrolled
1,7,3,16,1,1,1,22,14,10,6,1,0,0,1,0,1,23,0,0,6,10,4,14.25,1,0,6,8,5,12.0,0,7.6,2.6,0.32,Enrolled
1,8,5,7,1,1,1,1,14,10,10,1,0,0,1,1,0,20,0,0,5,10,3,13.333333333333334,0,0,5,11,5,13.571428571428571,0,12.4,0.5,1.79,Graduate
1,1,2,10,1,1,1,22,28,5,8,1,0,0,1,0,0,19,0,0,6,0,0,0.0,0,0,6,0,0,0.0,0,16.2,0.3,-0.92,Dropout
1,8,2,12,1,1,1,22,27,8,8,1,0,0,1,0,1,18,0,0,7,10,5,11.94,0,0,7,8,6,12.8,0,11.1,0.6,2.02,Enrolled
1,1,4,12,1,1,1,1,14,10,8,1,0,0,1,0,1,19,0,0,7,8,7,12.285714285714286,0,0,8,10,8,11.7375,0,12.4,0.5,1.79,Graduate
1,13,1,7,1,1,1,1,1,6,8,0,0,0,0,1,0,34,0,2,7,13,5,12.0,0,2,7,7,3,11.0,0,15.5,2.8,-4.06,Dropout
1,1,4,12,1,1,1,1,27,5,8,1,0,0,1,0,1,19,0,0,8,8,7,13.6,0,0,8,8,7,13.6,0,12.7,3.7,-1.7,Graduate
1,14,6,10,1,1,1,19,24,1,1,0,0,0,1,0,1,23,0,15,16,18,16,13.0,0,11,13,15,13,13.266666666666667,0,9.4,-0.8,-3.12,Graduate
1,13,1,9,1,1,1,22,28,10,2,1,0,0,1,0,0,26,0,3,5,5,4,13.0,0,1,5,7,2,12.0,0,9.4,-0.8,-3.12,Enrolled
1,4,1,12,1,3,1,3,14,3,7,0,0,0,1,1,0,27,0,0,7,0,0,0.0,0,0,8,0,0,0.0,0,12.4,0.5,1.79,Dropout
1,8,2,10,1,1,1,1,3,4,5,1,0,0,1,0,0,18,0,0,6,6,6,16.5,0,0,6,7,6,17.428571428571427,0,11.1,0.6,2.02,Dropout
1,8,6,13,1,1,1,1,1,5,6,1,0,0,1,0,0,19,0,0,7,12,5,12.1,0,0,7,0,0,0.0,0,13.9,-0.3,0.79,Dropout
1,4,1,9,1,3,1,22,14,10,9,0,0,0,1,0,0,21,0,4,9,9,9,10.88888888888889,0,3,10,18,10,11.615384615384617,0,10.8,1.4,1.74,Graduate
2,12,1,17,0,1,1,23,14,5,9,0,0,0,1,0,0,33,0,0,5,5,5,12.8,0,0,5,6,5,15.333333333333334,0,10.8,1.4,1.74,Graduate
1,1,1,2,1,1,1,1,30,5,4,1,0,0,1,0,0,20,0,0,0,0,0,0.0,0,0,0,0,0,0.0,0,11.1,0.6,2.02,Graduate
1,1,2,15,1,1,1,13,14,6,7,0,0,0,1,0,0,19,0,0,6,6,6,15.0,0,0,6,7,6,14.0,0,15.5,2.8,-4.06,Enrolled
1,1,1,9,1,1,1,1,27,10,10,1,0,0,1,0,0,21,0,0,5,8,4,11.0,0,0,5,8,5,12.0,0,7.6,2.6,0.32,Enrolled
1,1,3,14,1,1,1,3,14,3,9,1,0,0,1,1,0,19,0,0,5,7,3,11.666666666666666,0,0,5,5,4,12.0,0,9.4,-0.8,-3.12,Enrolled
2,12,1,4,1,1,1,22,27,10,10,0,0,0,1,1,0,29,0,0,6,9,6,16.11111111111111,0,0,6,7,6,13.5,0,13.9,-0.3,0.79,Graduate
1,1,2,12,1,1,1,22,1,10,5,1,0,0,1,0,1,18,0,0,7,7,6,12.95,0,0,7,7,6,12.95,0,7.6,2.6,0.32,Graduate
1,8,2,5,1,1,1,22,27,10,10,1,1,0,1,1,1,25,0,0,6,8,4,10.25,0,0,6,6,4,11.25,0,12.7,3.7,-1.7,Dropout
1,1,1,15,1,1,1,13,1,6,11,1,0,0,1,0,0,18,0,0,6,6,6,14.0,0,0,6,6,6,13.5,0,11.1,0.6,2.02,Dropout
1,1,1,13,1,1,1,13,14,5,10,1,0,0,1,0,0,18,0,0,7,9,7,11.155555555555557,0,0,8,10,8,11.425,0,12.7,3.7,-1.7,Graduate
1,12,1,2,1,12,17,1,14,3,8,0,0,0,1,1,1,25,1,0,0,0,0,0.0,0,0,0,0,0,0.0,0,15.5,2.8,-4.06,Dropout
1,1,1,14,1,1,1,3,1,5,5,0,0,0,1,1,0,19,0,0,6,7,0,0.0,0,0,6,6,0,0.0,0,15.5,2.8,-4.06,Dropout
1,9,1,10,1,1,1,1,3,10,3,1,0,0,1,1,0,21,0,0,6,9,6,10.166666666666666,0,0,6,10,6,10.5,0,12.7,3.7,-1.7,Graduate
1,8,3,2,1,1,1,3,29,3,6,1,1,0,1,1,0,22,0,0,0,0,0,0.0,0,0,0,0,0,0.0,0,10.8,1.4,1.74,Enrolled
1,1,1,10,1,1,1,13,14,6,6,1,0,0,1,0,1,18,0,0,6,10,4,12.4,0,0,6,8,6,12.5,0,12.4,0.5,1.79,Graduate
1,12,1,4,1,1,1,23,27,10,5,0,0,0,1,1,0,30,0,0,6,10,6,11.375,0,0,6,10,5,11.6,0,13.9,-0.3,0.79,Graduate
1,1,1,12,1,1,1,1,27,10,10,0,0,0,1,0,0,18,0,0,8,8,7,14.2,0,0,8,8,7,14.2,0,12.7,3.7,-1.7,Graduate
1,9,2,13,1,1,1,3,3,3,3,0,0,0,1,1,0,18,0,0,7,11,6,13.433333333333332,0,0,7,10,4,13.6,0,8.9,1.4,3.51,Graduate
1,1,2,12,1,1,1,1,1,5,4,1,0,0,1,0,0,18,0,0,7,10,7,13.78,0,0,8,10,8,13.661,0,15.5,2.8,-4.06,Graduate
1,4,1,17,0,15,1,22,27,10,8,0,0,0,1,0,0,32,0,0,5,7,5,11.6,0,0,5,8,5,12.333333333333334,0,12.4,0.5,1.79,Graduate
1,12,1,13,1,1,1,13,28,10,9,0,0,0,1,0,0,24,0,0,7,15,5,12.4,0,0,8,14,7,12.15,0,12.4,0.5,1.79,Enrolled
1,8,4,13,1,1,1,1,1,5,11,1,0,0,1,0,0,20,0,0,7,7,7,12.5,0,0,8,8,8,13.1375,0,12.4,0.5,1.79,Graduate
1,8,4,12,1,1,1,4,4,5,5,1,0,0,1,0,0,19,0,0,7,7,7,14.757142857142856,0,0,8,9,8,15.366666666666667,0,12.4,0.5,1.79,Graduate
1,14,1,8,1,1,3,1,3,10,3,0,0,1,1,0,0,21,1,2,5,9,5,13.2,2,0,5,7,2,12.5,2,10.8,1.4,1.74,Enrolled
1,8,1,11,1,1,1,23,28,1,6,0,0,0,1,1,0,20,0,0,6,9,4,10.75,0,0,6,12,0,0.0,0,7.6,2.6,0.32,Dropout
1,14,1,12,1,1,1,23,14,10,11,0,0,0,1,0,0,23,0,0,7,11,6,12.1,0,0,7,7,6,12.616666666666667,0,16.2,0.3,-0.92,Enrolled
1,12,1,14,1,1,1,1,14,5,6,0,0,0,1,0,1,25,0,0,5,7,4,10.5,0,0,5,7,5,11.6,0,9.4,-0.8,-3.12,Graduate
1,1,1,11,1,1,1,13,28,10,10,1,0,0,1,1,0,23,0,0,6,8,6,12.666666666666666,0,0,6,10,5,12.2,0,7.6,2.6,0.32,Enrolled
1,12,1,7,1,12,1,22,27,10,5,0,0,1,0,1,0,28,0,0,5,10,0,0.0,0,0,5,7,0,0.0,0,12.4,0.5,1.79,Dropout
1,1,1,16,1,1,1,13,3,5,5,0,0,0,1,0,0,18,0,0,7,7,7,15.714285714285714,0,0,7,7,7,15.0,0,11.1,0.6,2.02,Graduate
1,12,1,13,1,12,1,27,1,4,8,0,0,0,1,1,0,37,0,0,7,15,0,0.0,0,0,7,13,0,0.0,1,11.1,0.6,2.02,Dropout
2,12,1,4,1,12,1,13,27,10,11,0,0,1,1,0,0,37,0,0,6,10,6,12.875,0,0,6,12,6,12.9,0,16.2,0.3,-0.92,Enrolled
2,12,1,4,1,12,1,22,14,10,5,0,0,1,1,0,0,29,0,0,6,11,5,12.6,0,0,6,6,6,12.666666666666666,0,11.1,0.6,2.02,Graduate
1,1,2,10,1,1,1,13,28,10,9,1,0,0,1,0,1,19,0,0,6,8,6,12.714285714285714,0,0,6,12,5,11.0,0,13.9,-0.3,0.79,Dropout
1,8,2,15,1,1,1,13,28,10,9,1,0,0,1,0,1,18,0,0,6,6,6,14.166666666666666,0,0,6,6,6,13.666666666666666,0,12.4,0.5,1.79,Graduate
1,1,3,13,1,1,1,13,14,4,11,1,0,0,1,0,1,20,0,0,7,7,7,13.0,0,0,8,8,8,15.0625,0,12.4,0.5,1.79,Graduate
1,1,1,12,1,1,1,1,14,10,11,1,0,0,1,0,0,19,0,0,7,7,7,13.79857142857143,0,0,8,8,8,14.75625,0,11.1,0.6,2.02,Graduate
1,1,1,10,1,1,1,1,14,5,8,1,0,0,1,0,1,18,0,0,6,6,6,13.166666666666666,0,0,6,7,6,14.142857142857142,0,11.1,0.6,2.02,Graduate
1,1,2,11,1,1,1,1,14,10,10,1,0,0,1,0,1,19,0,0,6,8,6,13.0,0,0,6,6,6,12.166666666666666,0,8.9,1.4,3.51,Graduate
1,1,5,12,1,1,1,22,27,10,6,1,0,0,1,0,1,19,0,0,7,10,7,14.368,0,0,8,8,8,14.44875,0,15.5,2.8,-4.06,Graduate
1,1,1,3,0,1,1,23,27,6,6,0,0,0,1,0,0,19,0,0,6,6,6,12.5,0,0,6,6,6,11.5,0,12.7,3.7,-1.7,Graduate
1,8,6,12,1,1,1,1,27,2,2,1,0,0,1,0,0,19,0,0,8,8,7,13.925714285714283,0,0,8,8,7,13.925714285714283,0,10.8,1.4,1.74,Graduate
1,1,1,2,1,1,1,13,27,8,8,1,0,0,0,0,0,19,0,0,0,0,0,0.0,0,0,0,0,0,0.0,0,10.8,1.4,1.74,Dropout
1,8,5,12,1,1,1,13,14,10,8,1,0,0,1,0,1,18,0,0,7,8,7,13.56875,0,0,8,8,8,14.02625,0,15.5,2.8,-4.06,Graduate
2,14,1,17,0,1,1,22,27,10,10,0,0,0,1,0,0,34,0,3,8,9,3,11.0,0,2,7,7,2,10.0,0,9.4,-0.8,-3.12,Dropout
1,1,1,11,1,1,1,13,1,10,9,1,0,0,1,0,1,18,0,0,6,7,6,12.857142857142858,0,0,6,10,4,13.0,0,12.7,3.7,-1.7,Graduate
1,12,1,6,1,9,1,23,14,10,9,1,0,1,0,1,0,25,0,0,6,6,0,0.0,0,0,6,6,0,0.0,0,8.9,1.4,3.51,Enrolled
1,1,5,7,1,1,1,23,14,6,4,0,0,0,1,0,0,18,0,0,5,11,0,0.0,0,0,5,8,0,0.0,0,9.4,-0.8,-3.12,Dropout
1,1,1,12,1,1,1,13,14,8,10,0,0,0,1,0,1,19,0,0,8,8,7,14.4,0,0,8,8,7,14.4,0,12.7,3.7,-1.7,Graduate
1,8,1,2,1,1,1,22,27,10,2,1,0,0,1,0,0,19,0,0,0,0,0,0.0,0,0,0,0,0,0.0,0,15.5,2.8,-4.06,Dropout
1,4,1,3,0,3,1,13,27,6,4,0,0,0,1,0,0,32,0,7,11,13,11,13.454545454545457,0,5,11,13,7,12.428571428571429,0,12.7,3.7,-1.7,Graduate
1,1,1,2,1,1,1,3,1,3,5,1,0,0,1,0,0,20,0,5,12,13,12,11.23076923076923,0,3,11,18,9,12.77777777777778,0,11.1,0.6,2.02,Graduate
1,1,1,5,1,1,1,22,1,10,9,1,0,0,1,1,0,22,0,0,6,9,6,14.666666666666666,0,0,6,12,6,14.666666666666666,0,12.7,3.7,-1.7,Graduate
1,8,1,8,1,1,1,13,7,6,4,0,0,0,1,0,0,19,0,0,5,8,3,12.0,0,0,5,7,5,12.833333333333334,0,7.6,2.6,0.32,Graduate
1,9,2,9,1,1,1,22,27,6,10,1,0,0,1,1,0,20,0,0,5,7,4,10.75,0,0,5,12,3,10.571428571428571,0,10.8,1.4,1.74,Dropout
4,12,1,4,1,9,1,22,27,10,7,0,0,0,1,0,0,43,0,13,18,19,18,14.63157894736842,0,10,13,14,13,14.23076923076923,1,15.5,2.8,-4.06,Graduate
1,8,2,10,1,1,1,2,1,4,5,1,0,0,1,0,0,19,0,0,6,14,1,11.5,0,0,6,12,2,10.5,0,7.6,2.6,0.32,Enrolled
1,15,1,10,1,14,1,1,1,10,4,1,0,0,1,0,0,20,0,3,6,6,6,12.833333333333334,0,2,6,6,6,13.833333333333334,0,12.4,0.5,1.79,Graduate
1,8,2,13,1,1,1,22,27,6,6,1,0,0,1,0,0,32,0,0,7,7,0,0.0,0,0,8,8,0,0.0,0,16.2,0.3,-0.92,Dropout
1,12,1,11,1,12,1,22,27,10,5,0,0,0,1,1,0,27,0,0,6,11,3,11.333333333333334,0,0,6,10,3,14.75,0,16.2,0.3,-0.92,Dropout
4,12,1,11,1,1,1,22,14,10,10,1,0,0,1,1,0,44,0,0,6,6,6,12.666666666666666,0,0,6,6,6,11.5,0,12.4,0.5,1.79,Graduate
1,16,1,7,1,1,1,1,14,4,6,1,0,0,1,1,0,20,0,4,9,12,9,13.454545454545457,0,2,7,9,6,13.875,0,11.1,0.6,2.02,Dropout
1,1,1,5,1,1,1,1,28,6,8,1,0,0,1,1,0,20,0,0,6,6,4,12.0,0,0,6,8,2,11.333333333333334,0,10.8,1.4,1.74,Enrolled
1,8,4,10,1,1,1,13,27,10,10,1,0,0,1,0,1,18,0,0,6,8,6,12.75,0,0,6,10,6,12.166666666666666,0,12.7,3.7,-1.7,Graduate
1,9,1,10,1,1,1,13,28,6,9,1,0,0,1,0,0,18,0,0,6,10,1,12.0,0,0,6,14,2,11.0,0,10.8,1.4,1.74,Enrolled
1,8,1,15,1,1,1,1,1,5,8,1,0,1,1,0,0,18,0,0,6,6,6,11.666666666666666,0,0,6,6,6,12.333333333333334,0,16.2,0.3,-0.92,Graduate
1,1,1,9,1,1,1,13,14,8,4,1,0,0,1,1,0,21,0,0,5,8,3,10.0,0,0,5,10,4,11.0,0,12.7,3.7,-1.7,Dropout
1,12,1,17,0,1,1,23,28,6,8,0,0,0,1,0,0,27,0,0,5,10,3,12.333333333333334,0,0,5,10,3,10.666666666666666,0,11.1,0.6,2.02,Graduate
1,1,4,11,1,1,1,1,28,6,7,1,0,0,1,0,1,18,0,0,6,7,6,12.285714285714286,0,0,6,6,6,12.0,0,8.9,1.4,3.51,Graduate
1,1,1,16,1,1,1,23,27,10,10,0,0,0,1,0,1,19,0,0,6,6,6,12.5,0,0,6,6,6,12.833333333333334,0,12.7,3.7,-1.7,Graduate
1,8,2,12,1,1,1,2,28,4,9,1,0,0,1,0,0,18,0,0,8,12,7,12.285714285714286,0,0,8,12,7,12.285714285714286,0,12.7,3.7,-1.7,Enrolled
1,12,1,7,1,1,1,22,14,10,4,0,0,0,1,1,1,28,0,0,5,16,3,14.333333333333334,0,0,5,9,5,12.428571428571429,0,9.4,-0.8,-3.12,Enrolled
2,12,1,8,1,1,1,1,14,7,7,1,0,0,1,1,0,37,0,1,5,12,3,12.0,2,1,5,8,4,13.0,1,10.8,1.4,1.74,Graduate
1,1,4,9,1,1,1,3,1,4,5,1,0,0,1,1,0,19,0,0,5,5,0,0.0,0,0,5,5,0,0.0,0,12.4,0.5,1.79,Dropout
1,12,1,17,0,1,1,3,1,4,10,0,0,0,1,0,0,27,0,0,5,5,0,0.0,0,0,5,6,0,0.0,0,12.4,0.5,1.79,Dropout
1,1,1,2,1,1,1,1,1,5,4,0,0,0,1,1,0,19,0,0,0,0,0,0.0,0,0,0,0,0,0.0,0,7.6,2.6,0.32,Graduate
1,8,2,15,1,1,14,13,1,10,10,1,0,0,0,0,0,21,1,0,6,6,6,14.0,0,0,6,6,6,13.5,0,8.9,1.4,3.51,Graduate
1,15,1,10,1,14,1,1,1,5,4,0,0,0,1,1,0,22,0,3,6,7,6,12.333333333333334,0,2,6,6,2,14.0,0,13.9,-0.3,0.79,Dropout
1,16,1,12,1,1,1,1,1,5,11,0,0,0,1,1,0,20,0,0,7,7,7,15.66,0,7,10,11,9,15.011111111111113,0,11.1,0.6,2.02,Graduate
1,15,1,8,1,14,1,1,14,5,9,0,0,0,1,0,0,19,0,0,6,0,0,0.0,0,0,6,0,0,0.0,0,12.7,3.7,-1.7,Dropout
1,12,1,17,0,1,1,1,1,5,11,0,0,0,1,1,0,24,0,0,5,5,4,12.0,0,0,5,6,5,12.666666666666666,0,12.4,0.5,1.79,Enrolled
5,12,1,17,0,1,1,22,27,10,10,0,0,0,1,1,1,37,0,0,5,8,5,13.0,0,0,5,11,4,13.333333333333334,2,16.2,0.3,-0.92,Dropout
1,1,2,15,1,1,1,23,28,10,10,1,0,0,1,0,1,19,0,0,6,7,5,11.4,0,0,6,8,5,12.8,0,12.7,3.7,-1.7,Graduate
1,1,1,10,1,1,1,1,14,5,5,0,0,0,1,0,0,19,0,0,6,7,6,12.285714285714286,0,0,6,7,6,12.0,0,12.4,0.5,1.79,Graduate
1,1,1,6,1,1,1,7,14,5,2,1,0,0,1,0,0,20,0,0,5,13,0,0.0,5,0,5,5,0,0.0,5,9.4,-0.8,-3.12,Dropout
1,1,1,16,1,1,1,23,27,6,6,0,0,0,1,0,0,19,0,0,6,9,4,12.5,0,0,6,9,5,12.5,0,9.4,-0.8,-3.12,Enrolled
4,12,1,3,0,1,1,22,27,6,6,0,0,0,1,0,1,38,0,4,9,13,8,12.88888888888889,0,2,7,9,7,13.0,0,13.9,-0.3,0.79,Graduate
1,1,1,10,1,1,1,13,28,6,7,0,0,0,1,0,1,22,0,0,6,10,5,10.714285714285714,0,0,6,10,5,12.2,0,12.7,3.7,-1.7,Graduate
1,1,1,10,1,1,1,1,1,10,5,1,0,1,0,0,1,22,0,0,6,0,0,0.0,0,0,6,0,0,0.0,0,12.4,0.5,1.79,Dropout
1,1,1,14,1,1,1,23,14,5,9,0,0,0,1,0,0,19,0,0,6,8,3,11.666666666666666,0,0,6,11,5,13.625,0,10.8,1.4,1.74,Enrolled
2,1,1,4,1,1,1,13,28,6,6,0,0,0,1,0,0,20,0,0,6,11,6,14.125,0,0,6,10,5,12.6,0,13.9,-0.3,0.79,Graduate
1,8,1,6,1,1,1,22,27,10,10,1,0,0,1,0,1,23,0,0,6,6,6,14.666666666666666,0,0,6,8,6,12.428571428571429,0,8.9,1.4,3.51,Graduate
1,8,1,14,1,1,1,1,1,4,4,1,0,0,1,0,1,18,0,0,6,7,6,13.833333333333334,0,0,6,11,6,13.5,0,8.9,1.4,3.51,Graduate
1,14,1,5,1,1,1,1,28,4,10,1,0,0,1,0,1,20,0,5,12,12,12,13.25,0,5,12,12,11,12.727272727272728,0,15.5,2.8,-4.06,Graduate
1,8,4,11,1,1,1,1,1,5,5,1,0,0,1,0,0,19,0,0,6,7,6,11.666666666666666,0,0,6,6,6,12.333333333333334,0,13.9,-0.3,0.79,Dropout
1,1,1,5,1,1,1,1,1,10,10,1,0,0,1,0,1,20,0,0,6,6,6,13.833333333333334,0,0,6,6,6,13.5,0,16.2,0.3,-0.92,Graduate
1,1,2,14,1,1,1,13,1,10,5,1,0,1,1,1,0,20,0,0,5,5,4,12.0,0,0,5,6,5,11.6,0,9.4,-0.8,-3.12,Dropout
1,1,2,5,1,1,1,13,14,4,4,1,1,0,0,1,0,19,0,0,6,9,4,12.5,0,0,6,6,0,0.0,0,9.4,-0.8,-3.12,Dropout
1,1,1,10,1,1,1,22,28,10,10,0,0,0,1,0,1,19,0,0,6,7,5,12.333333333333334,0,0,6,7,6,12.833333333333334,0,12.7,3.7,-1.7,Graduate
1,12,1,12,1,1,1,22,14,10,9,1,0,0,1,0,0,27,0,0,7,14,0,0.0,0,0,7,14,0,0.0,0,11.1,0.6,2.02,Dropout
2,12,1,16,1,9,1,22,27,8,9,0,0,0,1,0,0,41,0,0,6,0,0,0.0,0,0,6,0,0,0.0,0,16.2,0.3,-0.92,Dropout
2,12,1,4,1,3,1,3,14,5,7,0,0,0,1,1,0,32,0,0,6,8,6,18.875,0,6,12,14,12,17.692307692307693,0,16.2,0.3,-0.92,Graduate
1,14,1,12,1,1,16,1,1,7,7,0,0,0,1,0,0,39,1,0,7,0,0,0.0,0,0,8,0,0,0.0,0,12.7,3.7,-1.7,Dropout
1,12,1,12,1,1,1,22,27,10,10,0,0,0,1,1,0,36,0,0,7,0,0,0.0,0,0,8,0,0,0.0,0,12.4,0.5,1.79,Dropout
1,1,1,8,1,1,1,3,1,3,5,1,0,0,1,0,0,18,0,0,6,11,6,14.444444444444445,0,0,6,6,6,13.333333333333334,0,16.2,0.3,-0.92,Graduate
1,8,1,7,1,1,1,13,14,8,10,1,0,0,1,1,0,18,0,0,5,9,1,12.0,0,0,5,10,2,12.0,3,7.6,2.6,0.32,Dropout
1,1,1,8,1,1,1,13,27,10,9,1,0,0,1,1,0,18,0,0,5,5,5,15.4,0,0,5,5,5,15.6,0,12.7,3.7,-1.7,Dropout
1,8,3,9,1,1,1,1,14,6,8,0,0,0,1,0,0,20,0,0,5,11,4,11.0,0,0,5,7,5,13.2,0,12.4,0.5,1.79,Enrolled
1,4,2,6,1,3,1,3,3,2,2,0,0,0,0,0,0,28,0,0,5,9,1,12.0,1,0,4,10,0,0.0,4,10.8,1.4,1.74,Dropout
1,14,2,14,1,1,1,23,14,5,4,1,0,0,1,0,0,20,0,4,6,7,6,11.5,0,0,6,10,4,10.571428571428571,0,10.8,1.4,1.74,Dropout
2,12,1,17,0,1,1,22,27,2,5,1,0,0,0,1,0,40,0,0,5,10,2,10.5,0,0,5,5,3,10.666666666666666,0,9.4,-0.8,-3.12,Dropout
1,1,1,16,1,1,1,3,1,3,6,1,1,0,1,0,0,18,0,0,7,10,6,10.666666666666666,0,0,7,12,6,12.833333333333334,0,13.9,-0.3,0.79,Enrolled
4,13,1,12,1,12,1,1,1,6,6,1,0,0,1,1,0,29,0,2,7,10,5,11.9,0,1,8,10,5,11.0,0,13.9,-0.3,0.79,Dropout
1,1,1,10,1,1,1,22,14,10,4,1,0,0,1,0,1,19,0,0,6,6,6,13.0,0,0,6,6,6,14.166666666666666,0,12.4,0.5,1.79,Graduate
1,8,1,11,1,1,1,13,1,10,5,1,0,0,1,0,0,19,0,0,6,11,3,12.0,0,0,6,11,4,11.25,0,7.6,2.6,0.32,Dropout
1,8,1,10,1,1,1,13,14,6,5,0,0,0,1,0,1,18,0,0,6,8,5,10.8,0,0,6,9,6,10.5,0,12.4,0.5,1.79,Graduate
1,12,1,3,0,1,1,22,27,10,8,1,0,1,0,1,0,29,0,0,6,11,4,12.5,0,0,6,7,0,0.0,0,12.4,0.5,1.79,Dropout
1,1,2,12,1,1,1,13,14,8,6,1,0,0,1,0,0,18,0,0,7,8,7,14.13125,0,0,8,8,8,13.98375,0,15.5,2.8,-4.06,Graduate
1,9,1,12,1,1,1,13,3,5,10,0,0,0,1,1,0,19,0,0,8,8,7,13.614285714285714,0,0,8,8,7,13.614285714285714,0,12.7,3.7,-1.7,Graduate
1,14,1,6,1,1,1,3,3,3,6,0,0,0,1,0,0,21,0,0,6,11,4,11.75,0,0,6,12,3,13.666666666666666,0,13.9,-0.3,0.79,Enrolled
1,1,5,12,1,1,1,22,27,8,10,1,0,1,0,0,0,18,0,0,7,0,0,0.0,0,0,8,0,0,0.0,0,9.4,-0.8,-3.12,Dropout
1,8,2,15,1,1,1,1,1,6,6,1,0,0,1,0,1,22,0,0,6,11,5,12.0,0,0,6,11,5,11.0,0,7.6,2.6,0.32,Dropout
1,1,1,6,1,1,1,13,3,5,3,0,0,0,1,0,0,19,0,0,6,13,6,15.307692307692308,0,0,6,9,6,14.0,0,15.5,2.8,-4.06,Graduate
1,1,1,6,1,1,1,23,14,10,5,1,0,0,1,0,1,19,0,0,5,7,5,12.5,0,0,5,8,5,12.714285714285714,0,10.8,1.4,1.74,Graduate
1,1,4,12,1,1,1,13,28,5,9,1,0,0,1,0,1,21,0,0,7,7,6,14.033333333333331,0,0,7,7,6,14.033333333333331,0,7.6,2.6,0.32,Graduate
1,1,2,6,1,1,1,1,14,5,11,1,0,0,1,0,1,19,0,0,5,10,3,12.666666666666666,1,0,5,7,3,13.0,0,12.7,3.7,-1.7,Graduate
1,1,3,15,1,1,1,3,1,3,9,1,0,0,1,0,0,18,0,0,6,6,6,16.0,0,0,6,7,6,14.333333333333334,0,12.4,0.5,1.79,Graduate
1,1,1,10,1,1,1,4,1,6,6,0,0,0,1,0,0,18,0,0,6,7,6,13.833333333333334,0,0,6,7,6,13.714285714285714,0,11.1,0.6,2.02,Graduate
2,12,1,14,1,1,1,22,14,10,5,0,0,0,1,0,1,43,0,0,6,8,5,11.0,0,0,6,9,5,13.0,0,12.4,0.5,1.79,Graduate
1,7,4,11,1,1,1,23,27,10,8,1,0,0,1,0,1,21,0,0,6,7,6,13.571428571428571,0,0,6,6,6,12.5,0,8.9,1.4,3.51,Graduate
1,1,1,10,1,1,1,13,14,31,45,0,0,0,1,0,0,19,0,0,6,0,0,0.0,0,0,6,0,0,0.0,0,12.4,0.5,1.79,Dropout
1,12,1,4,1,1,1,13,14,10,10,0,0,0,1,0,0,25,0,0,6,6,0,0.0,0,0,6,6,0,0.0,0,11.1,0.6,2.02,Dropout
2,12,1,3,0,1,1,22,27,10,10,1,0,0,1,0,0,33,0,0,6,7,6,12.833333333333334,0,0,6,8,6,12.857142857142858,0,12.4,0.5,1.79,Graduate
1,8,1,14,1,1,1,3,3,2,2,0,0,0,1,1,0,18,0,0,6,0,0,0.0,0,0,6,0,0,0.0,0,15.5,2.8,-4.06,Dropout
2,14,1,3,0,1,1,19,24,1,1,0,0,0,1,0,0,45,0,10,12,12,9,12.444444444444445,3,4,7,8,6,12.0,0,9.4,-0.8,-3.12,Dropout
1,1,3,12,1,1,1,3,1,5,4,1,0,0,1,0,1,19,0,0,7,11,4,12.65,0,0,7,9,5,11.1,0,12.4,0.5,1.79,Enrolled
1,1,1,15,1,1,1,22,27,10,8,0,0,0,1,0,1,18,0,0,6,6,6,14.5,0,0,6,6,6,14.666666666666666,0,16.2,0.3,-0.92,Graduate
1,9,1,9,1,1,1,13,14,10,6,1,0,0,1,0,0,19,0,0,5,8,5,11.0,0,0,5,6,5,15.4,0,12.4,0.5,1.79,Graduate
1,8,1,10,1,1,1,13,1,6,1,1,0,0,1,0,0,18,0,0,6,8,6,15.375,0,0,6,7,6,16.428571428571427,0,16.2,0.3,-0.92,Graduate
1,14,2,10,1,1,1,19,21,1,6,1,0,0,1,1,0,22,0,0,6,11,0,0.0,0,0,5,10,0,0.0,0,9.4,-0.8,-3.12,Dropout
1,15,1,7,1,14,1,1,14,5,6,1,0,0,1,1,0,22,0,0,5,9,0,0.0,0,0,5,6,2,11.666666666666666,0,10.8,1.4,1.74,Enrolled
1,1,3,2,1,1,1,13,14,6,4,1,0,0,1,1,1,19,0,0,0,0,0,0.0,0,0,0,0,0,0.0,0,10.8,1.4,1.74,Graduate
1,8,3,13,1,1,1,13,28,10,8,0,0,0,1,0,1,18,0,0,7,9,7,12.855555555555556,0,0,8,8,8,13.9125,0,12.7,3.7,-1.7,Graduate
1,12,1,3,0,15,1,13,27,6,10,0,0,0,1,0,0,37,0,7,11,11,11,13.727272727272728,0,4,8,8,8,14.75,0,12.4,0.5,1.79,Graduate
1,12,1,13,1,12,1,13,1,8,11,0,0,0,1,1,0,25,0,0,7,14,4,12.95,1,0,7,11,4,13.125,1,15.5,2.8,-4.06,Dropout
4,12,1,17,0,1,1,13,14,10,4,1,0,0,1,0,0,39,0,0,5,8,5,11.0,0,0,5,5,5,11.6,0,7.6,2.6,0.32,Graduate
1,12,1,3,0,1,1,13,27,8,9,0,0,1,0,0,0,31,0,0,6,14,2,10.5,0,0,6,6,3,12.333333333333334,0,11.1,0.6,2.02,Dropout
1,1,1,9,1,1,1,23,14,6,8,0,0,0,1,1,0,19,0,0,5,6,5,11.2,0,0,5,5,5,13.2,0,12.4,0.5,1.79,Graduate
