1,1,1,10,1,1,1,13,14,10,10,1,0,0,1,1,0,19,0,0,6,9,4,11.5,0,0,6,12,3,11.0,0,8.9,1.4,3.51,Dropout
1,12,1,7,1,12,1,1,14,5,6,0,0,0,1,1,0,25,0,0,5,13,1,11.0,0,0,5,11,1,10.0,0,13.9,-0.3,0.79,Enrolled
1,1,4,12,1,1,1,22,27,10,10,1,0,0,1,0,0,30,0,0,7,7,7,14.692857142857145,0,0,8,8,8,14.9625,0,12.4,0.5,1.79,Graduate
1,1,1,16,1,1,1,13,28,10,10,0,0,0,1,0,1,19,0,0,7,10,6,13.0,0,0,7,7,7,13.285714285714286,0,12.4,0.5,1.79,Graduate
1,15,1,4,1,14,1,1,1,4,11,0,0,0,1,1,0,22,0,4,10,21,5,11.4,1,2,7,13,6,11.666666666666666,0,15.5,2.8,-4.06,Dropout
1,1,4,10,1,1,1,1,14,5,6,1,0,0,1,0,0,19,0,0,6,6,6,13.0,0,0,6,8,5,13.4,0,8.9,1.4,3.51,Graduate
1,12,1,10,1,12,1,22,27,10,10,0,0,1,0,1,0,33,0,0,6,8,0,0.0,0,0,5,6,0,0.0,0,16.2,0.3,-0.92,Dropout
1,8,1,10,1,1,1,13,28,4,4,1,0,0,0,0,0,19,0,0,6,13,4,11.0,0,0,6,13,2,11.5,0,12.7,3.7,-1.7,Dropout
1,17,1,5,1,16,1,25,14,4,6,1,0,0,0,0,1,22,0,0,6,8,6,11.0,0,0,6,10,4,12.0,0,8.9,1.4,3.51,Enrolled
1,1,1,5,1,1,1,1,1,4,6,1,0,0,1,0,1,20,0,0,6,6,6,12.666666666666666,0,0,6,8,6,13.0,0,10.8,1.4,1.74,Graduate
1,15,1,6,1,14,1,3,3,5,3,1,0,0,1,0,0,19,0,0,6,8,4,14.4,0,0,6,6,5,13.0,0,13.9,-0.3,0.79,Graduate
1,9,1,15,1,1,1,1,1,4,4,0,0,0,1,0,1,18,0,0,6,6,6,12.666666666666666,0,0,6,6,6,11.833333333333334,0,12.7,3.7,-1.7,Dropout
6,8,3,3,0,1,1,13,1,6,12,0,0,0,0,0,0,24,0,0,5,5,0,0.0,0,0,5,10,0,0.0,0,10.8,1.4,1.74,Dropout
1,12,1,3,0,1,1,22,9,10,11,0,0,0,1,0,0,27,0,0,6,8,5,11.0,0,0,6,7,6,11.166666666666666,0,11.1,0.6,2.02,Graduate
2,4,1,9,1,3,1,22,27,10,10,0,0,0,1,0,0,33,0,3,8,9,5,12.6,2,2,7,13,5,11.25,0,10.8,1.4,1.74,Enrolled
1,1,5,14,1,1,1,13,14,8,4,0,0,0,1,1,0,19,0,0,5,5,4,12.5,0,0,5,5,4,14.25,0,7.6,2.6,0.32,Graduate
1,4,1,12,1,3,1,1,1,10,6,0,0,0,1,0,0,33,0,2,7,8,6,14.35,0,3,8,10,6,14.583333333333334,0,16.2,0.3,-0.92,Dropout
2,4,1,5,1,17,1,22,1,10,8,0,0,0,1,0,0,33,0,0,6,7,6,15.0,0,0,6,8,3,11.0,0,11.1,0.6,2.02,Graduate
1,1,5,12,1,1,1,22,14,5,5,1,0,0,1,1,0,18,0,0,7,0,0,0.0,0,0,8,0,0,0.0,0,7.6,2.6,0.32,Dropout
1,1,1,2,1,1,1,17,28,10,9,1,0,0,1,1,0,20,0,0,0,0,0,0.0,0,0,0,0,0,0.0,0,7.6,2.6,0.32,Graduate
1,1,1,14,1,1,1,13,14,6,10,1,0,0,1,0,1,18,0,0,6,6,6,13.5,0,0,6,9,6,13.666666666666666,0,10.8,1.4,1.74,Graduate
1,14,2,16,1,1,1,13,1,6,5,1,0,0,1,0,0,20,0,0,6,10,4,12.25,0,0,6,8,4,11.5,0,10.8,1.4,1.74,Enrolled
1,8,3,5,1,1,1,23,1,6,6,0,1,0,1,0,0,18,0,0,6,0,0,0.0,0,0,6,0,0,0.0,0,15.5,2.8,-4.06,Dropout
1,1,1,5,1,1,1,23,27,4,4,0,0,0,1,1,0,18,0,0,6,6,6,14.0,0,0,6,7,6,13.857142857142858,0,8.9,1.4,3.51,Graduate
1,8,2,14,1,1,1,1,14,6,4,1,0,0,1,1,0,21,0,0,5,7,3,12.333333333333334,0,0,5,5,4,11.25,0,7.6,2.6,0.32,Dropout
1,8,2,7,1,1,1,1,14,10,9,0,0,0,1,1,1,18,0,0,5,8,4,13.5,0,0,6,10,6,13.625,0,11.1,0.6,2.02,Enrolled
1,1,3,12,1,1,1,1,1,5,5,1,0,0,1,1,0,18,0,0,8,8,7,12.365714285714288,0,0,8,8,7,12.365714285714288,0,10.8,1.4,1.74,Graduate
1,1,1,16,1,1,1,23,27,10,10,1,0,0,1,0,1,19,0,0,7,7,7,13.285714285714286,0,0,7,7,7,14.428571428571429,0,11.1,0.6,2.02,Graduate
1,8,4,5,1,1,1,1,3,4,4,0,0,0,1,0,1,18,0,0,6,9,5,11.6,0,0,6,8,4,11.2,0,8.9,1.4,3.51,Enrolled
1,15,1,8,1,14,1,3,4,3,3,1,0,0,1,1,0,20,0,0,6,15,4,10.75,0,0,6,12,2,10.5,0,13.9,-0.3,0.79,Dropout
1,7,3,5,1,1,1,1,28,5,9,1,0,0,1,0,0,19,0,0,6,6,6,15.333333333333334,0,0,6,9,6,15.833333333333334,0,12.7,3.7,-1.7,Graduate
1,12,1,11,1,1,1,3,1,4,5,0,0,0,1,1,0,28,0,0,6,10,6,13.0,0,0,6,8,5,12.2,0,13.9,-0.3,0.79,Graduate
1,8,3,12,1,1,1,23,1,10,6,1,0,0,1,0,0,18,0,0,8,8,7,14.652857142857142,0,0,8,8,7,14.652857142857142,0,10.8,1.4,1.74,Graduate
1,1,3,15,1,1,1,3,28,3,11,1,0,0,1,0,0,19,0,0,6,8,6,13.166666666666666,0,0,6,7,6,13.166666666666666,0,10.8,1.4,1.74,Dropout
1,1,1,12,1,1,1,13,1,12,12,0,0,0,1,1,0,18,0,0,8,8,0,0.0,3,0,8,8,0,0.0,3,10.8,1.4,1.74,Dropout
1,12,2,13,1,1,1,22,14,10,9,0,0,0,1,1,1,24,0,0,7,13,6,10.857142857142858,0,0,7,7,7,11.857142857142858,0,12.7,3.7,-1.7,Enrolled
1,8,1,11,1,1,1,1,1,5,9,0,0,0,1,1,0,20,0,0,6,7,6,13.714285714285714,0,0,6,8,6,14.714285714285714,0,16.2,0.3,-0.92,Graduate
2,12,1,17,0,1,1,1,4,5,3,0,0,0,1,1,0,34,0,0,5,5,5,14.2,0,0,5,5,5,14.6,0,12.7,3.7,-1.7,Enrolled
1,1,3,6,1,1,1,23,1,10,10,1,0,0,1,0,1,18,0,0,5,8,3,15.0,2,0,5,9,3,11.666666666666666,0,9.4,-0.8,-3.12,Dropout
1,1,4,12,1,1,1,13,14,4,4,1,0,0,1,0,0,19,0,0,7,12,4,12.85,0,0,7,7,7,12.62142857142857,0,11.1,0.6,2.02,Enrolled
1,1,1,12,1,1,1,22,27,10,10,1,0,0,1,0,0,18,0,0,7,7,6,15.2,0,0,7,7,6,15.2,0,7.6,2.6,0.32,Graduate
1,1,1,11,1,1,1,22,27,10,10,0,0,0,1,1,1,19,0,0,6,7,6,11.166666666666666,0,0,6,12,3,11.666666666666666,0,10.8,1.4,1.74,Enrolled
1,15,1,2,1,14,1,22,27,6,7,0,0,0,0,0,0,26,0,4,9,9,4,11.25,0,3,10,12,3,11.0,0,12.4,0.5,1.79,Dropout
1,12,1,6,1,1,1,22,14,10,8,1,0,0,1,0,0,28,0,0,5,13,4,11.25,1,0,5,11,4,10.5,0,12.7,3.7,-1.7,Enrolled
1,12,1,17,0,1,1,13,28,10,9,0,1,0,1,0,0,24,0,0,5,7,3,10.666666666666666,0,0,5,7,3,10.5,0,10.8,1.4,1.74,Dropout
1,1,1,15,1,1,1,1,28,9,9,1,0,0,1,0,1,18,0,0,6,6,6,13.833333333333334,0,0,6,6,6,14.0,0,11.1,0.6,2.02,Dropout
5,14,1,17,0,3,1,3,3,2,2,0,0,0,1,0,0,41,0,5,10,14,10,14.636363636363637,0,5,10,13,10,14.6,0,16.2,0.3,-0.92,Graduate
1,14,2,15,1,1,1,19,24,1,1,1,0,0,1,0,0,27,0,4,8,11,7,13.285714285714286,0,4,7,13,5,11.6,0,9.4,-0.8,-3.12,Dropout
1,14,1,12,1,1,1,22,27,10,8,1,0,0,1,0,1,18,0,0,7,8,5,12.86,0,0,7,8,5,12.86,0,7.6,2.6,0.32,Enrolled
1,1,1,5,1,1,14,22,14,10,9,1,0,0,1,0,1,19,1,0,6,6,6,14.166666666666666,0,0,6,6,6,13.5,0,11.1,0.6,2.02,Graduate
1,8,2,6,1,1,1,1,14,5,10,1,0,0,1,0,0,19,0,0,5,13,3,12.0,2,0,5,8,4,11.75,0,9.4,-0.8,-3.12,Enrolled
1,1,3,12,1,1,1,23,28,6,8,1,0,0,1,0,1,18,0,0,8,11,7,12.90857142857143,0,0,8,11,7,12.90857142857143,0,10.8,1.4,1.74,Graduate
1,8,1,10,1,1,1,22,27,8,8,1,0,0,1,1,0,18,0,0,6,10,4,12.0,0,0,6,7,5,11.8,0,9.4,-0.8,-3.12,Dropout
1,8,1,10,1,1,1,22,28,10,9,1,0,0,1,0,1,18,0,0,6,6,6,15.166666666666666,0,0,6,7,6,14.142857142857142,0,11.1,0.6,2.02,Graduate
1,1,4,12,1,1,1,23,27,10,9,1,0,0,1,0,1,19,0,0,7,7,6,15.433333333333332,0,0,7,7,6,15.433333333333332,0,7.6,2.6,0.32,Graduate
1,1,1,2,1,1,1,13,14,10,10,1,0,1,1,0,0,20,0,0,0,0,0,0.0,0,0,0,0,0,0.0,0,16.2,0.3,-0.92,Dropout
1,9,4,6,1,1,1,1,1,5,6,0,0,1,0,0,1,20,0,2,5,8,5,14.4,1,0,5,6,5,14.0,0,12.7,3.7,-1.7,Dropout
1,1,1,12,1,1,1,23,27,10,10,0,0,0,1,0,1,19,0,0,8,12,7,12.471428571428572,0,0,8,12,7,12.471428571428572,0,12.7,3.7,-1.7,Graduate
1,1,6,11,1,1,1,23,14,10,6,1,0,0,1,0,0,18,0,0,6,11,6,12.0,0,0,6,11,4,12.5,0,8.9,1.4,3.51,Graduate
1,1,4,9,1,1,1,23,28,6,11,0,0,0,1,1,0,20,0,0,5,8,5,10.2,0,0,5,7,5,11.2,0,12.4,0.5,1.79,Enrolled
4,12,2,14,1,12,1,13,1,12,12,0,0,0,0,1,0,34,0,0,6,6,0,0.0,0,0,6,9,0,0.0,0,10.8,1.4,1.74,Dropout
1,7,2,12,1,1,1,2,28,5,10,1,0,0,1,0,1,19,0,0,8,12,7,12.599999999999998,0,0,8,12,7,12.599999999999998,0,10.8,1.4,1.74,Graduate
1,1,1,2,1,1,1,22,27,10,10,1,0,0,1,0,0,18,0,0,0,0,0,0.0,0,0,0,0,0,0.0,0,7.6,2.6,0.32,Graduate
1,1,1,11,1,1,1,13,14,10,10,1,0,0,1,0,0,24,0,0,6,9,4,12.6,0,0,6,6,4,11.5,0,12.7,3.7,-1.7,Dropout
1,8,4,12,1,1,1,4,1,3,2,1,0,0,1,0,0,18,0,0,8,8,0,0.0,5,0,8,8,0,0.0,5,9.4,-0.8,-3.12,Enrolled
1,1,1,10,1,1,1,1,1,5,5,0,0,0,1,1,0,19,0,0,6,12,4,12.25,0,0,6,9,6,11.0,0,9.4,-0.8,-3.12,Graduate
1,4,1,9,1,15,1,22,27,10,10,0,0,0,1,0,0,52,0,11,15,26,14,10.466666666666669,0,9,12,16,12,10.923076923076923,0,13.9,-0.3,0.79,Graduate
1,14,1,17,0,1,1,22,27,10,10,0,0,0,0,1,0,32,0,5,9,9,5,11.4,0,4,4,4,4,11.0,0,10.8,1.4,1.74,Dropout
1,8,1,11,1,1,1,1,1,10,10,0,0,0,1,0,1,19,0,0,6,8,6,11.166666666666666,0,0,6,7,4,13.4,0,16.2,0.3,-0.92,Graduate
1,1,1,10,1,1,1,1,27,6,8,0,0,0,1,0,1,19,0,0,6,8,6,12.25,0,0,6,8,6,12.0,0,16.2,0.3,-0.92,Graduate
4,14,1,17,0,1,1,22,27,7,7,0,0,0,1,0,0,31,0,7,14,19,13,11.357142857142858,0,9,14,14,13,12.0,1,9.4,-0.8,-3.12,Graduate
1,8,3,12,1,1,1,1,1,10,10,1,0,0,1,0,1,18,0,0,7,7,7,14.868571428571428,0,0,8,9,8,15.11111111111111,0,11.1,0.6,2.02,Graduate
1,14,1,14,1,1,1,1,28,5,5,0,0,1,0,0,0,19,0,0,6,13,3,10.666666666666666,0,0,6,6,4,12.25,0,15.5,2.8,-4.06,Dropout
2,14,1,3,0,1,1,22,27,6,6,0,0,0,1,1,0,47,0,0,6,9,6,12.142857142857142,0,0,6,6,0,0.0,0,16.2,0.3,-0.92,Dropout
1,9,1,16,1,1,1,13,28,5,1,1,0,0,1,0,0,19,0,0,7,10,6,12.166666666666666,0,0,7,9,6,13.166666666666666,0,12.4,0.5,1.79,Graduate
1,14,1,2,1,2,1,22,27,10,10,1,0,0,1,0,0,34,0,0,0,0,0,0.0,0,0,0,0,0,0.0,0,10.8,1.4,1.74,Dropout
2,1,4,12,1,1,1,1,27,5,10,0,0,0,1,0,1,18,0,0,7,7,6,14.066666666666668,0,0,7,7,6,14.066666666666668,0,7.6,2.6,0.32,Graduate
1,14,1,11,1,6,1,19,24,1,1,1,0,0,1,1,0,20,0,0,6,10,4,11.5,0,0,6,11,3,11.666666666666666,0,7.6,2.6,0.32,Dropout
1,8,6,13,1,1,1,13,2,6,4,1,0,0,1,0,0,20,0,0,7,7,7,13.785714285714286,0,0,8,8,8,14.1,0,12.4,0.5,1.79,Graduate
1,12,1,10,1,7,1,19,24,1,1,0,0,0,1,0,0,47,0,0,6,12,0,0.0,0,0,5,10,0,0.0,0,7.6,2.6,0.32,Dropout
1,15,1,4,1,14,1,4,4,5,3,1,0,0,1,1,0,22,0,0,6,13,5,13.0,0,0,6,13,2,11.5,0,12.4,0.5,1.79,Enrolled
1,8,5,16,1,1,1,23,28,10,8,1,0,0,1,0,0,19,0,0,6,11,4,13.25,0,0,6,10,4,10.25,0,9.4,-0.8,-3.12,Dropout
1,12,1,10,1,9,1,22,27,10,10,0,0,0,1,1,0,47,0,3,9,9,9,13.11111111111111,0,3,7,7,7,14.857142857142858,0,10.8,1.4,1.74,Graduate
1,1,1,10,1,1,1,13,28,8,8,0,0,0,1,0,1,19,0,0,6,9,5,10.8,0,0,6,8,6,10.714285714285714,0,15.5,2.8,-4.06,Graduate
1,8,5,10,1,1,1,22,27,8,6,1,0,0,1,0,1,19,0,0,6,8,6,12.125,0,0,6,7,6,12.714285714285714,0,16.2,0.3,-0.92,Graduate
1,1,1,10,1,1,1,13,1,5,4,1,0,0,1,0,0,20,0,0,6,7,6,11.666666666666666,0,0,6,10,6,11.333333333333334,0,7.6,2.6,0.32,Graduate
1,1,2,6,1,1,1,3,3,6,3,1,0,0,1,0,0,18,0,0,6,7,6,16.571428571428573,0,0,6,6,6,15.666666666666666,0,13.9,-0.3,0.79,Graduate
1,1,1,15,1,1,1,13,27,10,7,1,0,0,1,0,1,19,0,0,6,6,6,13.0,0,0,6,7,6,13.0,0,10.8,1.4,1.74,Graduate
1,15,1,3,0,14,1,22,28,7,7,1,0,0,1,0,0,23,0,5,9,10,9,10.88888888888889,0,3,8,10,6,11.333333333333334,0,11.1,0.6,2.02,Graduate
1,8,4,12,1,1,1,1,1,4,4,1,0,0,1,0,0,23,0,0,7,7,6,13.796666666666669,0,0,8,11,7,13.775,0,12.4,0.5,1.79,Graduate
1,1,1,2,1,1,1,1,1,8,5,1,0,1,1,1,0,23,0,13,17,19,13,12.153846153846152,0,10,17,28,11,11.909090909090908,1,11.1,0.6,2.02,Enrolled
2,12,1,3,0,9,1,22,27,10,2,0,0,0,1,0,0,46,0,0,6,13,3,12.333333333333334,0,0,6,6,6,13.333333333333334,0,11.1,0.6,2.02,Graduate
1,15,1,4,1,14,1,13,28,10,11,0,0,0,1,1,0,19,0,0,6,15,3,13.25,0,0,6,9,1,12.0,0,13.9,-0.3,0.79,Dropout
1,1,4,5,1,1,1,1,1,10,8,1,0,0,1,0,1,18,0,0,6,6,6,14.5,0,0,6,6,6,12.833333333333334,0,12.4,0.5,1.79,Dropout
1,1,4,2,1,1,1,13,14,5,5,1,1,0,1,0,0,22,0,0,0,0,0,0.0,0,0,0,0,0,0.0,0,16.2,0.3,-0.92,Graduate
1,8,1,3,0,1,1,19,24,1,1,1,0,0,1,0,0,26,0,4,7,15,7,11.571428571428571,0,2,6,14,2,11.0,0,7.6,2.6,0.32,Dropout
1,1,1,2,1,1,1,13,14,8,8,1,0,0,1,0,1,18,0,0,0,0,0,0.0,0,0,0,0,0,0.0,0,13.9,-0.3,0.79,Graduate
1,8,1,4,1,1,1,23,27,10,10,1,0,0,1,0,0,21,0,12,18,22,18,11.88888888888889,1,11,13,13,13,11.461538461538462,0,15.5,2.8,-4.06,Graduate
1,12,1,17,0,1,1,23,14,10,6,0,0,1,1,0,0,25,0,0,5,10,4,11.25,0,0,5,9,4,12.0,0,12.7,3.7,-1.7,Enrolled
1,1,2,6,1,1,1,1,28,10,9,1,0,0,1,0,1,18,0,0,6,7,6,13.833333333333334,0,0,6,10,6,13.714285714285714,0,8.9,1.4,3.51,Graduate
1,14,1,17,0,3,1,22,27,10,10,0,0,0,1,0,0,37,0,7,14,21,12,11.833333333333334,0,11,12,15,11,11.363636363636363,0,12.7,3.7,-1.7,Graduate
1,1,1,9,1,1,1,1,3,10,6,0,0,0,1,1,0,20,0,0,5,5,0,0.0,0,0,5,5,0,0.0,0,12.7,3.7,-1.7,Dropout
1,12,1,4,1,1,1,1,3,3,7,0,0,0,1,1,0,32,0,8,18,27,13,13.714285714285714,1,7,12,18,12,12.083333333333334,0,15.5,2.8,-4.06,Graduate
1,15,1,4,1,14,1,13,14,6,6,1,0,0,1,1,0,20,0,0,6,8,6,14.5,0,0,6,10,6,15.3,0,16.2,0.3,-0.92,Graduate
1,1,1,14,1,1,1,1,3,5,4,1,0,0,1,0,0,19,0,0,6,6,6,13.333333333333334,0,0,6,8,5,12.8,0,8.9,1.4,3.51,Dropout
1,12,1,4,1,1,1,13,1,10,7,1,0,0,0,1,0,27,0,0,6,6,0,0.0,0,0,6,8,0,0.0,0,15.5,2.8,-4.06,Dropout
1,1,1,6,1,1,1,1,14,5,10,1,0,0,1,0,0,24,0,0,5,6,5,13.0,1,0,5,9,4,13.25,0,12.7,3.7,-1.7,Graduate
1,8,3,9,1,1,1,1,1,4,4,1,0,0,1,1,0,19,0,0,5,7,5,10.2,0,0,5,6,4,10.5,0,12.4,0.5,1.79,Graduate
1,12,1,3,0,1,1,22,27,10,8,0,0,0,1,0,0,49,0,0,6,9,5,12.333333333333334,0,0,6,12,4,11.5,0,13.9,-0.3,0.79,Enrolled
1,1,1,15,1,1,1,23,14,10,10,1,0,0,1,0,0,18,0,0,6,6,6,12.833333333333334,0,0,6,6,6,13.833333333333334,0,8.9,1.4,3.51,Graduate
1,1,1,14,1,1,1,1,1,6,5,1,0,0,1,0,1,20,0,0,6,9,5,13.0,0,0,6,6,5,13.8,0,12.4,0.5,1.79,Graduate
1,8,1,8,1,1,1,13,14,4,11,1,0,0,1,1,0,19,0,0,5,11,2,10.5,2,0,5,9,0,0.0,3,10.8,1.4,1.74,Dropout
1,1,4,5,1,1,1,3,14,2,6,1,0,0,1,0,0,19,0,0,6,6,6,14.666666666666666,0,0,6,6,6,13.166666666666666,0,9.4,-0.8,-3.12,Graduate
1,1,3,2,1,1,1,23,27,10,4,1,0,1,0,1,1,19,0,0,0,0,0,0.0,0,0,0,0,0,0.0,0,9.4,-0.8,-3.12,Dropout
1,14,2,10,1,1,1,23,28,6,6,0,0,0,1,0,1,19,0,0,6,8,6,11.428571428571429,0,0,6,11,5,11.2,0,10.8,1.4,1.74,Graduate
1,1,1,9,1,1,1,23,1,6,6,1,0,0,1,1,1,22,0,0,5,8,5,11.2,0,0,5,13,4,11.25,0,12.7,3.7,-1.7,Graduate
1,1,1,10,1,1,1,13,28,10,10,0,1,0,1,0,1,19,0,0,6,12,4,10.4,0,0,6,11,4,10.75,0,12.4,0.5,1.79,Enrolled
1,12,1,17,0,9,1,22,27,10,10,0,0,0,1,1,0,38,0,0,5,11,2,10.5,0,0,5,9,3,11.333333333333334,1,7.6,2.6,0.32,Enrolled
1,14,1,9,1,1,1,1,14,10,11,0,0,0,1,0,1,18,0,0,5,9,5,13.2,0,0,5,13,5,14.4,5,16.2,0.3,-0.92,Graduate
1,1,3,15,1,1,1,23,14,8,8,1,0,1,0,0,0,19,0,0,6,7,6,12.166666666666666,0,0,6,10,2,10.333333333333334,0,16.2,0.3,-0.92,Dropout
1,14,1,17,0,1,1,1,1,7,7,0,0,0,1,1,0,34,0,0,5,5,5,13.8,0,0,5,6,5,13.833333333333334,0,9.4,-0.8,-3.12,Graduate
1,8,1,7,1,1,1,23,14,8,4,1,0,1,1,1,0,20,0,0,5,5,0,0.0,0,0,5,5,0,0.0,5,9.4,-0.8,-3.12,Dropout
1,1,1,15,1,1,1,1,3,4,4,1,0,0,1,0,0,18,0,0,6,8,6,11.428571428571429,0,0,6,7,6,11.0,0,11.1,0.6,2.02,Dropout
1,1,1,5,1,1,1,1,1,2,2,1,0,0,1,0,0,20,0,0,6,6,6,12.833333333333334,0,0,6,10,6,11.166666666666666,0,12.4,0.5,1.79,Graduate
1,8,4,12,1,1,1,22,27,6,6,1,0,0,1,0,0,21,0,0,7,7,7,14.428571428571429,0,0,8,9,8,14.511111111111113,0,16.2,0.3,-0.92,Graduate
1,8,2,11,1,1,1,1,14,5,7,0,0,0,1,0,0,20,0,0,6,0,0,0.0,0,0,6,0,0,0.0,0,11.1,0.6,2.02,Dropout
1,13,1,5,1,1,1,3,2,4,2,0,0,0,1,1,0,20,0,6,7,13,7,12.375,0,4,7,8,4,11.25,0,13.9,-0.3,0.79,Dropout
4,12,1,3,0,12,1,22,27,10,10,0,0,1,0,0,0,50,0,0,6,11,0,0.0,0,0,5,6,0,0.0,0,8.9,1.4,3.51,Dropout
1,8,1,13,1,1,1,1,28,5,10,0,0,0,1,0,0,19,0,0,7,10,6,11.15,0,0,7,7,7,12.814285714285717,0,12.7,3.7,-1.7,Enrolled
2,1,1,9,1,1,1,19,24,1,1,0,0,0,1,0,0,24,0,14,15,17,14,11.357142857142858,0,13,14,15,13,12.846153846153848,0,7.6,2.6,0.32,Dropout
1,14,1,13,1,1,1,1,1,5,9,1,1,0,1,0,0,20,0,1,7,9,7,12.333333333333334,0,0,8,8,8,12.625,0,12.7,3.7,-1.7,Enrolled
1,1,1,12,1,1,1,10,1,5,11,0,0,0,1,1,0,20,0,0,7,9,5,12.7,0,0,8,9,7,13.475,0,13.9,-0.3,0.79,Enrolled
1,8,1,15,1,1,1,2,1,15,26,0,0,1,1,0,1,18,0,0,6,6,6,15.666666666666666,0,0,6,6,6,13.833333333333334,0,8.9,1.4,3.51,Graduate
1,1,1,2,1,1,1,22,27,8,10,1,0,0,0,0,1,18,0,0,0,0,0,0.0,0,0,0,0,0,0.0,0,12.7,3.7,-1.7,Dropout
1,8,2,10,1,1,1,22,27,10,5,0,0,0,1,0,1,19,0,0,6,7,6,14.142857142857142,0,0,6,6,6,15.0,0,13.9,-0.3,0.79,Graduate
1,8,1,6,1,1,1,23,14,9,9,0,0,0,1,1,0,20,0,0,5,7,5,14.6,1,0,5,5,5,14.2,0,12.7,3.7,-1.7,Graduate
1,1,2,11,1,1,1,4,3,8,5,1,0,0,1,0,0,18,0,0,6,8,6,12.142857142857142,0,0,6,6,6,11.166666666666666,0,8.9,1.4,3.51,Graduate
1,1,6,9,1,1,1,1,14,2,7,1,0,0,1,1,0,19,0,0,5,6,5,12.6,0,0,5,8,3,12.666666666666666,0,8.9,1.4,3.51,Graduate
1,12,1,14,1,1,1,23,27,8,8,0,0,0,1,1,0,29,0,0,6,7,1,14.0,0,0,6,6,0,0.0,0,16.2,0.3,-0.92,Dropout
1,1,5,12,1,1,1,1,1,4,9,1,0,0,1,0,0,18,0,0,7,9,6,12.183333333333332,0,0,7,9,6,11.783333333333331,0,16.2,0.3,-0.92,Enrolled
1,1,2,17,0,1,1,1,3,5,3,0,0,0,0,1,0,22,0,0,5,7,3,11.666666666666666,0,0,5,8,2,10.5,2,7.6,2.6,0.32,Dropout
1,1,2,15,1,1,1,22,27,10,10,1,0,0,1,0,0,18,0,0,6,14,4,11.25,0,0,6,9,5,13.0,0,9.4,-0.8,-3.12,Graduate
1,9,1,12,1,1,1,22,28,8,9,1,0,0,1,0,1,19,0,0,8,8,7,11.4,0,0,8,8,7,11.4,0,10.8,1.4,1.74,Graduate
1,1,1,16,1,1,1,13,27,10,10,0,0,0,1,0,1,18,0,0,6,8,6,13.142857142857142,0,0,6,6,6,12.833333333333334,0,15.5,2.8,-4.06,Graduate
1,1,6,12,1,1,1,1,1,10,10,1,1,1,1,1,0,19,0,2,7,8,7,13.075,0,1,8,11,8,12.36111111111111,0,12.4,0.5,1.79,Graduate
1,17,1,6,1,16,1,1,14,5,7,1,0,0,1,0,0,27,0,7,12,17,11,14.727272727272728,0,4,9,10,7,14.142857142857142,0,8.9,1.4,3.51,Graduate
1,1,1,14,1,1,1,1,14,8,6,1,0,0,1,1,0,20,0,0,6,10,6,12.714285714285714,0,0,6,8,4,13.0,0,12.4,0.5,1.79,Enrolled
1,12,1,17,0,12,1,2,1,3,5,0,0,0,1,1,0,24,0,0,5,7,0,0.0,0,0,5,7,0,0.0,0,16.2,0.3,-0.92,Dropout
1,12,1,14,1,1,1,9,9,12,5,1,0,0,1,1,0,29,0,0,5,10,3,11.666666666666666,0,0,5,8,4,11.25,0,7.6,2.6,0.32,Dropout
1,17,1,9,1,16,1,1,14,21,37,1,0,0,1,0,0,21,0,6,11,17,11,11.545454545454543,0,3,9,13,8,12.88888888888889,0,8.9,1.4,3.51,Graduate
1,12,1,4,1,1,1,22,27,6,6,0,0,1,1,0,0,34,0,0,6,10,5,13.833333333333334,0,0,6,13,5,12.5,0,16.2,0.3,-0.92,Graduate
1,9,1,9,1,1,1,23,28,6,6,1,0,0,1,0,0,24,0,0,5,5,5,10.8,0,0,5,11,2,11.0,0,10.8,1.4,1.74,Enrolled
1,12,1,6,1,1,1,22,14,29,35,1,0,1,1,0,0,28,0,0,6,17,0,0.0,0,0,6,6,0,0.0,0,8.9,1.4,3.51,Enrolled
2,12,1,11,1,12,1,22,14,10,11,0,0,0,1,1,0,53,0,7,11,12,2,15.0,7,4,9,10,3,10.0,4,16.2,0.3,-0.92,Graduate
1,1,1,6,1,1,1,3,3,2,12,0,0,0,1,0,0,18,0,0,5,6,4,13.75,0,0,5,8,5,14.857142857142858,0,7.6,2.6,0.32,Graduate
1,9,2,3,0,1,1,3,1,4,5,1,0,0,1,0,1,19,0,0,6,8,6,10.833333333333334,0,0,6,9,6,11.5,0,10.8,1.4,1.74,Graduate
1,13,1,2,1,1,1,1,1,2,5,1,0,0,1,0,0,19,0,0,0,0,0,0.0,0,0,0,0,0,0.0,0,12.7,3.7,-1.7,Dropout
1,1,1,8,1,1,1,1,14,5,5,0,0,0,1,0,0,18,0,0,6,7,6,15.571428571428571,0,0,6,7,6,14.714285714285714,0,11.1,0.6,2.02,Graduate
1,8,2,5,1,1,1,24,29,4,4,1,0,0,1,1,0,20,0,0,6,7,5,11.8,0,0,6,9,4,12.0,0,15.5,2.8,-4.06,Enrolled
1,14,1,13,1,1,1,3,4,4,3,0,0,0,1,0,0,18,0,0,2,2,0,0.0,0,0,4,4,1,16.0,0,10.8,1.4,1.74,Enrolled
1,1,1,14,1,1,1,2,28,21,35,1,0,0,1,1,0,19,0,0,6,10,4,12.5,0,0,6,12,1,10.0,3,16.2,0.3,-0.92,Enrolled
1,12,1,9,1,1,1,10,3,5,4,1,0,0,1,0,0,24,0,0,5,5,0,0.0,0,0,5,5,0,0.0,0,7.6,2.6,0.32,Dropout
2,12,1,7,1,1,1,22,27,10,10,0,0,0,1,1,0,34,0,0,5,8,1,10.0,0,0,5,9,0,0.0,0,8.9,1.4,3.51,Dropout
1,1,1,15,1,1,1,23,27,10,10,1,1,0,1,0,0,19,0,0,6,11,4,12.25,0,0,6,11,3,11.0,0,7.6,2.6,0.32,Enrolled
1,15,1,4,1,14,1,1,14,10,8,0,0,0,1,1,0,22,0,2,6,15,3,11.75,0,0,6,12,2,10.0,0,13.9,-0.3,0.79,Dropout
1,1,1,10,1,1,1,13,28,6,10,0,0,0,1,0,1,18,0,0,6,8,6,11.285714285714286,0,0,6,10,6,11.857142857142858,0,12.4,0.5,1.79,Graduate
1,1,1,12,1,1,1,13,27,6,6,0,0,0,1,0,1,21,0,0,8,8,7,13.514285714285714,0,0,8,8,7,13.514285714285714,0,12.7,3.7,-1.7,Graduate
1,1,3,12,1,1,1,23,14,8,10,1,0,0,1,1,1,20,0,0,8,8,7,13.024285714285714,0,0,8,8,7,13.024285714285714,0,10.8,1.4,1.74,Graduate
1,8,1,14,1,1,1,13,28,8,10,1,0,0,1,0,1,19,0,0,6,9,5,13.5,0,0,6,6,6,14.0,0,12.4,0.5,1.79,Graduate
1,8,1,11,1,1,1,19,28,1,8,1,0,1,0,0,0,19,0,0,6,14,1,10.0,0,0,6,13,0,0.0,0,7.6,2.6,0.32,Dropout
1,1,4,12,1,1,1,13,14,2,2,1,0,0,1,0,0,18,0,0,8,12,7,12.857142857142858,0,0,8,12,7,12.857142857142858,0,12.7,3.7,-1.7,Graduate
1,1,1,2,1,1,1,23,14,8,11,0,0,0,1,0,0,20,0,0,0,0,0,0.0,0,0,0,0,0,0.0,0,15.5,2.8,-4.06,Dropout
1,12,1,12,1,1,1,22,27,10,7,0,0,0,1,1,0,35,0,0,7,10,4,12.6,0,0,7,9,5,12.38,0,12.4,0.5,1.79,Dropout
1,8,4,9,1,1,1,13,14,5,5,1,0,0,1,1,1,20,0,0,5,6,5,11.8,0,0,5,8,4,11.6,0,8.9,1.4,3.51,Graduate
1,9,1,11,1,1,1,23,28,6,6,1,0,0,1,1,0,26,0,0,6,10,4,10.0,0,0,6,11,3,12.0,0,9.4,-0.8,-3.12,Enrolled
1,1,1,10,1,1,1,1,1,5,11,0,0,1,1,0,0,23,0,0,6,8,6,12.625,0,0,6,6,6,14.166666666666666,0,12.7,3.7,-1.7,Graduate
1,12,1,4,1,12,1,22,27,10,10,0,0,0,1,0,0,44,0,0,6,10,1,12.0,0,0,6,6,0,0.0,0,11.1,0.6,2.02,Dropout
1,1,1,10,1,1,1,13,27,5,8,1,0,0,1,0,1,18,0,0,6,6,6,13.666666666666666,0,0,6,6,6,13.0,0,10.8,1.4,1.74,Graduate
1,1,1,7,1,1,1,1,1,4,4,0,0,0,0,1,1,18,0,0,5,5,5,14.2,0,0,5,5,5,14.2,0,8.9,1.4,3.51,Enrolled
1,8,1,3,0,1,1,22,27,6,7,1,0,1,1,0,0,19,0,0,6,6,6,12.166666666666666,0,0,6,7,6,11.666666666666666,0,10.8,1.4,1.74,Graduate
2,12,1,17,0,1,1,19,24,1,1,1,0,0,0,1,0,49,0,0,5,5,0,0.0,0,0,5,5,0,0.0,0,7.6,2.6,0.32,Dropout
1,12,1,17,0,1,1,13,27,7,9,0,0,0,1,1,0,40,0,0,5,5,5,11.0,0,0,5,5,5,13.4,0,15.5,2.8,-4.06,Graduate
1,14,2,13,1,1,1,1,14,5,4,0,0,0,1,0,0,27,0,0,7,9,7,12.228571428571428,0,1,8,10,8,13.2125,0,10.8,1.4,1.74,Graduate
1,14,1,14,1,1,1,19,24,13,13,0,0,0,0,1,0,35,0,6,10,10,7,12.142857142857142,0,4,9,9,4,12.25,0,7.6,2.6,0.32,Dropout
1,8,3,14,1,1,1,1,3,5,4,1,0,0,1,0,0,18,0,0,6,8,6,14.0,0,0,6,9,5,14.0,0,8.9,1.4,3.51,Graduate
1,9,1,12,1,1,1,22,27,7,7,1,0,0,1,0,1,19,0,0,8,8,7,13.542857142857144,0,0,8,8,7,13.542857142857144,0,12.7,3.7,-1.7,Graduate
1,15,1,8,1,14,1,4,4,3,11,1,0,0,1,1,0,20,0,1,5,8,2,11.5,0,1,5,13,2,11.5,0,12.7,3.7,-1.7,Dropout
1,1,3,15,1,1,1,13,14,4,4,0,0,0,1,0,1,18,0,0,6,6,6,13.166666666666666,0,0,6,6,6,12.166666666666666,0,12.4,0.5,1.79,Graduate
1,17,1,4,1,16,1,1,14,10,8,0,0,1,1,0,1,24,0,7,12,13,12,12.846153846153848,0,5,11,13,11,12.636363636363637,0,8.9,1.4,3.51,Graduate
1,8,4,11,1,1,1,1,1,5,3,1,0,0,1,1,0,19,0,0,6,7,5,12.2,0,0,6,12,2,12.0,0,7.6,2.6,0.32,Enrolled
1,4,1,12,1,3,1,1,27,10,6,0,0,0,1,0,0,30,0,0,8,8,7,15.675714285714283,0,0,8,8,7,15.675714285714283,0,10.8,1.4,1.74,Graduate
1,17,1,6,1,16,1,13,1,10,10,1,0,1,0,0,0,24,0,7,9,9,8,13.125,0,4,9,13,6,13.0,0,8.9,1.4,3.51,Enrolled
1,1,3,12,1,1,1,13,3,4,3,1,0,0,1,0,0,18,0,0,7,8,7,12.59125,0,0,8,11,7,12.820000000000002,0,15.5,2.8,-4.06,Enrolled
1,8,5,16,1,1,1,3,14,3,8,1,0,0,1,0,0,18,0,0,6,7,6,13.5,0,0,6,8,5,12.6,0,7.6,2.6,0.32,Graduate
1,1,2,10,1,1,1,13,14,5,8,1,0,0,1,0,1,21,0,0,6,9,5,12.333333333333334,0,0,6,7,5,11.8,0,13.9,-0.3,0.79,Graduate
1,1,1,11,1,1,1,3,3,3,3,0,0,0,1,1,0,19,0,0,6,7,6,14.428571428571429,0,0,6,6,6,12.5,0,8.9,1.4,3.51,Graduate
2,13,1,12,1,2,1,22,27,10,10,0,0,0,1,0,1,32,0,0,8,8,8,14.6625,0,0,8,8,8,14.6625,0,9.4,-0.8,-3.12,Graduate
1,15,1,9,1,14,1,13,1,10,4,0,0,0,1,0,1,20,0,4,7,8,7,13.0,0,2,5,5,5,13.4,0,11.1,0.6,2.02,Graduate
1,1,5,8,1,1,1,3,1,3,10,1,0,0,1,0,0,19,0,0,5,13,1,13.0,0,0,5,7,2,12.5,0,12.7,3.7,-1.7,Dropout
1,9,3,5,1,1,1,1,27,6,6,1,0,0,0,0,0,19,0,0,6,6,6,12.166666666666666,0,0,6,6,0,0.0,0,15.5,2.8,-4.06,Dropout
1,8,2,15,1,1,1,1,1,5,9,1,0,0,1,0,0,19,0,0,6,6,6,13.333333333333334,0,0,6,6,6,14.666666666666666,0,12.4,0.5,1.79,Graduate
1,15,3,6,1,14,1,1,14,5,2,1,0,0,1,0,0,19,0,0,5,10,1,13.0,1,0,5,8,3,15.333333333333334,0,12.7,3.7,-1.7,Enrolled
1,8,1,4,1,1,1,22,27,5,7,0,0,1,1,0,0,20,0,0,6,8,6,13.333333333333334,0,0,6,8,5,14.0,0,11.1,0.6,2.02,Enrolled
5,12,1,12,1,3,1,22,28,10,10,0,0,0,1,0,0,27,0,0,8,8,7,15.94285714285714,0,0,8,8,7,15.94285714285714,0,12.7,3.7,-1.7,Graduate
1,6,1,10,1,1,12,3,27,3,9,1,0,0,0,0,0,20,1,0,6,9,5,13.0,0,0,6,7,6,13.5,0,13.9,-0.3,0.79,Graduate
1,1,2,11,1,1,1,22,27,10,10,1,0,0,0,1,0,21,0,0,6,11,3,11.0,0,0,6,14,0,0.0,0,9.4,-0.8,-3.12,Dropout
1,8,2,10,1,1,1,22,27,4,10,0,1,0,1,0,1,18,0,0,6,9,6,11.333333333333334,0,0,6,9,6,11.571428571428571,0,15.5,2.8,-4.06,Graduate
1,12,1,17,0,1,1,1,1,6,6,1,0,0,0,1,0,38,0,0,5,5,0,0.0,0,0,5,5,0,0.0,0,8.9,1.4,3.51,Dropout
1,8,4,7,1,1,1,19,26,1,6,1,0,0,1,1,0,18,0,0,5,9,3,11.666666666666666,0,0,5,10,3,11.333333333333334,4,7.6,2.6,0.32,Dropout
1,15,1,17,0,14,1,22,27,8,8,1,0,0,1,0,1,23,0,2,6,8,5,11.8,0,2,6,8,6,12.333333333333334,0,9.4,-0.8,-3.12,Graduate
1,9,2,16,1,1,1,1,3,10,3,1,0,1,0,0,0,20,0,0,6,11,5,13.2,0,0,6,8,4,10.75,0,10.8,1.4,1.74,Dropout
1,15,1,4,1,14,1,1,28,7,7,1,0,0,1,1,0,21,0,0,6,12,4,11.8,0,0,6,11,4,11.875,0,16.2,0.3,-0.92,Dropout
2,12,1,3,0,9,1,19,24,1,1,0,0,0,1,0,0,44,0,5,8,13,8,13.75,0,2,6,9,6,12.5,0,7.6,2.6,0.32,Graduate
1,1,1,14,1,1,1,3,28,3,10,1,0,0,1,0,0,19,0,0,6,7,5,12.6,0,0,6,10,5,12.375,0,10.8,1.4,1.74,Enrolled
1,14,1,15,1,1,1,1,1,5,9,0,0,0,0,0,0,21,0,0,6,7,6,12.0,0,0,6,6,6,12.0,0,10.8,1.4,1.74,Dropout
1,1,4,15,1,1,4,10,10,12,5,1,0,0,1,0,0,18,1,0,6,6,6,12.666666666666666,0,0,6,8,5,14.4,0,7.6,2.6,0.32,Graduate
1,14,1,7,1,1,1,3,1,3,4,0,0,0,1,1,0,18,0,0,5,9,4,12.25,0,0,5,11,3,11.666666666666666,0,13.9,-0.3,0.79,Enrolled
1,12,1,12,1,3,1,13,1,5,9,0,0,0,1,0,0,24,0,0,8,8,7,12.401428571428571,0,0,8,8,7,12.401428571428571,0,10.8,1.4,1.74,Graduate
1,15,1,6,1,14,1,10,28,5,9,1,0,0,1,1,0,23,0,1,6,10,5,12.5,0,1,6,8,2,13.5,0,12.4,0.5,1.79,Dropout
2,15,1,17,0,14,1,22,27,10,10,0,0,0,1,0,0,41,0,2,6,10,4,12.25,0,3,7,9,6,12.5,0,9.4,-0.8,-3.12,Enrolled
1,1,1,9,1,1,1,1,1,5,3,1,0,0,1,1,0,20,0,0,5,0,0,0.0,0,0,5,0,0,0.0,0,8.9,1.4,3.51,Dropout
2,12,1,7,1,12,1,22,27,10,10,0,0,0,1,1,0,36,0,0,5,0,0,0.0,0,0,5,0,0,0.0,0,16.2,0.3,-0.92,Dropout
1,1,2,10,1,1,1,22,28,10,9,1,0,0,1,0,0,18,0,0,6,7,6,13.833333333333334,0,0,6,6,6,14.0,0,9.4,-0.8,-3.12,Graduate
4,12,1,3,0,12,1,19,24,1,1,0,0,0,1,0,0,48,0,0,6,11,1,10.0,0,0,6,11,1,11.0,0,9.4,-0.8,-3.12,Dropout
1,12,1,4,1,12,1,3,1,3,9,1,0,0,1,1,0,35,0,0,6,13,3,11.75,0,0,6,10,0,0.0,0,13.9,-0.3,0.79,Dropout
1,1,1,12,1,1,1,13,14,10,8,1,0,0,1,1,0,22,0,0,7,8,6,14.333333333333334,0,0,8,9,7,13.771428571428572,0,11.1,0.6,2.02,Graduate
1,8,1,8,1,1,1,23,27,10,8,1,0,0,1,0,0,19,0,0,5,5,5,11.8,0,0,5,5,5,13.2,0,10.8,1.4,1.74,Graduate
1,1,1,9,1,1,1,23,27,10,10,1,0,0,1,1,0,22,0,0,5,9,0,0.0,0,0,5,5,1,12.0,0,7.6,2.6,0.32,Dropout
1,12,1,17,0,1,1,22,27,7,7,0,0,0,1,0,0,40,0,0,5,9,4,11.25,0,0,5,6,5,12.0,0,13.9,-0.3,0.79,Enrolled
1,15,1,4,1,14,1,1,14,5,11,0,0,0,1,1,1,21,0,0,6,8,6,13.0,0,0,6,10,6,12.625,0,15.5,2.8,-4.06,Graduate
1,12,1,3,0,12,1,19,24,1,1,0,0,0,1,0,0,55,0,0,6,6,6,13.833333333333334,0,1,6,6,6,12.833333333333334,0,7.6,2.6,0.32,Graduate
1,8,1,5,1,1,1,13,28,5,6,1,0,0,1,1,0,22,0,0,6,7,5,11.4,0,0,6,6,6,12.166666666666666,0,7.6,2.6,0.32,Graduate
1,16,1,9,1,1,1,1,1,5,5,0,0,0,1,0,0,25,0,0,5,12,2,10.5,0,0,5,5,0,0.0,0,11.1,0.6,2.02,Dropout
1,1,4,2,1,1,1,1,14,5,6,1,0,1,0,1,0,19,0,0,0,0,0,0.0,0,0,0,0,0,0.0,0,15.5,2.8,-4.06,Dropout
1,1,1,10,1,1,1,1,1,5,5,0,0,0,1,0,1,18,0,0,6,9,6,11.5,0,0,6,11,5,14.0,0,11.1,0.6,2.02,Graduate
1,1,1,2,1,1,1,22,27,10,9,1,0,1,0,0,1,23,0,0,0,0,0,0.0,0,0,0,0,0,0.0,0,9.4,-0.8,-3.12,Dropout
1,8,1,5,1,1,1,23,14,8,8,1,0,0,1,0,0,18,0,0,6,6,2,13.0,0,0,6,6,0,0.0,0,12.4,0.5,1.79,Dropout
1,14,1,3,0,6,1,19,24,1,1,0,0,1,1,0,0,29,0,1,6,9,4,12.0,0,1,6,13,2,10.5,0,7.6,2.6,0.32,Dropout
1,1,6,12,1,1,1,13,1,10,11,1,0,0,1,0,0,18,0,0,8,8,7,12.944285714285714,0,0,8,8,7,12.944285714285714,0,10.8,1.4,1.74,Graduate
1,9,2,15,1,1,1,1,1,5,5,1,0,0,0,0,0,20,0,0,6,6,0,0.0,0,0,6,0,0,0.0,0,8.9,1.4,3.51,Dropout
1,1,3,10,1,1,1,13,1,8,11,1,0,1,1,0,0,19,0,0,6,7,0,0.0,0,0,5,5,0,0.0,0,13.9,-0.3,0.79,Dropout
1,4,1,4,1,4,1,1,1,5,7,0,0,0,1,1,0,28,0,0,6,14,6,14.875,0,0,6,12,6,15.8,0,16.2,0.3,-0.92,Graduate
1,8,6,12,1,1,1,22,14,8,8,1,0,0,1,0,1,22,0,0,7,8,6,13.516666666666666,0,0,8,9,7,13.771428571428572,0,11.1,0.6,2.02,Graduate
1,1,1,10,1,1,1,3,1,5,10,0,0,0,1,0,1,18,0,0,6,7,6,13.166666666666666,0,0,6,6,6,12.5,0,12.4,0.5,1.79,Graduate
1,17,1,6,1,16,1,1,1,5,4,1,0,1,1,0,0,21,0,7,9,10,8,13.25,0,4,9,14,5,12.2,0,8.9,1.4,3.51,Enrolled
1,4,1,13,1,4,1,5,5,3,3,1,0,0,1,1,0,43,0,4,4,4,4,13.875,0,1,1,1,1,12.5,0,11.1,0.6,2.02,Dropout
1,1,5,5,1,1,1,3,3,3,3,1,0,0,1,1,0,22,0,0,6,6,6,14.666666666666666,0,0,6,6,6,15.0,0,9.4,-0.8,-3.12,Graduate
1,8,2,15,1,1,1,3,1,3,8,1,0,0,1,0,1,20,0,0,6,6,6,14.0,0,0,6,7,6,13.857142857142858,0,15.5,2.8,-4.06,Dropout
1,12,1,11,1,1,1,13,28,10,8,0,0,0,1,0,1,24,0,0,6,6,6,13.666666666666666,0,0,6,6,6,14.166666666666666,0,12.4,0.5,1.79,Graduate
1,4,3,8,1,3,1,22,18,12,11,0,0,0,0,1,0,41,0,0,5,9,0,0.0,4,0,5,9,0,0.0,3,10.8,1.4,1.74,Dropout
1,1,2,12,1,1,1,22,27,10,10,1,0,0,1,0,0,18,0,0,7,7,6,14.333333333333334,0,0,7,7,6,14.333333333333334,0,7.6,2.6,0.32,Graduate
1,8,1,12,1,1,1,3,3,3,4,0,0,0,1,0,0,19,0,0,8,8,8,13.3475,0,0,8,8,8,13.3475,0,9.4,-0.8,-3.12,Graduate
1,14,1,17,0,1,1,22,14,4,11,0,0,0,1,1,1,42,0,0,5,14,1,10.0,0,0,5,14,1,11.0,0,13.9,-0.3,0.79,Dropout
1,4,2,12,1,3,1,22,28,10,10,0,0,0,1,1,0,28,0,0,7,7,7,14.114285714285714,0,0,8,9,8,15.91111111111111,0,16.2,0.3,-0.92,Dropout
1,14,1,10,1,1,1,1,28,5,4,0,0,0,1,0,1,20,0,8,11,12,11,12.0,0,6,11,14,11,12.75,0,13.9,-0.3,0.79,Graduate
1,12,1,12,1,1,1,1,27,10,10,1,0,0,1,1,0,27,0,0,7,7,7,14.085714285714284,0,0,7,7,7,14.085714285714284,0,7.6,2.6,0.32,Enrolled
1,15,1,6,1,14,1,23,28,5,2,1,0,0,1,1,0,20,0,1,6,11,6,13.8,0,1,6,7,6,13.142857142857142,0,16.2,0.3,-0.92,Graduate
1,8,1,14,1,1,1,13,14,6,6,1,0,0,1,0,0,20,0,0,5,7,4,12.2,0,0,5,5,4,11.5,0,7.6,2.6,0.32,Graduate
2,12,1,17,0,1,1,1,3,2,3,0,0,0,0,1,1,26,0,0,5,12,3,10.666666666666666,0,0,5,11,3,10.666666666666666,0,9.4,-0.8,-3.12,Dropout
1,14,1,7,1,1,1,22,28,10,10,0,0,1,0,0,0,30,0,8,12,17,8,11.75,0,6,12,19,6,12.166666666666666,2,7.6,2.6,0.32,Dropout
1,1,1,15,1,1,1,3,14,3,6,0,0,0,1,1,0,20,0,0,6,6,6,14.333333333333334,0,0,6,7,6,15.0,0,15.5,2.8,-4.06,Graduate
1,1,2,3,0,1,1,3,1,4,10,0,0,0,1,0,0,20,0,0,6,10,5,12.0,0,0,6,9,4,11.25,0,9.4,-0.8,-3.12,Enrolled
1,1,1,16,1,1,1,22,27,10,8,1,0,0,1,0,1,18,0,0,6,8,5,13.0,0,0,6,9,5,13.5,0,9.4,-0.8,-3.12,Graduate
1,12,1,12,1,1,1,23,3,10,2,0,0,0,1,1,0,24,0,0,7,11,7,11.294444444444444,0,0,8,22,2,12.6,0,15.5,2.8,-4.06,Graduate
1,15,1,2,1,14,1,13,28,10,10,1,0,1,1,1,1,21,0,0,0,0,0,0.0,0,0,0,0,0,0.0,0,15.5,2.8,-4.06,Dropout
1,1,2,12,1,1,1,1,3,6,11,1,0,0,1,1,0,19,0,0,7,9,7,11.975,0,0,8,9,7,13.12857142857143,0,13.9,-0.3,0.79,Graduate
1,8,2,10,1,1,1,1,9,5,4,1,0,0,1,0,0,19,0,0,6,11,0,0.0,0,0,6,0,0,0.0,0,9.4,-0.8,-3.12,Dropout
1,8,1,15,1,1,1,1,28,10,9,1,0,0,1,0,0,18,0,0,6,7,6,12.571428571428571,0,0,6,8,6,11.857142857142858,0,13.9,-0.3,0.79,Graduate
1,8,1,16,1,1,1,22,27,10,10,1,0,0,1,0,0,23,0,0,6,11,2,10.0,0,0,6,15,2,11.0,0,7.6,2.6,0.32,Dropout
1,8,1,9,1,1,1,22,27,10,10,0,0,0,0,0,0,22,0,0,5,9,2,10.0,1,0,5,11,1,10.0,0,9.4,-0.8,-3.12,Dropout
2,13,1,5,1,1,1,22,17,1,5,0,0,0,1,1,0,47,0,8,10,14,8,14.625,0,5,7,7,5,13.4,0,9.4,-0.8,-3.12,Dropout
1,1,1,15,1,1,1,1,3,4,4,1,0,0,1,0,0,19,0,0,6,6,6,15.0,0,0,6,6,6,13.333333333333334,0,11.1,0.6,2.02,Graduate
1,15,1,6,1,14,1,23,27,5,7,1,0,0,1,0,1,22,0,3,6,11,6,13.142857142857142,0,2,6,10,3,12.0,0,13.9,-0.3,0.79,Graduate
1,1,3,12,1,1,1,3,14,3,11,1,0,0,1,1,0,18,0,0,8,8,8,13.24875,0,0,8,8,8,13.24875,0,9.4,-0.8,-3.12,Graduate
1,14,1,12,1,1,1,23,28,10,6,0,0,0,1,0,0,20,0,0,7,11,6,11.616666666666667,0,0,7,7,7,13.0,0,13.9,-0.3,0.79,Enrolled
1,8,1,8,1,1,1,2,7,4,6,0,0,0,1,0,0,18,0,0,5,9,4,11.25,0,0,5,6,4,12.5,0,7.6,2.6,0.32,Graduate
1,8,1,5,1,1,1,1,1,2,6,0,0,0,1,0,1,22,0,0,6,7,6,12.166666666666666,0,0,6,9,4,12.0,0,9.4,-0.8,-3.12,Graduate
1,1,3,15,1,1,1,13,14,6,6,1,0,0,1,0,0,19,0,0,6,6,6,13.0,0,0,6,8,5,12.4,0,12.4,0.5,1.79,Graduate
1,1,3,15,1,1,1,1,1,5,5,1,0,0,1,0,1,18,0,0,6,6,6,13.166666666666666,0,0,6,7,5,13.2,0,12.4,0.5,1.79,Dropout
1,1,1,16,1,1,1,22,27,10,10,1,0,0,1,0,0,18,0,0,6,7,6,13.333333333333334,0,0,6,8,5,11.8,0,7.6,2.6,0.32,Graduate
1,8,2,15,1,1,1,22,28,6,6,1,0,1,0,0,0,18,0,0,6,9,5,12.2,0,0,6,9,4,11.75,0,10.8,1.4,1.74,Dropout
1,1,1,15,1,1,1,1,28,5,8,0,0,0,1,0,1,18,0,0,6,7,6,13.428571428571429,0,0,6,10,6,13.5,0,13.9,-0.3,0.79,Graduate
1,1,3,12,1,1,1,22,28,10,10,1,0,0,1,0,1,22,0,0,7,7,6,13.9,0,0,7,7,6,13.9,0,7.6,2.6,0.32,Graduate
1,3,3,5,1,1,1,3,1,10,7,1,0,0,1,0,0,18,0,0,6,6,6,12.666666666666666,0,0,6,8,6,14.125,0,10.8,1.4,1.74,Graduate
1,8,3,9,1,1,1,22,27,6,8,0,0,0,1,1,0,18,0,0,5,10,0,0.0,1,0,5,13,0,0.0,0,9.4,-0.8,-3.12,Dropout
1,12,1,4,1,1,3,1,1,30,29,0,0,0,1,1,0,24,1,0,7,7,7,13.571428571428571,0,0,6,9,5,13.4,0,8.9,1.4,3.51,Enrolled
1,15,1,4,1,1,1,1,3,22,21,0,0,0,1,1,0,19,0,0,6,17,1,11.0,0,0,6,19,0,0.0,0,16.2,0.3,-0.92,Enrolled
1,12,1,17,0,12,1,13,27,8,6,1,0,1,0,1,0,39,0,0,5,6,5,10.6,0,0,5,7,5,14.666666666666666,0,10.8,1.4,1.74,Dropout
1,12,1,14,1,1,1,1,14,5,10,0,0,0,1,1,1,25,0,0,6,8,6,12.285714285714286,0,0,6,6,6,13.0,0,15.5,2.8,-4.06,Graduate
1,1,1,11,1,1,1,3,1,3,5,0,0,0,1,1,0,21,0,0,6,10,5,11.333333333333334,0,0,6,14,2,11.5,0,12.7,3.7,-1.7,Enrolled
1,12,1,9,1,12,1,23,14,8,10,0,0,1,0,1,0,28,0,0,5,7,1,11.0,0,0,5,9,0,0.0,0,10.8,1.4,1.74,Dropout
1,13,1,12,1,1,1,3,3,4,4,0,0,0,1,0,0,18,0,0,7,8,7,13.55,0,0,8,8,8,14.1875,0,13.9,-0.3,0.79,Graduate
1,1,1,6,1,1,1,1,28,6,10,0,0,0,1,1,1,19,0,0,6,9,6,13.833333333333334,0,0,6,12,5,13.666666666666666,0,11.1,0.6,2.02,Graduate
1,14,1,10,1,1,1,13,27,6,6,0,0,0,1,0,1,21,0,0,6,15,2,10.5,0,0,6,8,5,12.4,0,10.8,1.4,1.74,Enrolled
1,1,2,15,1,1,1,19,14,4,1,1,0,0,0,0,0,20,0,0,6,10,4,12.0,0,0,6,15,3,10.666666666666666,0,7.6,2.6,0.32,Dropout
1,1,1,9,1,1,1,22,27,10,10,0,0,1,1,1,1,22,0,0,5,8,5,10.666666666666666,0,0,5,11,2,11.0,0,15.5,2.8,-4.06,Enrolled
1,1,6,12,1,1,1,13,14,10,10,0,0,0,1,0,0,18,0,0,7,7,7,13.557142857142855,0,0,8,9,8,13.2,0,12.4,0.5,1.79,Graduate
1,1,1,4,1,1,1,23,14,10,8,0,0,0,1,1,0,19,0,0,6,8,6,15.5,0,0,6,10,6,14.1,0,16.2,0.3,-0.92,Graduate
1,8,1,11,1,1,1,1,1,5,10,1,0,0,1,0,0,22,0,0,6,14,4,12.25,0,0,6,11,3,11.333333333333334,0,7.6,2.6,0.32,Enrolled
1,15,1,9,1,14,1,13,1,5,10,1,0,0,1,0,0,21,0,4,7,10,6,11.333333333333334,0,1,5,6,5,11.2,0,11.1,0.6,2.02,Graduate
1,14,1,2,1,1,1,13,14,6,8,0,0,0,1,0,0,18,0,0,0,0,0,0.0,0,0,0,0,0,0.0,0,15.5,2.8,-4.06,Enrolled
1,1,1,14,1,1,1,1,27,10,11,0,0,0,1,1,0,21,0,0,6,6,5,12.8,0,0,6,9,5,12.25,0,10.8,1.4,1.74,Enrolled
1,8,1,12,1,1,1,13,28,4,10,0,0,0,1,0,1,19,0,0,7,11,6,13.8875,0,0,8,9,8,14.864444444444445,0,15.5,2.8,-4.06,Graduate
1,6,1,13,1,1,12,3,14,14,29,0,0,0,1,0,0,20,1,0,7,14,0,0.0,6,0,7,12,2,11.666666666666666,0,8.9,1.4,3.51,Enrolled
4,4,1,12,1,3,1,22,28,10,8,0,0,0,1,1,0,51,0,4,7,7,7,15.2,0,6,8,8,8,16.575,0,13.9,-0.3,0.79,Graduate
1,4,1,7,1,3,1,13,14,2,2,0,0,0,0,1,0,40,0,1,5,7,1,13.0,0,2,5,5,2,14.0,0,12.7,3.7,-1.7,Dropout
1,1,6,11,1,1,1,23,27,6,8,1,0,0,1,0,1,18,0,0,6,7,6,13.0,0,0,6,6,6,13.0,0,12.4,0.5,1.79,Graduate
1,8,3,7,1,1,1,1,14,10,4,1,0,1,0,1,0,18,0,0,5,10,3,12.0,0,0,5,8,3,10.333333333333334,0,8.9,1.4,3.51,Enrolled
1,1,3,12,1,1,1,23,28,10,9,1,0,0,1,0,1,19,0,0,8,8,7,12.785714285714286,0,0,8,8,7,12.785714285714286,0,12.7,3.7,-1.7,Graduate
1,1,5,12,1,1,1,22,27,10,10,1,0,0,1,0,0,19,0,0,7,7,6,12.666666666666666,0,0,7,7,6,12.666666666666666,0,7.6,2.6,0.32,Graduate
1,8,3,12,1,1,1,3,3,5,6,1,0,0,1,0,0,18,0,0,7,8,7,14.85,0,0,8,8,8,15.2,0,13.9,-0.3,0.79,Dropout
1,1,2,12,1,1,1,1,14,3,8,1,0,0,1,0,0,21,0,0,7,7,7,12.835714285714284,0,0,8,8,8,14.23125,0,11.1,0.6,2.02,Graduate
1,1,1,10,1,1,1,13,28,4,10,1,0,0,1,0,1,18,0,0,6,6,6,14.0,0,0,6,6,6,13.666666666666666,0,12.4,0.5,1.79,Graduate
4,12,1,4,1,1,1,22,27,10,9,0,0,0,1,1,0,28,0,0,6,12,5,12.0,0,0,6,10,6,12.333333333333334,0,11.1,0.6,2.02,Enrolled
1,1,1,2,1,1,1,1,1,5,2,1,0,0,1,1,0,20,0,0,0,0,0,0.0,0,0,0,0,0,0.0,0,10.8,1.4,1.74,Dropout
1,1,5,15,1,1,1,23,14,10,10,1,0,0,1,0,0,19,0,0,6,7,6,12.333333333333334,0,0,6,7,6,12.5,0,8.9,1.4,3.51,Graduate
1,13,1,12,1,1,14,3,1,4,11,1,0,0,0,0,0,33,1,1,7,10,5,12.16,0,0,6,7,5,11.34,0,12.4,0.5,1.79,Dropout
1,1,1,6,1,1,1,18,14,5,12,0,0,0,1,0,0,18,0,0,5,6,5,14.2,0,0,5,7,5,11.8,0,7.6,2.6,0.32,Graduate
1,12,1,7,1,12,1,1,1,5,4,0,0,1,0,1,0,31,0,0,5,9,2,13.333333333333334,0,0,5,9,2,16.0,4,16.2,0.3,-0.92,Dropout
1,15,1,6,1,14,1,3,1,3,10,1,0,0,1,0,0,21,0,1,6,13,3,11.75,0,1,6,13,5,12.333333333333334,0,12.4,0.5,1.79,Enrolled
1,1,1,6,1,1,1,23,28,5,8,1,0,0,1,0,0,19,0,0,6,12,5,14.0,0,0,6,14,5,11.0,0,16.2,0.3,-0.92,Graduate
2,12,1,3,0,1,1,22,28,4,8,0,0,0,1,0,0,28,0,0,6,8,5,11.833333333333334,0,0,6,6,6,13.0,0,16.2,0.3,-0.92,Graduate
1,1,2,12,1,1,1,23,28,10,9,1,0,0,1,0,1,20,0,0,7,8,7,11.9625,0,0,8,9,8,13.044444444444444,0,13.9,-0.3,0.79,Graduate
1,12,1,17,0,1,1,3,1,4,4,0,0,0,1,1,0,28,0,0,5,5,0,0.0,0,0,5,5,0,0.0,0,12.7,3.7,-1.7,Dropout
1,1,1,11,1,1,14,1,1,10,10,1,0,0,1,0,1,20,1,0,6,7,6,12.857142857142858,0,0,6,8,5,11.8,0,8.9,1.4,3.51,Graduate
1,12,1,17,0,9,1,22,28,6,6,0,0,0,1,1,0,33,0,0,5,5,5,13.2,0,0,5,6,5,14.833333333333334,0,10.8,1.4,1.74,Graduate
1,1,3,5,1,1,1,1,28,5,8,1,0,0,1,0,1,19,0,0,6,6,6,12.833333333333334,0,0,6,6,6,12.833333333333334,0,9.4,-0.8,-3.12,Graduate
1,8,3,10,1,1,1,3,1,3,6,1,0,0,1,0,0,18,0,0,6,6,6,12.0,0,0,6,6,5,13.6,0,8.9,1.4,3.51,Graduate
1,1,1,9,1,1,1,13,28,10,8,0,0,0,0,1,0,19,0,0,5,16,1,12.0,0,0,5,6,0,0.0,0,13.9,-0.3,0.79,Dropout
1,8,1,6,1,1,1,13,28,8,8,1,0,0,1,0,1,20,0,0,5,8,5,12.0,1,0,5,8,4,15.0,1,12.7,3.7,-1.7,Graduate
1,1,1,7,1,1,1,22,14,10,10,1,0,1,1,1,0,20,0,0,5,7,0,0.0,0,0,5,5,0,0.0,0,9.4,-0.8,-3.12,Enrolled
1,1,1,12,1,1,1,1,14,10,7,1,0,0,1,0,1,20,0,0,7,8,6,12.396666666666668,0,0,8,9,7,12.94285714285714,0,11.1,0.6,2.02,Graduate
1,8,3,12,1,1,1,13,27,5,10,1,0,0,1,1,1,18,0,0,7,7,6,13.266666666666666,0,0,7,7,6,13.266666666666666,0,7.6,2.6,0.32,Graduate
1,8,4,12,1,1,1,23,27,6,8,1,0,0,1,1,1,18,0,0,7,7,7,13.462857142857144,0,0,8,8,8,13.90625,0,11.1,0.6,2.02,Graduate
1,12,1,17,0,1,1,1,1,10,8,0,0,0,1,1,0,28,0,0,5,13,2,11.0,0,0,5,12,1,12.0,0,11.1,0.6,2.02,Dropout
1,14,1,1,1,12,1,23,28,5,5,0,0,1,1,1,0,35,0,3,10,18,6,12.666666666666666,0,1,9,11,3,12.0,2,16.2,0.3,-0.92,Dropout
2,12,1,3,0,1,1,22,27,6,5,0,0,0,1,0,0,45,0,0,6,8,5,13.6,0,0,6,7,5,13.0,0,15.5,2.8,-4.06,Enrolled
1,1,1,9,1,1,1,3,14,4,4,0,0,1,1,1,0,19,0,0,5,7,5,13.6,0,0,5,11,5,12.833333333333334,5,16.2,0.3,-0.92,Graduate
1,8,6,10,1,1,1,1,28,5,8,0,0,0,1,0,1,18,0,0,6,7,6,12.142857142857142,0,0,6,6,6,13.333333333333334,0,13.9,-0.3,0.79,Graduate
1,12,1,17,0,1,1,13,27,6,6,0,0,0,0,1,0,31,0,0,5,5,2,11.0,0,0,5,0,0,0.0,0,12.7,3.7,-1.7,Dropout
1,12,1,4,1,12,1,22,28,5,10,0,0,1,0,0,0,40,0,0,6,12,5,12.8,0,0,6,16,3,13.333333333333334,0,11.1,0.6,2.02,Dropout
1,8,1,16,1,1,1,3,3,4,4,1,0,0,0,0,1,18,0,0,7,7,7,12.285714285714286,0,0,7,8,6,13.333333333333334,0,8.9,1.4,3.51,Enrolled
1,1,2,15,1,1,1,1,24,10,10,1,0,0,1,0,1,20,0,0,6,7,5,12.8,0,0,6,6,6,12.333333333333334,0,12.4,0.5,1.79,Graduate
1,1,2,2,1,1,1,1,14,4,4,1,0,0,1,0,0,22,0,6,12,12,12,12.916666666666666,0,4,11,16,11,14.5,0,8.9,1.4,3.51,Graduate
1,1,2,6,1,1,1,4,14,3,6,1,0,0,1,0,0,18,0,0,5,8,5,16.166666666666668,2,0,5,9,5,14.285714285714286,1,9.4,-0.8,-3.12,Graduate
1,8,2,11,1,1,1,1,2,6,4,1,0,1,1,1,1,19,0,0,6,14,2,10.0,0,0,6,6,0,0.0,0,13.9,-0.3,0.79,Dropout
1,1,5,12,1,1,1,23,28,5,9,1,0,0,1,0,0,18,0,0,8,8,8,13.76375,0,0,8,8,8,13.76375,0,9.4,-0.8,-3.12,Graduate
2,1,1,10,1,1,1,22,27,6,6,0,0,0,1,0,0,20,0,0,6,7,6,11.5,0,0,6,6,6,11.666666666666666,0,7.6,2.6,0.32,Graduate
1,8,6,12,1,1,1,1,14,8,8,1,0,0,1,0,1,19,0,0,7,8,7,13.875714285714285,0,0,8,9,7,13.085714285714284,0,11.1,0.6,2.02,Graduate
1,1,1,11,1,1,1,23,27,10,8,0,0,0,1,1,1,19,0,0,6,6,6,13.0,0,0,6,6,6,13.166666666666666,0,12.4,0.5,1.79,Graduate
1,1,4,7,1,1,1,22,27,10,6,1,0,0,1,1,1,22,0,0,5,9,3,12.333333333333334,0,0,6,14,3,12.5,0,11.1,0.6,2.02,Dropout
1,1,1,2,1,1,1,22,14,6,9,1,0,0,1,1,1,19,0,0,0,0,0,0.0,0,0,0,0,0,0.0,0,13.9,-0.3,0.79,Graduate
2,12,1,3,0,12,1,3,14,12,12,0,0,0,1,0,0,50,0,0,1,1,0,0.0,1,0,6,0,0,0.0,0,10.8,1.4,1.74,Dropout
2,12,1,17,0,1,1,13,14,5,5,0,0,0,1,1,1,41,0,0,5,9,4,11.0,0,0,5,6,5,11.4,0,8.9,1.4,3.51,Enrolled
