1,1,1,12,1,1,1,23,28,6,6,1,0,0,1,0,1,20,0,0,8,8,7,12.744285714285716,0,0,8,8,7,12.744285714285716,0,10.8,1.4,1.74,Graduate
1,15,1,10,1,1,1,22,27,7,10,0,0,0,1,0,1,21,0,3,6,6,6,12.333333333333334,0,2,6,8,6,11.333333333333334,0,13.9,-0.3,0.79,Graduate
1,8,1,14,1,1,1,22,28,4,4,0,0,1,1,1,0,19,0,0,6,7,6,13.166666666666666,0,0,6,9,5,13.2,0,8.9,1.4,3.51,Enrolled
1,15,1,5,1,14,1,1,28,5,7,0,0,1,0,0,0,22,0,2,7,9,5,11.6,0,5,9,9,5,10.0,0,12.4,0.5,1.79,Dropout
1,4,1,6,1,3,1,1,14,10,11,0,0,0,1,0,0,34,0,0,6,0,0,0.0,0,0,6,0,0,0.0,0,15.5,2.8,-4.06,Dropout
1,1,1,15,1,1,1,1,28,5,6,0,0,0,1,1,0,18,0,0,6,6,6,12.0,0,0,6,6,6,12.5,0,12.7,3.7,-1.7,Graduate
1,4,1,5,1,3,1,4,4,3,3,0,0,0,1,1,0,28,0,0,6,9,2,12.0,0,0,6,10,3,12.666666666666666,0,12.7,3.7,-1.7,Dropout
1,1,1,11,1,1,1,1,3,5,2,1,0,0,1,1,0,18,0,0,6,15,3,11.666666666666666,0,0,6,14,2,12.5,0,10.8,1.4,1.74,Dropout
2,12,1,17,0,1,1,22,27,10,10,0,0,0,1,1,0,29,0,0,5,5,5,15.2,0,0,5,5,5,15.2,0,11.1,0.6,2.02,Graduate
1,1,3,15,1,1,1,23,1,10,5,1,0,0,1,1,0,19,0,0,6,6,6,12.5,0,0,6,7,5,13.0,0,12.4,0.5,1.79,Graduate
1,13,1,16,1,1,1,22,28,4,4,0,0,0,1,0,0,20,0,0,6,8,5,11.0,0,0,6,10,3,10.666666666666666,0,12.7,3.7,-1.7,Dropout
1,15,1,4,1,14,1,23,28,10,9,1,0,0,1,1,0,20,0,0,6,8,5,12.857142857142858,0,0,6,11,6,12.3,0,16.2,0.3,-0.92,Graduate
2,12,1,3,0,12,1,19,24,1,1,0,0,0,1,0,0,46,0,0,6,9,6,13.333333333333334,0,0,6,6,6,11.833333333333334,0,7.6,2.6,0.32,Graduate
1,1,1,8,1,1,1,1,1,5,11,1,0,0,1,1,0,18,0,0,5,5,5,13.6,0,0,5,6,4,13.25,1,10.8,1.4,1.74,Graduate
1,14,1,5,1,1,1,13,14,10,10,1,0,0,1,1,1,20,0,0,6,8,3,11.0,0,0,6,8,2,11.333333333333334,0,10.8,1.4,1.74,Enrolled
1,1,1,2,1,1,1,13,27,10,8,1,0,0,1,0,1,18,0,0,0,0,0,0.0,0,0,0,0,0,0.0,0,12.4,0.5,1.79,Graduate
5,14,1,12,1,1,1,1,28,6,6,0,0,0,1,0,1,18,0,0,8,8,7,11.857142857142858,0,0,8,8,7,11.857142857142858,0,12.7,3.7,-1.7,Graduate
1,1,1,3,0,1,1,22,27,10,8,0,0,0,1,0,0,29,0,8,11,14,11,12.75,0,3,7,7,7,13.428571428571429,0,9.4,-0.8,-3.12,Graduate
1,1,2,12,1,1,1,1,1,5,4,1,0,0,1,0,0,18,0,0,7,7,6,15.25,0,0,7,7,6,15.25,0,7.6,2.6,0.32,Graduate
1,1,2,12,1,1,1,13,14,10,10,1,0,0,1,0,0,20,0,0,7,7,6,13.966666666666669,0,0,7,7,6,13.966666666666669,0,7.6,2.6,0.32,Graduate
2,12,1,10,1,12,1,22,27,10,5,0,0,0,1,1,0,42,0,0,6,0,0,0.0,0,0,6,0,0,0.0,0,15.5,2.8,-4.06,Dropout
1,1,2,7,1,1,1,13,14,10,10,1,0,0,1,1,0,18,0,0,5,5,0,0.0,0,0,5,5,0,0.0,0,9.4,-0.8,-3.12,Enrolled
1,15,1,8,1,14,1,1,14,5,8,0,0,0,1,1,0,20,0,2,6,12,5,12.4,0,1,6,11,2,15.0,0,13.9,-0.3,0.79,Enrolled
1,4,1,13,1,17,1,23,14,10,10,0,0,0,1,1,0,36,0,0,7,16,1,12.0,0,0,7,13,0,0.0,1,11.1,0.6,2.02,Dropout
1,8,5,14,1,1,1,1,14,6,6,0,0,0,1,0,0,21,0,0,5,7,3,12.666666666666666,0,0,5,6,4,12.75,1,7.6,2.6,0.32,Enrolled
1,17,1,6,1,16,1,13,27,5,10,1,0,0,1,0,0,20,0,7,11,15,11,13.785714285714286,0,4,9,9,9,13.88888888888889,0,8.9,1.4,3.51,Graduate
2,12,1,8,1,12,1,2,1,9,9,1,0,1,0,1,0,28,0,0,6,12,1,11.0,0,0,6,9,2,10.5,0,16.2,0.3,-0.92,Dropout
1,16,1,10,1,1,1,13,3,6,3,0,0,1,1,0,0,20,0,5,11,18,8,12.625,0,4,10,10,3,11.0,0,11.1,0.6,2.02,Enrolled
1,1,1,9,1,1,1,3,1,6,6,1,0,1,1,1,0,18,0,0,5,15,4,13.333333333333334,0,0,5,6,2,13.5,0,13.9,-0.3,0.79,Dropout
1,8,3,7,1,1,1,1,2,4,3,1,0,0,1,1,0,19,0,0,5,10,2,11.0,0,0,6,10,0,0.0,0,11.1,0.6,2.02,Dropout
1,1,1,10,1,1,1,22,28,10,11,0,0,0,1,0,0,18,0,0,6,9,6,13.714285714285714,0,0,6,6,6,14.166666666666666,0,13.9,-0.3,0.79,Graduate
1,1,1,2,1,1,14,3,3,3,6,1,0,0,1,0,1,19,1,0,0,0,0,0.0,0,0,0,0,0,0.0,0,13.9,-0.3,0.79,Graduate
2,1,1,3,0,1,1,22,27,10,10,1,0,0,1,0,0,45,0,8,12,14,12,14.0,0,2,7,12,7,13.857142857142858,0,7.6,2.6,0.32,Enrolled
2,12,1,12,1,1,1,22,27,29,42,0,0,0,1,0,0,35,0,0,7,11,5,13.34,0,0,7,9,5,10.84,0,12.4,0.5,1.79,Enrolled
1,5,1,14,1,1,9,22,27,10,10,0,0,0,1,0,0,20,1,0,5,6,5,11.6,0,0,5,6,4,11.5,0,9.4,-0.8,-3.12,Graduate
1,15,1,8,1,14,3,4,4,4,7,0,0,1,0,0,0,20,1,2,6,13,3,11.666666666666666,0,1,6,11,3,12.0,0,12.4,0.5,1.79,Dropout
4,14,4,17,0,9,1,22,27,10,10,0,0,0,0,0,0,40,0,0,5,10,0,0.0,0,0,5,5,0,0.0,0,7.6,2.6,0.32,Dropout
2,12,1,12,1,12,1,22,27,10,10,1,0,0,1,0,0,36,0,0,7,7,6,11.3,0,0,7,7,6,11.3,0,7.6,2.6,0.32,Graduate
1,1,1,10,1,1,1,3,3,4,4,0,0,0,1,0,0,20,0,0,6,6,6,14.5,0,0,6,6,6,12.666666666666666,0,12.4,0.5,1.79,Graduate
2,12,1,17,0,1,1,22,14,10,10,0,0,1,0,1,0,29,0,0,5,7,4,11.25,0,0,5,8,4,11.8,0,10.8,1.4,1.74,Dropout
1,6,1,9,1,1,8,1,3,30,4,0,0,1,1,1,0,40,1,0,5,10,1,11.0,0,0,5,10,1,10.0,0,11.1,0.6,2.02,Enrolled
1,9,4,12,1,1,1,3,1,4,5,1,0,0,1,0,0,18,0,0,7,8,7,13.6875,0,0,8,9,8,15.622222222222222,0,13.9,-0.3,0.79,Dropout
2,12,1,17,0,1,1,22,10,10,10,0,0,1,1,1,0,35,0,0,5,6,5,10.8,0,0,5,7,5,12.0,2,9.4,-0.8,-3.12,Dropout
1,14,1,4,1,1,1,22,1,6,5,0,0,0,1,1,0,25,0,8,14,24,8,12.5,2,6,13,23,10,11.6,0,15.5,2.8,-4.06,Dropout
1,1,3,12,1,1,1,13,14,6,5,1,0,0,1,0,1,20,0,0,8,8,8,13.38125,0,0,8,8,8,13.38125,0,9.4,-0.8,-3.12,Graduate
1,1,3,5,1,1,1,19,27,6,8,1,0,0,1,0,0,20,0,0,6,6,6,13.666666666666666,0,0,6,6,6,13.333333333333334,0,9.4,-0.8,-3.12,Graduate
1,12,1,4,1,1,1,23,27,8,8,0,0,0,1,1,0,32,0,12,18,25,18,13.736842105263158,0,10,13,15,12,13.75,1,15.5,2.8,-4.06,Graduate
1,1,1,6,1,1,1,3,1,5,10,1,0,0,1,1,0,21,0,0,6,15,3,11.25,0,0,6,9,0,0.0,0,12.4,0.5,1.79,Enrolled
4,12,1,3,0,3,1,22,27,10,10,0,0,0,1,0,1,43,0,0,6,7,5,12.2,0,0,6,6,6,12.333333333333334,0,9.4,-0.8,-3.12,Graduate
1,1,1,10,1,1,1,23,27,10,10,0,0,0,1,0,1,22,0,0,6,6,5,12.6,0,0,6,6,6,13.0,0,10.8,1.4,1.74,Graduate
1,15,1,4,1,14,1,22,28,10,7,0,0,0,1,0,1,20,0,0,6,8,6,12.625,0,0,6,10,6,13.2,0,16.2,0.3,-0.92,Graduate
1,1,1,6,1,1,1,1,27,5,10,1,0,0,1,0,0,21,0,0,6,12,4,12.5,0,0,6,13,2,12.666666666666666,0,11.1,0.6,2.02,Enrolled
1,1,1,12,1,1,1,13,14,6,8,0,0,0,1,0,1,19,0,0,7,7,7,13.7,0,0,8,9,7,14.671428571428574,0,12.4,0.5,1.79,Graduate
1,14,1,17,0,4,1,3,3,3,2,0,0,0,1,1,0,26,0,0,5,7,5,12.6,0,0,5,7,5,13.714285714285714,0,13.9,-0.3,0.79,Graduate
1,1,2,14,1,1,1,2,1,5,5,1,0,0,1,0,0,19,0,0,6,7,5,13.4,0,0,6,6,5,12.8,0,12.7,3.7,-1.7,Graduate
1,15,1,6,1,14,1,1,1,5,5,1,1,0,1,1,0,26,0,2,6,20,4,12.5,0,1,6,16,3,10.0,0,15.5,2.8,-4.06,Dropout
1,14,1,17,0,3,1,3,1,3,10,0,0,0,1,1,0,33,0,0,5,5,0,0.0,0,0,5,5,0,0.0,0,12.7,3.7,-1.7,Dropout
1,8,4,12,1,1,1,1,1,5,10,1,0,0,1,0,0,18,0,0,7,7,6,12.766666666666666,0,0,7,7,6,12.766666666666666,0,7.6,2.6,0.32,Graduate
1,8,1,12,1,1,1,13,1,5,11,1,0,0,1,0,0,18,0,0,7,7,6,13.116666666666667,0,0,7,7,6,13.116666666666667,0,7.6,2.6,0.32,Graduate
1,1,1,2,1,1,1,1,14,4,10,1,0,0,1,0,0,18,0,0,0,0,0,0.0,0,0,0,0,0,0.0,0,12.7,3.7,-1.7,Graduate
1,8,2,2,1,1,1,3,3,4,4,1,0,0,1,0,0,18,0,0,0,0,0,0.0,0,0,0,0,0,0.0,0,13.9,-0.3,0.79,Graduate
1,12,1,7,1,3,1,1,28,12,12,0,0,0,1,1,0,29,0,0,3,3,0,0.0,3,0,5,0,0,0.0,0,10.8,1.4,1.74,Dropout
1,14,2,10,1,1,1,13,14,5,6,1,0,0,1,0,0,24,0,6,10,16,10,12.5,0,2,7,9,4,12.6,0,16.2,0.3,-0.92,Graduate
1,1,1,6,1,1,1,23,28,5,10,0,0,0,1,1,1,18,0,0,6,8,6,15.5,0,0,6,9,4,15.5,0,11.1,0.6,2.02,Dropout
1,1,1,5,1,1,1,13,27,10,10,1,0,0,1,0,1,19,0,0,6,6,6,14.0,0,0,6,8,6,13.125,0,10.8,1.4,1.74,Graduate
1,8,1,6,1,1,1,22,26,5,12,0,0,0,1,1,0,23,0,0,5,6,4,14.25,0,0,5,6,5,13.4,0,7.6,2.6,0.32,Graduate
1,1,4,14,1,1,1,1,1,8,8,1,0,0,1,0,0,20,0,0,6,7,0,0.0,0,0,6,6,0,0.0,0,16.2,0.3,-0.92,Dropout
1,1,1,12,1,1,1,22,27,10,8,1,0,0,1,0,1,18,0,0,8,8,8,14.50125,0,0,8,8,8,14.50125,0,9.4,-0.8,-3.12,Graduate
1,9,1,6,1,1,1,22,27,10,10,1,0,0,1,0,1,21,0,0,6,7,6,13.5,0,0,6,6,3,15.333333333333334,0,8.9,1.4,3.51,Dropout
1,12,1,14,1,1,1,23,14,10,9,0,0,1,0,1,0,25,0,0,6,7,3,14.0,0,0,6,9,2,14.5,0,13.9,-0.3,0.79,Dropout
1,1,1,10,1,1,1,23,28,6,8,0,0,0,1,0,0,19,0,0,6,13,3,10.333333333333334,0,0,6,12,3,10.333333333333334,0,7.6,2.6,0.32,Enrolled
1,2,1,16,1,1,1,13,28,10,10,0,0,0,0,0,0,28,0,11,11,11,11,11.727272727272728,0,8,8,8,8,12.0,0,15.5,2.8,-4.06,Dropout
1,1,2,15,1,1,1,1,14,10,8,1,0,0,1,0,0,20,0,0,6,6,6,13.333333333333334,0,0,6,10,5,12.8,0,11.1,0.6,2.02,Graduate
4,12,1,14,1,1,1,22,27,5,11,0,0,1,1,0,1,39,0,0,5,6,5,10.6,0,0,5,7,4,10.75,0,9.4,-0.8,-3.12,Graduate
1,1,1,10,1,1,1,13,14,10,8,0,0,0,1,0,1,18,0,0,6,6,6,14.333333333333334,0,0,6,7,6,14.142857142857142,0,15.5,2.8,-4.06,Graduate
1,14,2,12,1,6,1,1,14,5,11,0,0,0,1,1,0,22,0,0,7,7,6,12.733333333333334,0,0,7,7,6,12.733333333333334,0,7.6,2.6,0.32,Graduate
1,8,1,15,1,1,1,23,28,10,9,1,0,0,1,0,1,18,0,0,6,6,6,12.833333333333334,0,0,6,7,6,12.285714285714286,0,15.5,2.8,-4.06,Graduate
1,14,3,12,1,1,1,23,27,7,6,1,0,0,1,0,1,18,0,0,7,8,5,11.98,0,0,7,8,5,11.98,0,7.6,2.6,0.32,Enrolled
4,12,2,13,1,1,1,23,27,8,8,1,0,0,1,0,0,24,0,0,7,0,0,0.0,0,0,7,0,0,0.0,0,10.8,1.4,1.74,Dropout
1,12,1,3,0,1,1,22,27,10,9,0,0,0,1,0,1,33,0,0,6,6,6,14.166666666666666,0,0,6,6,6,14.333333333333334,0,12.7,3.7,-1.7,Graduate
1,1,1,14,1,1,1,22,27,6,6,0,0,0,1,0,0,19,0,0,6,7,6,14.857142857142858,0,0,6,6,6,13.333333333333334,0,12.4,0.5,1.79,Graduate
2,12,1,17,0,12,1,22,27,10,8,0,0,1,1,1,0,50,0,0,5,10,5,11.857142857142858,0,0,5,17,5,11.5,5,16.2,0.3,-0.92,Graduate
4,14,1,12,1,1,1,22,27,10,10,0,0,0,1,0,0,38,0,1,8,12,5,13.126,1,1,8,12,5,13.126,1,10.8,1.4,1.74,Enrolled
1,12,1,12,1,12,1,22,27,10,7,0,0,0,0,0,1,39,0,0,7,14,3,11.5,0,0,7,9,2,10.5,0,16.2,0.3,-0.92,Dropout
1,14,1,5,1,1,1,23,28,8,8,1,0,0,1,1,0,25,0,11,17,18,13,11.538461538461538,0,10,15,15,10,12.4,0,12.7,3.7,-1.7,Dropout
2,12,1,17,0,12,1,22,27,10,10,0,0,0,1,0,0,47,0,0,5,5,5,14.8,0,0,5,5,5,14.4,0,7.6,2.6,0.32,Graduate
1,15,1,4,1,14,1,2,3,10,7,0,0,0,1,1,0,20,0,0,6,12,4,10.8,0,0,6,13,4,12.0,0,12.4,0.5,1.79,Enrolled
1,1,3,16,1,1,1,1,3,6,4,0,0,0,1,0,0,19,0,0,7,7,7,13.857142857142858,0,0,7,7,7,14.285714285714286,0,11.1,0.6,2.02,Graduate
1,3,3,6,1,1,1,22,27,1,12,0,0,1,1,0,1,18,0,0,5,5,5,14.4,0,0,5,5,5,14.0,0,7.6,2.6,0.32,Dropout
2,12,1,3,0,12,1,22,27,7,7,0,0,0,1,1,0,49,0,0,6,8,6,12.166666666666666,0,0,6,8,6,14.428571428571429,0,12.4,0.5,1.79,Graduate
1,1,1,2,1,1,1,1,14,15,16,1,1,0,1,0,0,19,0,0,0,0,0,0.0,0,0,0,0,0,0.0,0,13.9,-0.3,0.79,Dropout
1,8,3,9,1,1,1,1,1,5,8,1,0,0,1,0,0,18,0,0,5,5,5,12.6,0,0,5,5,4,11.0,0,11.1,0.6,2.02,Enrolled
1,1,1,8,1,1,1,2,27,10,8,1,0,0,1,1,1,18,0,0,6,7,6,13.5,0,0,6,8,6,12.5,0,12.4,0.5,1.79,Graduate
1,1,1,15,1,1,1,13,1,8,10,1,0,0,1,0,0,19,0,0,6,7,6,12.833333333333334,0,0,6,7,6,11.666666666666666,0,11.1,0.6,2.02,Graduate
1,15,1,17,0,14,1,22,27,6,6,1,0,0,1,1,0,32,0,2,6,9,4,12.5,0,3,7,7,4,11.0,0,9.4,-0.8,-3.12,Dropout
2,17,1,9,1,16,1,13,14,28,31,0,0,0,1,0,0,30,0,6,11,20,9,12.22222222222222,0,3,9,16,9,11.6,0,8.9,1.4,3.51,Enrolled
1,12,1,7,1,15,1,1,1,6,11,0,0,0,1,1,0,25,0,2,5,6,5,14.2,0,1,5,5,2,13.5,0,16.2,0.3,-0.92,Enrolled
1,15,1,11,1,14,1,13,2,10,4,0,0,0,0,1,0,26,0,2,8,14,8,15.125,0,1,6,12,6,13.666666666666666,0,11.1,0.6,2.02,Enrolled
1,1,1,2,1,1,1,3,2,3,6,1,0,0,1,1,0,19,0,0,0,0,0,0.0,0,0,0,0,0,0.0,0,9.4,-0.8,-3.12,Graduate
1,1,1,9,1,1,1,22,27,10,10,1,0,0,1,0,0,20,0,0,5,9,2,10.0,0,0,5,10,2,11.0,0,7.6,2.6,0.32,Enrolled
1,8,4,10,1,1,1,22,27,10,9,1,0,0,1,1,0,21,0,0,6,6,6,12.333333333333334,0,0,6,7,6,13.666666666666666,0,8.9,1.4,3.51,Graduate
1,8,3,12,1,1,1,10,1,5,11,1,0,0,1,0,0,18,0,0,7,7,7,13.685714285714283,0,0,8,8,8,15.3875,0,13.9,-0.3,0.79,Graduate
2,12,1,17,0,1,1,23,28,2,5,0,0,0,1,1,0,43,0,0,5,5,5,13.8,0,0,5,6,5,13.666666666666666,0,10.8,1.4,1.74,Graduate
1,1,2,10,1,1,1,14,21,1,9,1,0,0,1,0,0,19,0,0,6,8,6,14.375,0,0,6,8,6,14.75,0,7.6,2.6,0.32,Graduate
2,12,2,17,0,1,1,22,27,10,10,1,0,0,1,1,0,51,0,0,4,4,0,0.0,0,0,5,0,0,0.0,0,12.7,3.7,-1.7,Dropout
1,8,1,16,1,1,1,13,14,10,9,0,0,0,1,0,1,19,0,0,7,7,7,14.428571428571429,0,0,7,7,7,14.142857142857142,0,16.2,0.3,-0.92,Graduate
1,1,4,12,1,1,1,3,29,3,4,1,0,0,1,0,0,18,0,0,7,8,7,12.65,0,0,8,9,8,13.411111111111111,0,16.2,0.3,-0.92,Dropout
2,12,1,17,0,12,1,23,28,12,12,1,0,0,1,1,0,45,0,0,5,5,0,0.0,0,0,5,5,0,0.0,0,7.6,2.6,0.32,Dropout
1,16,1,5,1,1,1,3,1,3,9,0,0,1,1,0,0,20,0,4,10,12,10,13.0,0,5,11,11,11,12.272727272727272,0,11.1,0.6,2.02,Graduate
1,1,1,2,1,1,1,13,14,5,9,1,0,0,1,1,1,21,0,0,0,0,0,0.0,0,0,0,0,0,0.0,0,12.4,0.5,1.79,Graduate
1,1,2,2,1,1,1,23,28,5,10,1,0,0,1,1,0,19,0,0,0,0,0,0.0,0,0,0,0,0,0.0,0,7.6,2.6,0.32,Graduate
1,8,4,11,1,1,1,23,28,6,6,1,0,0,1,0,0,20,0,0,6,6,6,11.0,0,0,6,8,4,12.75,0,9.4,-0.8,-3.12,Graduate
2,12,1,4,1,1,1,1,27,10,2,0,0,1,0,1,0,25,0,3,10,23,6,11.428571428571429,0,2,7,15,4,12.0,1,15.5,2.8,-4.06,Dropout
1,1,1,6,1,1,1,22,27,5,10,1,0,1,1,0,0,29,0,4,5,11,4,12.5,2,1,5,11,2,12.5,0,12.7,3.7,-1.7,Dropout
1,15,1,4,1,14,1,23,28,7,7,1,0,0,1,0,0,21,0,0,6,11,6,13.428571428571429,0,0,6,12,6,12.857142857142858,0,15.5,2.8,-4.06,Graduate
2,12,1,12,1,3,1,1,1,5,7,0,0,0,1,1,0,32,0,0,7,7,7,13.62857142857143,0,0,8,8,8,13.9125,0,13.9,-0.3,0.79,Graduate
1,1,1,8,1,1,1,25,14,3,10,1,0,0,1,0,0,18,0,0,6,8,5,14.4,0,0,6,11,4,14.6,0,8.9,1.4,3.51,Dropout
1,1,1,12,1,1,1,1,14,5,5,0,0,0,1,1,0,19,0,0,7,7,7,12.2,0,0,7,7,7,12.2,0,7.6,2.6,0.32,Enrolled
1,1,1,6,1,1,1,22,14,10,6,1,0,0,1,0,1,19,0,0,5,10,2,13.5,0,0,5,11,5,11.4,1,10.8,1.4,1.74,Enrolled
1,1,1,15,1,1,1,3,3,3,3,1,0,1,0,0,0,18,0,0,6,7,5,12.2,0,0,6,11,4,11.5,0,11.1,0.6,2.02,Dropout
2,12,1,3,0,1,1,19,24,12,12,0,0,0,0,0,0,51,0,0,6,13,4,11.25,0,0,6,12,0,0.0,1,10.8,1.4,1.74,Dropout
1,1,6,12,1,1,1,13,14,10,10,1,0,0,1,0,1,18,0,0,8,8,7,13.585714285714284,0,0,8,8,7,13.585714285714284,0,12.7,3.7,-1.7,Graduate
1,1,3,10,1,1,1,1,1,4,4,1,0,0,1,0,0,20,0,0,6,9,5,11.8,0,0,6,7,6,11.5,0,7.6,2.6,0.32,Graduate
1,8,2,12,1,1,1,13,27,4,6,1,0,0,0,0,1,20,0,0,7,7,7,13.462857142857144,0,0,8,10,7,13.164285714285716,0,11.1,0.6,2.02,Enrolled
2,16,1,16,1,1,1,22,27,8,9,0,0,0,1,0,0,35,0,0,7,7,0,0.0,0,0,6,0,0,0.0,0,8.9,1.4,3.51,Dropout
1,1,4,12,1,1,1,23,28,10,9,1,0,0,1,0,0,18,0,0,8,8,7,12.242857142857144,0,0,8,8,7,12.242857142857144,0,12.7,3.7,-1.7,Graduate
1,15,1,8,1,14,1,22,27,10,4,1,0,0,1,1,0,21,0,1,6,8,6,12.5,0,0,6,11,3,13.333333333333334,0,13.9,-0.3,0.79,Dropout
1,2,1,9,1,1,1,22,27,10,10,1,0,0,1,0,0,29,0,13,15,19,13,11.76923076923077,0,12,14,17,14,11.928571428571429,0,9.4,-0.8,-3.12,Graduate
1,1,1,6,1,1,1,1,10,5,6,0,0,0,1,0,0,20,0,0,6,10,6,13.428571428571429,0,0,6,11,5,12.666666666666666,0,13.9,-0.3,0.79,Enrolled
1,4,1,7,1,3,1,3,2,3,3,0,0,0,1,0,0,35,0,0,5,0,0,0.0,0,0,5,0,0,0.0,0,13.9,-0.3,0.79,Dropout
1,8,4,14,1,1,1,1,14,6,6,1,0,0,1,0,0,18,0,0,6,8,6,11.875,0,0,6,11,4,14.6,0,11.1,0.6,2.02,Graduate
1,12,1,12,1,1,1,3,1,3,6,1,0,0,1,0,0,34,0,0,8,11,7,11.705714285714285,0,0,8,11,7,11.705714285714285,0,10.8,1.4,1.74,Enrolled
1,1,1,14,1,1,1,1,1,6,10,0,0,0,1,1,1,18,0,0,6,8,6,12.166666666666666,0,0,6,7,5,13.0,0,13.9,-0.3,0.79,Graduate
1,1,1,12,1,1,1,3,4,4,4,0,0,0,1,0,0,18,0,0,7,7,7,14.45,0,0,8,9,8,14.144444444444444,0,11.1,0.6,2.02,Graduate
1,8,1,9,1,1,1,23,2,10,3,1,0,0,1,0,0,20,0,0,5,8,3,11.333333333333334,0,0,5,12,2,10.666666666666666,0,10.8,1.4,1.74,Enrolled
1,1,1,10,1,1,1,23,1,6,8,0,0,0,1,0,1,18,0,0,6,7,6,13.285714285714286,0,0,6,6,6,14.333333333333334,0,12.4,0.5,1.79,Graduate
1,14,2,12,1,1,1,23,27,5,5,1,0,0,1,1,1,28,0,18,23,23,20,13.5,3,18,23,23,20,13.5,3,7.6,2.6,0.32,Graduate
1,8,5,15,1,1,1,1,14,10,6,1,0,0,1,1,0,19,0,0,6,6,6,13.166666666666666,0,0,6,8,6,12.428571428571429,0,16.2,0.3,-0.92,Graduate
1,14,1,5,1,1,1,2,3,4,3,0,0,0,1,0,0,19,0,1,6,6,5,12.4,0,0,6,8,6,12.75,0,10.8,1.4,1.74,Enrolled
1,14,1,10,1,1,1,19,24,1,1,0,0,0,1,0,0,30,0,9,16,19,15,12.266666666666667,0,11,13,14,13,12.071428571428571,0,9.4,-0.8,-3.12,Graduate
4,12,1,11,1,1,1,23,27,10,10,0,0,1,1,0,0,45,0,4,10,12,5,12.166666666666666,4,2,8,8,0,0.0,2,12.7,3.7,-1.7,Dropout
1,1,1,11,1,1,1,13,7,1,1,1,0,0,1,0,1,20,0,0,6,12,0,0.0,0,0,6,12,0,0.0,0,7.6,2.6,0.32,Dropout
1,17,1,6,1,16,1,1,14,4,9,1,0,0,1,1,1,21,0,7,11,15,9,14.22222222222222,0,4,9,15,7,13.75,0,8.9,1.4,3.51,Graduate
1,14,1,3,0,8,1,19,24,1,1,1,0,0,1,0,0,30,0,3,9,11,9,12.666666666666666,0,2,7,7,7,12.142857142857142,0,7.6,2.6,0.32,Graduate
1,17,1,6,1,16,1,1,3,5,3,1,0,0,0,0,1,20,0,7,12,15,11,13.384615384615383,0,4,9,13,7,14.285714285714286,0,8.9,1.4,3.51,Graduate
2,14,1,9,1,2,1,22,27,10,10,0,0,1,0,0,0,42,0,13,13,13,13,11.923076923076923,0,12,12,12,12,12.5,0,15.5,2.8,-4.06,Dropout
4,12,1,12,1,12,1,23,14,6,8,0,0,0,1,0,1,26,0,0,7,13,5,12.74,0,0,8,12,6,10.978571428571428,0,16.2,0.3,-0.92,Dropout
1,1,1,12,1,1,1,1,14,6,6,1,0,0,1,0,0,18,0,0,7,9,7,13.044444444444444,0,0,8,10,8,13.595,0,15.5,2.8,-4.06,Graduate
1,15,1,5,1,14,1,13,1,10,4,1,0,0,1,1,0,23,0,2,7,8,5,12.2,0,5,9,10,7,12.142857142857142,1,16.2,0.3,-0.92,Dropout
1,1,3,9,1,1,1,1,28,6,8,1,0,0,1,0,1,19,0,0,5,5,5,11.6,0,0,5,11,3,12.666666666666666,0,9.4,-0.8,-3.12,Enrolled
4,14,1,3,0,1,1,23,27,10,10,0,0,0,1,0,1,39,0,3,9,9,9,13.11111111111111,0,2,7,10,7,11.714285714285714,0,12.7,3.7,-1.7,Graduate
1,8,1,14,1,1,1,23,27,8,6,0,0,0,1,1,1,18,0,0,6,7,6,12.285714285714286,0,0,6,7,6,13.333333333333334,1,16.2,0.3,-0.92,Graduate
1,1,5,12,1,1,1,23,28,8,8,1,0,0,1,0,1,19,0,0,7,7,6,14.15,0,0,7,7,6,14.15,0,7.6,2.6,0.32,Graduate
1,14,1,15,1,1,1,13,1,6,6,1,0,0,1,0,0,18,0,0,6,6,0,0.0,0,0,6,10,3,11.0,0,16.2,0.3,-0.92,Enrolled
1,15,1,8,1,14,1,23,14,10,10,0,0,0,1,1,0,24,0,2,6,8,4,11.75,0,1,6,8,2,13.5,0,11.1,0.6,2.02,Dropout
1,1,1,10,1,1,1,22,14,6,11,0,0,1,1,0,0,18,0,0,6,10,5,10.6,0,0,6,14,2,10.0,0,7.6,2.6,0.32,Enrolled
1,15,1,4,1,14,1,13,27,10,10,1,0,0,1,1,0,23,0,0,6,8,6,12.571428571428571,0,0,6,7,6,12.428571428571429,0,8.9,1.4,3.51,Graduate
1,1,5,15,1,1,1,13,28,4,6,1,0,0,1,0,0,20,0,0,6,7,6,13.833333333333334,0,0,6,6,6,12.833333333333334,0,11.1,0.6,2.02,Graduate
1,1,1,10,1,1,1,1,28,6,9,0,0,0,1,0,1,20,0,0,6,11,5,10.6,0,0,6,9,5,11.166666666666666,0,11.1,0.6,2.02,Enrolled
1,12,1,4,1,1,1,1,27,10,9,0,0,0,1,1,0,29,0,0,3,4,0,0.0,0,0,4,8,0,0.0,0,16.2,0.3,-0.92,Dropout
1,1,6,16,1,1,1,1,14,6,6,0,0,0,1,0,0,18,0,0,6,6,6,12.666666666666666,0,0,6,6,6,12.0,0,7.6,2.6,0.32,Graduate
1,8,3,16,1,1,1,23,28,6,8,1,0,0,1,0,0,19,0,0,6,9,5,12.4,0,0,6,10,3,10.666666666666666,0,10.8,1.4,1.74,Dropout
1,14,1,13,1,1,1,2,3,4,3,0,0,0,1,0,0,25,0,2,7,10,3,13.0,0,1,8,10,3,11.666666666666666,4,10.8,1.4,1.74,Enrolled
1,12,1,9,1,1,1,23,28,8,10,0,1,0,1,0,1,26,0,0,5,8,4,13.0,0,0,5,10,4,12.25,2,16.2,0.3,-0.92,Graduate
1,1,2,12,1,1,1,13,1,6,6,1,0,0,1,0,0,19,0,0,7,7,7,14.20857142857143,0,0,8,9,8,15.127777777777778,0,11.1,0.6,2.02,Graduate
1,8,2,14,1,1,1,1,14,6,5,0,0,0,1,0,0,19,0,0,5,5,5,14.2,0,0,5,5,5,14.2,0,7.6,2.6,0.32,Graduate
4,14,1,10,1,1,1,22,27,10,10,0,0,1,1,0,0,34,0,0,6,13,4,11.25,0,0,6,8,4,13.75,0,13.9,-0.3,0.79,Graduate
4,12,1,9,1,1,1,22,27,10,10,0,0,0,1,0,0,43,0,0,5,5,5,16.4,0,0,5,5,5,16.6,0,7.6,2.6,0.32,Graduate
1,15,1,8,1,14,1,13,14,6,6,1,0,1,0,0,0,20,0,1,6,11,3,12.0,0,0,6,11,2,11.0,0,12.4,0.5,1.79,Enrolled
1,1,6,12,1,1,1,1,14,10,5,1,0,0,1,0,1,19,0,0,8,8,7,14.214285714285714,0,0,8,8,7,14.214285714285714,0,12.7,3.7,-1.7,Graduate
1,13,1,15,1,1,1,13,6,5,4,0,0,0,1,1,0,27,0,0,4,8,0,0.0,0,0,5,10,0,0.0,0,9.4,-0.8,-3.12,Dropout
1,8,2,16,1,1,1,13,1,10,4,1,0,0,1,0,0,20,0,0,7,12,6,11.666666666666666,0,0,7,10,3,13.0,0,16.2,0.3,-0.92,Enrolled
1,1,1,2,1,1,1,13,14,4,11,1,0,0,1,0,0,21,0,13,17,20,17,12.0,0,14,17,18,17,12.666666666666666,0,11.1,0.6,2.02,Graduate
1,1,2,9,1,1,1,3,14,3,5,1,0,0,1,0,0,21,0,0,5,9,3,11.666666666666666,0,0,5,9,4,11.75,0,8.9,1.4,3.51,Graduate
1,7,1,2,1,1,1,23,27,10,10,1,0,0,1,1,1,18,0,0,0,0,0,0.0,0,0,0,0,0,0.0,0,10.8,1.4,1.74,Enrolled
1,8,2,16,1,1,1,22,27,10,10,1,0,0,1,0,0,23,0,0,6,11,4,11.25,0,0,6,10,5,10.2,0,7.6,2.6,0.32,Dropout
1,12,1,4,1,9,1,22,1,10,11,0,0,0,1,1,0,28,0,0,6,6,0,0.0,0,0,6,6,0,0.0,0,11.1,0.6,2.02,Dropout
1,12,1,3,0,1,1,22,9,10,8,0,0,1,0,1,0,50,0,0,6,6,0,0.0,0,0,5,6,0,0.0,0,12.4,0.5,1.79,Dropout
2,12,1,17,0,12,1,22,1,6,6,0,0,0,1,1,0,44,0,0,5,9,3,11.333333333333334,0,0,5,8,5,11.142857142857142,0,13.9,-0.3,0.79,Dropout
1,1,1,15,1,1,1,22,27,10,8,1,0,0,1,1,1,21,0,0,6,6,6,13.5,0,0,6,6,6,14.166666666666666,0,12.7,3.7,-1.7,Graduate
1,1,1,12,1,1,1,13,1,5,5,0,0,0,1,0,0,18,0,0,8,8,8,14.445,0,0,8,8,8,14.445,0,9.4,-0.8,-3.12,Graduate
1,1,1,8,1,1,1,3,14,5,9,1,0,0,1,0,0,19,0,0,6,6,6,14.666666666666666,0,0,6,8,6,13.666666666666666,0,12.4,0.5,1.79,Graduate
1,12,1,14,1,1,1,22,27,12,12,0,0,1,0,1,0,44,0,0,6,9,1,14.0,0,0,6,6,0,0.0,0,12.7,3.7,-1.7,Dropout
1,12,1,17,0,1,1,22,27,10,10,0,0,0,1,0,0,24,0,0,5,9,5,12.285714285714286,0,0,5,8,5,12.125,0,16.2,0.3,-0.92,Enrolled
1,8,4,9,1,1,1,13,14,6,6,1,0,0,1,0,0,19,0,0,5,7,5,13.6,0,0,5,6,5,12.2,0,8.9,1.4,3.51,Graduate
1,1,1,9,1,1,1,23,27,10,6,0,0,0,1,0,0,18,0,0,5,5,5,14.4,0,0,5,5,5,15.4,0,7.6,2.6,0.32,Graduate
1,1,1,11,1,1,1,1,1,10,11,0,0,0,1,1,0,20,0,0,6,8,6,12.857142857142858,0,0,6,9,5,12.4,0,8.9,1.4,3.51,Enrolled
1,1,2,14,1,1,1,1,14,5,8,1,0,0,1,0,1,19,0,0,6,6,6,13.333333333333334,0,0,6,10,5,13.4,0,8.9,1.4,3.51,Graduate
1,8,4,5,1,1,1,1,14,5,6,1,0,0,1,0,0,18,0,0,6,8,5,11.8,0,0,6,7,5,10.4,1,16.2,0.3,-0.92,Graduate
1,1,5,16,1,1,1,22,14,10,6,1,0,0,1,0,0,18,0,0,6,8,5,12.4,0,0,6,12,5,10.4,0,9.4,-0.8,-3.12,Dropout
1,1,1,10,1,1,1,1,28,6,8,0,0,0,1,0,1,20,0,0,6,7,6,15.0,0,0,6,6,6,16.333333333333332,0,13.9,-0.3,0.79,Graduate
1,8,2,11,1,1,1,1,14,10,10,1,0,0,1,0,1,18,0,0,6,6,6,12.833333333333334,0,0,6,7,6,12.333333333333334,0,13.9,-0.3,0.79,Graduate
1,8,1,9,1,1,1,22,1,10,10,1,0,1,1,0,1,19,0,0,5,5,4,11.0,0,0,5,5,0,0.0,0,11.1,0.6,2.02,Dropout
1,1,1,6,1,1,1,23,27,5,5,0,0,0,1,0,1,19,0,0,6,8,6,15.0,0,0,6,9,6,14.857142857142858,0,11.1,0.6,2.02,Graduate
1,5,2,15,1,1,9,13,28,4,6,1,0,0,0,0,0,18,1,0,6,8,5,12.0,0,0,6,0,0,0.0,0,10.8,1.4,1.74,Dropout
1,14,1,9,1,1,1,1,1,5,5,0,0,0,1,1,0,22,0,0,5,6,0,0.0,0,0,5,8,2,11.5,0,15.5,2.8,-4.06,Dropout
1,14,1,14,1,1,1,23,1,9,11,1,0,0,1,1,0,18,0,0,6,16,5,13.8,0,0,6,7,5,12.4,0,13.9,-0.3,0.79,Enrolled
1,14,1,4,1,1,1,1,2,5,3,0,0,0,1,1,0,28,0,9,18,36,17,13.058823529411764,1,6,12,15,12,12.307692307692308,0,15.5,2.8,-4.06,Graduate
1,1,5,7,1,1,1,10,14,5,6,1,0,0,1,1,0,19,0,0,5,12,3,12.0,0,0,5,10,3,12.0,0,12.4,0.5,1.79,Dropout
1,1,1,16,1,1,1,23,28,10,10,0,0,1,0,0,0,19,0,0,7,11,4,12.0,0,0,7,9,6,11.833333333333334,0,16.2,0.3,-0.92,Dropout
1,1,1,2,1,1,1,3,1,5,4,1,0,0,0,0,0,19,0,0,0,0,0,0.0,0,0,0,0,0,0.0,0,16.2,0.3,-0.92,Graduate
1,4,1,16,1,3,1,13,14,5,6,0,0,1,0,0,0,25,0,1,6,7,6,14.428571428571429,0,0,6,7,6,13.666666666666666,0,10.8,1.4,1.74,Graduate
1,8,2,9,1,1,1,23,28,7,9,1,0,0,1,0,1,19,0,0,5,6,5,13.4,0,0,5,5,5,12.4,0,12.4,0.5,1.79,Graduate
1,12,1,10,1,1,1,19,24,1,1,1,0,0,0,0,0,28,0,0,6,11,1,13.0,0,0,6,12,0,0.0,0,9.4,-0.8,-3.12,Dropout
1,17,1,6,1,16,1,1,14,5,9,1,0,0,1,0,0,20,0,7,11,13,11,14.615384615384617,0,4,9,11,9,13.7,0,8.9,1.4,3.51,Graduate
1,1,1,5,1,1,1,1,1,5,9,0,0,0,1,1,0,19,0,0,6,0,0,0.0,0,0,6,0,0,0.0,0,15.5,2.8,-4.06,Dropout
1,14,1,10,1,1,1,22,27,10,10,0,0,0,1,0,0,36,0,10,16,24,13,10.692307692307692,1,9,13,19,9,12.307692307692308,0,15.5,2.8,-4.06,Enrolled
1,1,2,8,1,1,1,13,27,10,10,1,0,0,1,0,0,18,0,0,5,10,4,13.5,1,0,5,5,5,13.4,0,12.7,3.7,-1.7,Enrolled
1,13,1,12,1,1,1,22,1,10,5,1,0,0,1,0,0,23,0,20,26,27,26,15.07777777777778,0,14,17,17,17,15.023529411764704,0,15.5,2.8,-4.06,Graduate
1,8,3,10,1,1,1,1,29,6,4,1,0,0,1,0,0,18,0,0,6,7,6,13.0,0,0,6,6,6,13.666666666666666,0,12.4,0.5,1.79,Graduate
1,12,1,6,1,1,1,22,27,10,10,0,0,0,0,0,0,32,0,0,6,0,0,0.0,0,0,6,0,0,0.0,0,11.1,0.6,2.02,Dropout
1,14,2,17,0,1,1,22,27,6,6,1,0,0,0,1,0,27,0,0,5,5,0,0.0,0,0,5,5,0,0.0,0,12.7,3.7,-1.7,Dropout
1,1,1,14,1,1,1,13,27,6,8,0,0,0,1,1,1,20,0,0,5,7,4,11.0,0,0,5,7,4,11.5,0,9.4,-0.8,-3.12,Graduate
1,4,1,12,1,3,1,13,28,5,11,1,0,0,1,0,0,23,0,1,7,8,6,14.357142857142858,0,1,7,8,6,14.357142857142858,0,7.6,2.6,0.32,Graduate
4,12,2,3,0,1,1,22,28,8,6,0,0,0,1,0,1,41,0,0,6,8,6,11.333333333333334,0,0,6,9,6,11.333333333333334,0,10.8,1.4,1.74,Graduate
1,1,1,14,1,1,1,22,1,8,1,0,0,0,1,0,0,20,0,0,5,7,4,11.75,0,0,5,7,5,11.8,1,7.6,2.6,0.32,Graduate
1,1,1,10,1,1,1,22,28,10,10,1,0,1,0,0,1,19,0,0,6,8,5,10.6,0,0,6,8,5,11.0,0,10.8,1.4,1.74,Graduate
1,1,1,3,0,1,1,19,27,10,12,1,0,0,1,0,0,25,0,0,6,6,6,12.833333333333334,0,0,6,6,6,12.833333333333334,0,7.6,2.6,0.32,Graduate
1,15,1,6,1,14,1,13,28,32,44,1,0,0,1,0,0,23,0,0,6,11,4,11.5,0,0,6,12,4,12.2,0,8.9,1.4,3.51,Enrolled
1,8,1,6,1,1,1,2,3,3,3,0,0,0,1,0,0,20,0,0,5,12,3,11.666666666666666,2,0,5,11,4,11.5,1,9.4,-0.8,-3.12,Graduate
2,12,1,9,1,1,1,23,27,5,8,1,0,0,0,0,0,39,0,0,5,12,3,10.666666666666666,2,0,5,15,3,10.666666666666666,0,9.4,-0.8,-3.12,Dropout
1,14,3,9,1,1,8,3,27,4,4,1,0,0,1,0,0,22,1,0,5,8,1,10.0,0,0,5,8,2,13.0,0,7.6,2.6,0.32,Dropout
1,6,1,16,1,1,14,28,1,25,26,0,0,0,1,0,0,23,1,11,16,17,16,14.625,0,6,10,12,9,14.88888888888889,0,8.9,1.4,3.51,Graduate
1,1,1,10,1,1,1,1,14,6,10,0,0,0,1,1,0,18,0,0,6,8,6,12.0,0,0,6,7,6,11.714285714285714,0,15.5,2.8,-4.06,Graduate
1,5,1,6,1,1,1,22,27,6,6,1,0,0,1,0,0,22,0,2,5,7,5,14.2,0,0,5,10,5,12.2,0,12.7,3.7,-1.7,Graduate
2,12,1,17,0,9,1,22,27,10,10,1,0,0,1,1,0,52,0,0,5,5,5,13.6,0,0,5,5,5,14.2,0,7.6,2.6,0.32,Graduate
1,14,1,3,0,1,1,23,3,18,20,0,0,0,1,1,0,54,0,9,13,14,13,13.307692307692308,0,7,11,12,11,12.818181818181818,0,12.7,3.7,-1.7,Enrolled
1,12,1,12,1,1,1,1,14,5,9,0,0,0,1,0,0,24,0,0,8,8,7,12.412857142857144,0,0,8,8,7,12.412857142857144,0,10.8,1.4,1.74,Graduate
2,1,1,9,1,1,1,13,27,10,10,0,0,0,1,0,0,19,0,0,5,6,4,11.25,0,0,5,10,3,11.714285714285714,0,10.8,1.4,1.74,Enrolled
1,8,1,6,1,1,1,13,28,5,9,0,0,0,0,1,0,19,0,0,6,11,5,13.6,0,0,6,11,5,13.666666666666666,0,11.1,0.6,2.02,Enrolled
2,12,1,17,0,12,1,22,27,6,6,1,0,0,1,1,0,41,0,0,5,5,0,0.0,0,0,5,5,0,0.0,0,7.6,2.6,0.32,Dropout
2,12,1,4,1,1,1,1,3,5,3,0,0,1,0,1,0,49,0,4,12,16,5,11.6,0,2,7,7,5,11.2,0,8.9,1.4,3.51,Dropout
1,8,1,14,1,1,1,23,27,10,10,0,0,0,0,1,0,20,0,0,6,6,6,11.5,0,0,6,9,2,13.0,0,10.8,1.4,1.74,Dropout
1,8,3,5,1,1,1,23,27,6,6,1,0,0,1,1,0,18,0,0,6,6,6,12.833333333333334,0,0,6,8,5,11.4,0,15.5,2.8,-4.06,Enrolled
1,12,1,13,1,12,1,22,28,10,10,0,0,0,1,0,0,29,0,0,7,9,1,10.0,0,0,7,0,0,0.0,0,12.7,3.7,-1.7,Dropout
1,1,1,14,1,1,1,1,27,5,10,0,0,0,1,1,0,19,0,0,5,5,5,10.8,0,0,5,5,4,12.25,0,9.4,-0.8,-3.12,Graduate
2,12,1,16,1,1,1,22,27,10,10,0,0,1,0,0,0,32,0,0,6,6,0,0.0,0,0,5,10,0,0.0,0,10.8,1.4,1.74,Dropout
1,8,1,7,1,1,1,13,1,6,5,1,0,0,1,1,0,20,0,0,5,7,5,15.8,0,0,5,7,5,14.571428571428571,0,11.1,0.6,2.02,Dropout
1,1,2,5,1,1,1,23,14,8,8,1,0,0,1,1,0,18,0,0,6,7,6,12.833333333333334,0,0,6,7,6,12.571428571428571,0,8.9,1.4,3.51,Graduate
1,15,1,3,0,14,1,1,14,10,10,0,0,0,1,0,1,21,0,3,6,6,6,11.5,0,2,6,7,6,13.285714285714286,0,12.4,0.5,1.79,Graduate
2,4,1,8,1,2,1,13,14,5,9,1,0,0,1,1,0,37,0,0,6,9,0,0.0,0,0,6,6,0,0.0,0,16.2,0.3,-0.92,Dropout
1,12,1,7,1,1,1,13,14,10,8,0,0,1,1,1,0,24,0,0,5,12,1,10.0,0,0,5,11,1,11.0,0,8.9,1.4,3.51,Enrolled
1,14,2,11,1,1,1,13,14,10,10,1,0,0,1,0,0,19,0,0,6,0,0,0.0,0,0,6,12,0,0.0,0,10.8,1.4,1.74,Dropout
1,12,1,6,1,1,1,19,1,1,3,0,0,0,1,1,0,25,0,0,5,5,0,0.0,0,0,5,5,0,0.0,0,7.6,2.6,0.32,Dropout
1,1,1,14,1,1,1,1,1,10,9,1,0,0,1,1,1,17,0,0,6,8,6,14.875,0,0,6,8,6,13.428571428571429,0,11.1,0.6,2.02,Graduate
2,12,1,16,1,12,1,22,27,10,10,0,0,0,1,0,1,32,0,0,7,10,7,13.428571428571429,0,2,8,8,8,13.25,0,13.9,-0.3,0.79,Graduate
1,8,4,14,1,1,1,23,14,10,7,1,0,0,1,0,1,18,0,0,6,6,6,14.0,0,0,6,9,5,13.8,0,8.9,1.4,3.51,Graduate
1,1,1,9,1,1,1,1,28,5,8,1,0,0,1,1,0,18,0,0,5,5,5,13.4,0,0,5,5,5,15.0,0,8.9,1.4,3.51,Graduate
1,1,1,9,1,1,1,1,14,10,10,1,0,0,1,1,1,19,0,0,5,8,5,12.6,0,0,5,9,5,13.6,0,8.9,1.4,3.51,Dropout
1,1,3,12,1,1,1,3,1,5,5,1,0,0,1,0,0,19,0,0,7,10,6,12.471428571428572,0,0,7,8,7,11.4625,0,12.4,0.5,1.79,Enrolled
1,1,1,8,1,1,1,1,27,10,10,1,0,0,1,0,1,19,0,0,6,8,6,13.333333333333334,0,0,6,7,6,13.666666666666666,0,8.9,1.4,3.51,Graduate
1,7,1,6,1,1,1,3,3,3,2,1,0,0,1,0,0,19,0,0,6,7,6,15.714285714285714,0,0,6,6,6,14.666666666666666,0,13.9,-0.3,0.79,Dropout
1,8,2,12,1,1,1,1,1,6,11,1,0,0,1,0,0,18,0,0,7,9,5,14.06,0,0,7,9,6,12.571428571428571,0,12.4,0.5,1.79,Enrolled
1,1,1,12,1,1,1,23,28,6,6,0,0,0,1,0,0,18,0,0,7,7,7,15.014285714285714,0,0,8,8,8,16.0875,0,12.4,0.5,1.79,Graduate
1,1,3,12,1,1,1,22,27,10,10,1,0,1,0,0,0,19,0,0,8,8,7,13.327142857142857,0,0,8,8,7,13.327142857142857,0,10.8,1.4,1.74,Dropout
1,1,1,12,1,1,1,22,28,7,7,1,0,0,1,0,1,19,0,0,8,10,6,11.833333333333334,0,0,8,10,6,11.833333333333334,0,9.4,-0.8,-3.12,Enrolled
1,1,1,12,1,1,1,23,28,10,10,0,0,0,1,1,0,19,0,0,8,8,7,14.285714285714286,0,0,8,8,7,14.285714285714286,0,12.7,3.7,-1.7,Graduate
1,14,1,4,1,1,1,22,27,6,10,1,0,0,1,1,0,39,0,0,6,8,0,0.0,0,1,6,8,2,11.0,0,16.2,0.3,-0.92,Dropout
2,14,1,14,1,1,1,19,24,1,1,0,0,0,1,1,0,32,0,6,10,12,10,11.4,0,4,9,9,4,11.5,0,7.6,2.6,0.32,Graduate
1,1,1,6,1,1,1,3,1,3,5,0,0,0,1,0,0,18,0,0,5,12,5,14.5,2,0,5,5,5,13.6,0,9.4,-0.8,-3.12,Graduate
1,12,1,6,1,12,1,13,14,10,8,0,0,1,0,0,0,24,0,2,6,11,3,11.75,0,1,6,14,3,10.333333333333334,0,16.2,0.3,-0.92,Dropout
1,8,2,12,1,1,1,13,14,10,5,1,0,0,1,0,0,18,0,0,7,8,7,13.175,0,0,8,8,8,14.875,0,13.9,-0.3,0.79,Graduate
1,8,2,7,1,1,1,8,10,10,10,1,0,0,1,1,0,20,0,0,5,6,3,11.0,0,0,5,6,0,0.0,0,10.8,1.4,1.74,Dropout
1,8,1,8,1,1,1,13,14,5,5,1,0,0,1,0,0,19,0,0,6,8,6,11.333333333333334,0,0,6,12,4,13.75,0,8.9,1.4,3.51,Dropout
2,15,1,17,0,14,1,1,27,5,10,0,0,0,0,0,0,21,0,0,5,12,3,11.333333333333334,0,0,5,10,1,13.0,0,15.5,2.8,-4.06,Dropout
1,1,1,9,1,1,1,23,14,10,6,0,0,0,1,1,0,18,0,0,5,11,2,13.5,0,0,5,11,3,12.333333333333334,0,8.9,1.4,3.51,Enrolled
1,12,1,4,1,1,1,3,4,3,3,0,0,0,1,1,0,27,0,0,6,10,5,13.0,0,0,6,13,5,11.5,0,16.2,0.3,-0.92,Graduate
4,13,1,9,1,1,1,22,28,8,4,1,0,0,1,1,0,33,0,0,5,5,1,10.0,0,0,5,5,0,0.0,0,7.6,2.6,0.32,Dropout
1,12,1,6,1,3,1,2,3,5,8,1,0,0,1,0,0,25,0,1,6,7,6,16.857142857142858,0,1,6,6,6,16.5,0,13.9,-0.3,0.79,Graduate
1,1,5,12,1,1,1,1,1,10,10,0,0,0,1,0,1,18,0,0,8,8,7,13.671428571428573,0,0,8,8,7,13.671428571428573,0,12.7,3.7,-1.7,Graduate
4,12,1,11,1,1,1,22,27,10,9,0,0,0,1,0,1,36,0,0,6,10,6,11.0,0,0,6,14,3,11.333333333333334,0,10.8,1.4,1.74,Graduate
1,15,1,7,1,14,1,23,14,10,6,1,0,0,1,1,0,19,0,0,5,9,2,12.5,0,0,5,10,3,11.6,0,12.4,0.5,1.79,Enrolled
1,12,1,2,1,1,1,22,27,10,10,0,1,0,1,0,0,26,0,0,0,0,0,0.0,0,0,0,0,0,0.0,0,16.2,0.3,-0.92,Dropout
1,1,1,2,1,1,1,1,28,8,9,1,0,0,1,1,0,26,0,0,0,0,0,0.0,0,0,0,0,0,0.0,0,11.1,0.6,2.02,Dropout
1,8,1,10,1,1,1,13,27,10,10,1,0,0,1,0,1,20,0,0,6,7,6,11.714285714285714,0,0,6,8,6,12.625,0,13.9,-0.3,0.79,Graduate
1,16,1,17,0,14,1,1,4,5,11,0,0,0,1,1,0,28,0,13,15,17,13,12.0,0,9,13,13,9,11.333333333333334,0,8.9,1.4,3.51,Dropout
1,1,2,12,1,1,1,1,3,5,4,0,0,0,1,0,0,18,0,0,7,10,7,13.398,0,0,8,8,8,13.5425,0,15.5,2.8,-4.06,Graduate
1,1,5,9,1,1,1,13,14,10,10,1,0,0,1,1,0,20,0,0,5,9,3,10.333333333333334,0,0,5,6,5,12.8,0,12.4,0.5,1.79,Graduate
2,14,1,17,0,1,1,23,27,6,7,0,0,0,1,0,0,28,0,6,10,15,6,10.666666666666666,0,5,10,17,9,11.333333333333334,1,7.6,2.6,0.32,Enrolled
1,1,4,12,1,1,1,1,14,5,6,0,0,0,1,0,0,18,0,0,7,0,0,0.0,0,0,8,0,0,0.0,0,12.7,3.7,-1.7,Dropout
1,12,1,7,1,1,1,22,27,10,10,0,0,0,1,1,1,28,0,0,5,12,3,10.0,0,0,5,10,3,12.4,0,12.4,0.5,1.79,Graduate
1,8,5,12,1,1,1,13,28,6,9,1,0,0,1,0,1,18,0,0,7,7,6,12.6,0,0,7,7,6,12.6,0,7.6,2.6,0.32,Graduate
1,12,1,4,1,1,14,1,1,10,10,0,0,1,0,0,0,29,1,3,9,9,3,14.333333333333334,0,1,7,8,1,14.0,0,15.5,2.8,-4.06,Dropout
2,14,1,17,0,1,1,22,27,10,10,0,0,0,1,1,0,46,0,6,10,13,9,12.2,0,4,10,12,10,12.8,0,7.6,2.6,0.32,Graduate
1,14,1,11,1,1,1,23,28,10,10,0,0,0,1,0,1,19,0,0,6,0,0,0.0,0,0,6,11,1,10.0,0,10.8,1.4,1.74,Dropout
1,8,1,7,1,1,1,1,28,5,6,0,0,0,1,1,0,18,0,0,5,6,5,16.2,0,0,5,8,5,16.0,0,8.9,1.4,3.51,Graduate
1,6,1,7,1,1,14,2,2,3,3,0,0,1,1,1,0,24,1,2,8,8,7,13.142857142857142,0,1,6,8,6,11.833333333333334,0,8.9,1.4,3.51,Enrolled
1,1,1,4,1,1,1,13,14,10,10,0,0,0,1,1,1,19,0,0,6,9,4,12.0,2,0,6,10,4,12.5,0,15.5,2.8,-4.06,Enrolled
1,8,1,11,1,1,1,13,1,10,10,0,0,0,1,1,1,20,0,0,6,6,0,0.0,0,0,6,12,0,0.0,0,10.8,1.4,1.74,Dropout
1,15,1,5,1,14,1,1,14,5,8,0,0,1,0,1,0,20,0,0,6,11,0,0.0,6,0,6,12,0,0.0,12,16.2,0.3,-0.92,Dropout
1,8,5,12,1,1,1,1,1,6,6,1,0,0,1,0,1,18,0,0,7,7,7,13.857142857142858,0,0,8,8,8,14.9,0,13.9,-0.3,0.79,Graduate
1,1,1,16,1,1,1,13,14,10,6,0,0,1,1,0,1,18,0,0,6,6,6,13.333333333333334,0,0,6,7,6,12.571428571428571,0,12.7,3.7,-1.7,Graduate
1,1,3,9,1,1,1,1,28,8,8,0,0,1,1,1,0,19,0,0,5,8,5,11.2,0,0,5,10,4,10.75,3,16.2,0.3,-0.92,Dropout
1,1,2,12,1,1,1,19,24,1,1,1,0,0,1,0,1,20,0,0,8,8,7,14.901428571428571,1,0,8,8,7,14.901428571428571,1,9.4,-0.8,-3.12,Dropout
1,1,1,6,1,1,1,22,27,10,5,1,0,1,1,0,0,22,0,0,6,9,5,13.333333333333334,0,0,6,17,4,11.4,0,12.4,0.5,1.79,Enrolled
1,1,1,12,1,1,1,22,27,10,10,0,0,0,1,1,0,18,0,0,8,8,7,13.4,0,0,8,8,7,13.4,0,12.7,3.7,-1.7,Graduate
1,1,4,12,1,1,1,23,28,8,8,1,0,0,1,0,1,18,0,0,8,8,8,13.39125,0,0,8,8,8,13.39125,0,9.4,-0.8,-3.12,Graduate
2,12,1,11,1,1,1,1,14,10,10,0,0,0,1,1,0,47,0,6,11,11,11,14.727272727272728,0,6,9,9,9,15.77777777777778,0,10.8,1.4,1.74,Graduate
1,9,2,12,1,1,1,1,3,4,3,1,0,0,1,0,0,18,0,0,7,8,7,12.4,0,0,8,9,8,12.8,0,16.2,0.3,-0.92,Graduate
1,9,3,12,1,1,1,1,1,5,9,1,0,0,1,0,0,18,0,0,7,8,7,13.087142857142856,0,0,8,8,8,12.95,0,11.1,0.6,2.02,Graduate
1,14,1,3,0,9,1,19,24,1,13,0,0,0,1,0,0,29,0,0,6,10,6,11.666666666666666,0,0,6,7,6,11.0,0,7.6,2.6,0.32,Graduate
1,1,1,9,1,1,1,1,14,6,8,1,0,0,1,0,1,21,0,0,5,6,5,12.8,1,0,5,7,4,11.25,0,9.4,-0.8,-3.12,Graduate
1,8,5,7,1,1,1,3,1,3,10,1,0,1,0,1,0,20,0,0,5,5,0,0.0,0,0,5,5,0,0.0,0,8.9,1.4,3.51,Dropout
1,12,1,3,0,1,1,19,5,1,2,1,0,0,1,0,0,31,0,0,6,12,0,0.0,0,0,6,0,0,0.0,0,7.6,2.6,0.32,Dropout
1,1,2,9,1,1,1,1,14,10,10,1,0,0,0,0,0,20,0,0,5,10,2,10.0,0,0,5,12,1,13.0,0,7.6,2.6,0.32,Dropout
1,1,1,2,1,1,1,1,1,10,4,1,0,0,1,0,0,18,0,0,0,0,0,0.0,0,0,0,0,0,0.0,0,10.8,1.4,1.74,Graduate
1,13,1,12,1,1,1,1,14,5,9,1,0,0,1,0,0,21,0,4,7,9,7,14.355555555555554,0,5,8,8,8,13.49375,0,15.5,2.8,-4.06,Graduate
1,12,1,3,0,12,1,22,27,6,6,1,0,0,1,0,1,26,0,0,6,10,3,12.333333333333334,0,0,6,14,3,11.666666666666666,0,7.6,2.6,0.32,Enrolled
1,8,4,6,1,1,1,13,26,12,8,1,0,0,1,0,0,20,0,0,5,7,4,12.4,0,0,5,9,5,12.666666666666666,0,7.6,2.6,0.32,Graduate
1,1,1,10,1,1,1,3,1,6,6,0,0,0,1,0,1,18,0,0,6,6,6,11.333333333333334,0,0,6,8,6,11.333333333333334,0,15.5,2.8,-4.06,Graduate
1,8,2,15,1,1,1,3,28,3,7,1,0,0,1,0,0,18,0,0,6,6,6,15.166666666666666,0,0,6,7,6,14.285714285714286,0,12.4,0.5,1.79,Graduate
1,8,1,14,1,1,1,1,1,5,5,1,0,0,1,1,0,20,0,0,6,9,6,14.666666666666666,0,0,6,7,6,13.857142857142858,0,8.9,1.4,3.51,Graduate
1,1,4,15,1,1,1,1,10,10,11,1,0,0,1,0,1,22,0,0,6,7,5,13.2,0,0,6,7,5,13.6,0,12.4,0.5,1.79,Graduate
1,1,1,6,1,1,1,22,9,12,12,0,0,0,1,0,0,18,0,0,5,5,5,13.0,0,0,5,5,5,12.4,0,7.6,2.6,0.32,Graduate
2,12,1,2,1,9,1,22,27,8,8,1,0,0,1,1,0,36,0,0,0,0,0,0.0,0,0,0,0,0,0.0,0,7.6,2.6,0.32,Graduate
4,12,1,8,1,12,1,22,28,10,5,0,0,0,1,1,0,48,0,0,6,0,0,0.0,0,0,6,0,0,0.0,0,15.5,2.8,-4.06,Dropout
1,13,1,12,1,1,1,1,2,10,4,1,0,0,1,0,0,22,0,4,8,8,7,13.285714285714286,0,4,8,8,7,13.285714285714286,0,12.7,3.7,-1.7,Graduate
1,15,1,4,1,14,1,22,27,10,5,0,0,0,1,1,0,20,0,0,6,12,3,11.5,0,0,6,12,3,13.666666666666666,0,12.4,0.5,1.79,Dropout
1,12,1,4,1,1,1,1,14,5,11,0,0,0,1,1,0,34,0,0,6,15,5,13.333333333333334,0,0,6,15,5,12.4,0,12.4,0.5,1.79,Graduate
1,8,2,6,1,1,1,22,27,10,8,1,0,0,1,0,0,19,0,0,5,15,3,14.0,3,0,5,10,4,11.75,1,9.4,-0.8,-3.12,Enrolled
2,12,1,17,0,12,1,23,28,8,9,0,0,0,1,1,0,39,0,0,5,9,0,0.0,0,0,5,5,1,10.0,0,12.7,3.7,-1.7,Dropout
1,15,1,5,1,14,1,1,1,5,5,0,0,0,1,1,0,21,0,2,7,7,5,11.8,0,5,9,9,5,11.0,0,12.4,0.5,1.79,Dropout
1,14,1,7,1,1,1,1,1,10,3,0,0,1,0,1,0,27,0,0,5,5,0,0.0,0,0,5,7,0,0.0,0,13.9,-0.3,0.79,Enrolled
1,1,4,9,1,1,1,13,28,6,6,1,0,0,1,1,0,18,0,0,5,6,4,11.5,0,0,5,12,2,10.333333333333334,0,10.8,1.4,1.74,Enrolled
1,8,2,11,1,1,1,10,27,10,10,1,0,0,1,0,0,18,0,0,6,15,2,10.0,0,0,6,12,0,0.0,0,10.8,1.4,1.74,Dropout
1,12,1,17,0,1,1,22,27,8,10,0,0,0,0,1,0,28,0,0,5,0,0,0.0,0,0,5,0,0,0.0,0,8.9,1.4,3.51,Dropout
1,1,1,12,1,1,1,2,14,4,10,0,0,0,1,1,0,23,0,0,7,7,6,13.483333333333334,0,0,7,7,6,13.483333333333334,0,7.6,2.6,0.32,Graduate
1,8,3,15,1,1,1,13,14,6,9,0,0,0,1,0,0,18,0,0,6,6,0,0.0,0,0,6,0,0,0.0,0,8.9,1.4,3.51,Dropout
2,4,1,3,0,3,1,22,24,1,1,0,0,0,1,0,0,30,0,8,10,11,9,12.666666666666666,0,3,7,7,7,12.428571428571429,1,7.6,2.6,0.32,Graduate
1,12,1,4,1,1,1,23,14,10,7,1,0,0,1,1,0,28,0,7,13,19,8,11.625,0,5,10,17,6,11.0,0,15.5,2.8,-4.06,Enrolled
1,8,1,6,1,1,1,3,27,5,9,1,0,0,1,0,0,18,0,0,6,8,6,13.857142857142858,0,0,6,15,6,13.1,0,12.4,0.5,1.79,Graduate
1,13,1,7,1,1,1,19,24,1,1,1,0,0,1,1,0,35,0,6,10,12,7,11.285714285714286,0,2,8,8,5,13.0,0,9.4,-0.8,-3.12,Dropout
1,8,1,14,1,1,1,1,1,5,5,1,0,0,1,0,1,19,0,0,6,7,6,13.285714285714286,0,0,6,9,5,14.6,0,12.4,0.5,1.79,Enrolled
1,15,1,4,1,14,1,4,1,3,9,0,0,0,1,1,0,21,0,0,6,9,5,13.4,0,0,6,9,5,12.4,0,8.9,1.4,3.51,Graduate
1,1,1,9,1,1,1,13,14,6,8,0,0,0,1,1,0,20,0,0,5,8,5,10.0,0,0,5,10,2,12.0,0,7.6,2.6,0.32,Enrolled
1,8,2,12,1,1,1,13,14,6,6,1,0,0,1,0,0,18,0,0,7,11,6,11.983333333333334,0,0,8,12,8,12.28125,0,16.2,0.3,-0.92,Graduate
1,1,3,12,1,1,1,13,27,10,8,1,0,0,1,0,0,19,0,0,7,8,7,13.025,0,0,8,9,8,13.811111111111112,0,13.9,-0.3,0.79,Graduate
2,1,4,3,0,1,1,19,24,1,1,1,0,0,1,1,0,37,0,0,6,0,0,0.0,0,0,6,0,0,0.0,0,9.4,-0.8,-3.12,Dropout
1,1,2,15,1,1,1,13,14,10,10,0,0,0,1,1,0,19,0,0,6,0,0,0.0,0,0,6,0,0,0.0,0,12.4,0.5,1.79,Dropout
1,12,1,3,0,1,1,22,27,10,7,0,0,0,1,0,1,35,0,2,8,8,8,13.625,0,1,7,7,7,14.0,0,8.9,1.4,3.51,Graduate
1,12,1,4,1,1,1,23,28,10,10,0,0,1,0,1,0,28,0,5,11,14,11,15.090909090909092,0,5,10,11,10,15.0,0,11.1,0.6,2.02,Dropout
1,15,1,3,0,14,1,1,3,5,7,0,0,1,1,0,0,20,0,3,6,6,6,13.833333333333334,0,2,6,7,6,14.571428571428571,0,12.4,0.5,1.79,Graduate
1,12,1,4,1,1,1,13,27,10,7,0,0,1,0,1,0,31,0,0,6,15,1,11.0,0,0,6,10,0,0.0,0,16.2,0.3,-0.92,Dropout
1,14,1,12,1,1,1,17,28,12,4,1,0,0,1,0,1,22,0,18,23,23,20,14.575,3,18,23,23,20,14.575,3,7.6,2.6,0.32,Graduate
1,12,1,8,1,1,1,13,14,10,6,1,0,0,1,1,0,24,0,0,5,13,4,13.75,1,0,5,9,3,12.0,0,9.4,-0.8,-3.12,Enrolled
1,8,1,15,1,1,1,3,1,3,4,1,0,0,1,0,0,19,0,0,6,7,6,12.5,0,0,6,7,6,12.5,0,10.8,1.4,1.74,Graduate
1,4,3,8,1,3,1,13,27,12,6,0,0,1,0,0,0,27,0,1,5,6,2,11.5,0,0,5,5,1,11.0,0,12.7,3.7,-1.7,Dropout
1,12,1,14,1,1,1,22,27,10,10,1,0,0,0,1,0,31,0,0,6,14,0,0.0,0,0,6,6,0,0.0,0,12.7,3.7,-1.7,Dropout
1,14,1,3,0,1,1,22,27,10,10,0,0,0,1,0,0,27,0,0,6,6,4,12.5,0,0,6,6,6,14.333333333333334,0,13.9,-0.3,0.79,Dropout
1,9,6,12,1,1,1,1,14,2,2,1,0,0,1,0,1,18,0,0,8,8,7,14.314285714285717,0,0,8,8,7,14.314285714285717,0,12.7,3.7,-1.7,Graduate
1,1,4,10,1,1,1,1,28,10,8,1,0,0,1,0,1,19,0,0,6,6,6,13.5,0,0,6,7,6,13.428571428571429,0,11.1,0.6,2.02,Graduate
2,12,2,13,1,1,19,1,3,10,3,1,0,0,1,0,0,28,1,0,7,9,7,12.428571428571429,0,0,8,8,8,12.3,0,12.4,0.5,1.79,Enrolled
1,1,3,12,1,1,1,13,27,10,10,1,0,0,1,0,0,20,0,0,7,7,7,13.775714285714288,0,0,8,8,8,15.599999999999998,0,12.4,0.5,1.79,Graduate
1,8,2,16,1,1,1,13,28,4,4,1,0,0,1,1,0,19,0,0,7,10,6,13.666666666666666,0,0,7,9,6,12.5,0,12.4,0.5,1.79,Dropout
