1,8,2,15,1,1,1,23,27,6,4,1,0,0,1,0,0,20,0,0,6,8,6,13.428571428571429,0,0,6,10,5,12.4,0,9.4,-0.8,-3.12,Graduate
1,1,1,12,1,1,1,13,28,8,11,1,0,0,1,0,1,18,0,0,7,9,7,13.3,0,0,8,8,8,14.345,0,15.5,2.8,-4.06,Graduate
1,1,1,10,1,1,1,1,14,5,8,1,0,1,0,0,0,18,0,0,6,9,5,11.4,0,0,6,14,2,13.5,0,8.9,1.4,3.51,Dropout
1,1,1,10,1,1,1,13,28,10,10,1,0,1,1,0,1,18,0,0,6,8,5,11.6,0,0,6,12,4,11.0,0,7.6,2.6,0.32,Enrolled
1,8,1,12,1,1,1,22,14,9,5,0,0,0,1,1,0,24,0,0,7,8,7,11.975,0,0,8,8,8,13.75,0,13.9,-0.3,0.79,Graduate
1,1,2,15,1,1,1,23,28,10,10,1,0,0,1,1,0,18,0,0,6,8,6,12.333333333333334,0,0,6,11,3,12.333333333333334,0,10.8,1.4,1.74,Graduate
1,8,4,12,1,1,1,23,27,10,10,0,0,0,1,1,1,22,0,0,7,7,7,14.842857142857142,0,0,8,9,8,15.055555555555555,0,16.2,0.3,-0.92,Graduate
1,1,1,6,1,1,1,1,1,5,5,1,0,0,1,0,0,20,0,0,6,15,4,14.2,0,0,6,17,4,13.25,0,15.5,2.8,-4.06,Dropout
1,14,1,12,1,1,1,23,28,10,6,0,0,0,1,0,0,20,0,0,7,11,6,11.616666666666667,0,0,7,7,7,13.0,0,13.9,-0.3,0.79,Enrolled
1,8,1,9,1,1,1,13,14,4,4,0,0,0,1,0,0,20,0,0,5,11,3,10.333333333333334,0,0,5,10,3,10.666666666666666,0,12.4,0.5,1.79,Enrolled
1,1,1,14,1,1,1,1,28,4,10,0,0,1,0,0,1,19,0,0,6,7,5,12.0,0,0,6,9,4,12.5,0,12.4,0.5,1.79,Dropout
1,1,5,12,1,1,1,22,27,10,10,1,0,0,1,0,0,19,0,0,7,7,6,12.666666666666666,0,0,7,7,6,12.666666666666666,0,7.6,2.6,0.32,Graduate
1,8,2,10,1,1,1,1,27,8,10,1,0,0,1,0,1,18,0,0,6,8,6,12.25,0,0,6,7,6,11.857142857142858,0,12.7,3.7,-1.7,Graduate
1,1,1,14,1,1,1,22,27,10,10,1,0,0,1,0,1,18,0,0,5,6,3,11.666666666666666,0,0,5,6,4,13.5,0,7.6,2.6,0.32,Enrolled
1,12,1,6,1,1,1,1,14,10,10,1,0,0,1,0,0,24,0,0,6,10,2,11.0,0,0,6,6,0,0.0,0,8.9,1.4,3.51,Dropout
1,15,1,10,1,14,1,23,28,6,11,0,0,1,1,0,0,21,0,3,6,6,6,12.166666666666666,0,2,6,7,6,11.714285714285714,0,13.9,-0.3,0.79,Graduate
1,1,1,6,1,1,1,13,1,9,8,1,0,0,1,0,0,19,0,0,6,8,6,13.857142857142858,0,0,6,9,5,13.4,0,13.9,-0.3,0.79,Graduate
1,12,1,17,0,1,1,22,27,10,10,0,0,0,1,0,1,26,0,0,5,7,0,0.0,0,0,5,8,0,0.0,0,16.2,0.3,-0.92,Dropout
1,1,1,9,1,1,1,23,28,8,8,0,0,0,1,0,1,18,0,0,5,7,4,13.0,0,0,5,8,3,12.333333333333334,0,9.4,-0.8,-3.12,Graduate
2,1,4,16,1,1,1,22,27,6,8,0,1,0,1,0,1,19,0,0,6,6,6,13.333333333333334,0,0,6,6,6,14.5,0,10.8,1.4,1.74,Graduate
1,1,2,11,1,1,1,1,27,5,6,1,0,0,1,0,0,18,0,0,6,10,6,12.857142857142858,0,0,6,6,3,12.666666666666666,0,12.7,3.7,-1.7,Graduate
1,12,1,11,1,3,1,13,14,5,7,0,0,0,1,0,0,38,0,0,6,0,0,0.0,0,0,6,0,0,0.0,0,15.5,2.8,-4.06,Dropout
1,1,3,5,1,1,1,13,28,10,10,1,0,0,1,0,0,19,0,0,6,7,5,12.4,0,0,6,6,5,12.4,0,9.4,-0.8,-3.12,Enrolled
2,12,1,13,1,12,1,23,27,8,8,1,0,1,0,0,1,37,0,0,7,13,1,16.0,0,0,7,12,0,0.0,0,8.9,1.4,3.51,Dropout
1,8,3,5,1,1,1,22,27,10,10,0,0,0,1,0,0,18,0,0,6,6,6,11.833333333333334,0,0,6,6,6,12.5,0,7.6,2.6,0.32,Enrolled
1,1,5,12,1,1,1,1,1,10,10,0,0,0,1,0,1,18,0,0,8,8,7,13.671428571428573,0,0,8,8,7,13.671428571428573,0,12.7,3.7,-1.7,Graduate
1,1,1,5,1,1,1,13,27,8,6,0,0,0,1,0,1,21,0,0,6,7,5,13.8,0,0,6,6,6,12.833333333333334,0,16.2,0.3,-0.92,Graduate
1,1,1,3,0,1,1,23,28,1,1,0,0,0,1,0,0,21,0,0,6,8,5,12.8,0,0,6,10,6,11.857142857142858,0,7.6,2.6,0.32,Graduate
2,12,1,15,1,9,1,1,1,5,5,0,0,0,1,0,0,24,0,0,6,6,6,12.166666666666666,0,0,6,6,6,13.833333333333334,0,7.6,2.6,0.32,Graduate
1,16,1,10,1,1,1,3,14,3,2,0,0,1,1,0,0,26,0,0,6,6,6,14.833333333333334,0,0,6,7,6,15.142857142857142,0,11.1,0.6,2.02,Graduate
1,1,1,9,1,1,1,1,28,5,4,0,0,0,1,0,0,18,0,0,5,5,5,16.2,0,0,5,5,5,16.4,0,11.1,0.6,2.02,Graduate
1,8,1,12,1,1,1,23,28,8,8,0,0,0,1,0,0,20,0,0,7,11,6,11.757142857142856,0,0,8,12,6,13.083333333333334,0,15.5,2.8,-4.06,Enrolled
1,13,1,12,1,1,1,22,27,8,10,1,0,0,1,0,1,19,0,0,8,8,7,13.058571428571428,0,0,8,8,7,13.058571428571428,0,10.8,1.4,1.74,Graduate
1,8,1,10,1,1,1,3,1,10,11,0,0,0,1,0,0,19,0,0,6,9,5,12.166666666666666,0,0,6,8,6,12.428571428571429,0,13.9,-0.3,0.79,Graduate
1,14,1,10,1,1,1,22,27,10,10,0,0,0,1,0,0,36,0,10,16,24,13,10.692307692307692,1,9,13,19,9,12.307692307692308,0,15.5,2.8,-4.06,Enrolled
4,12,1,17,0,1,1,22,27,7,7,0,0,0,1,0,0,39,0,0,5,6,5,11.0,0,0,5,9,5,11.666666666666666,0,10.8,1.4,1.74,Graduate
1,1,4,2,1,1,1,1,1,10,6,1,0,0,0,0,0,19,0,0,0,0,0,0.0,0,0,0,0,0,0.0,0,9.4,-0.8,-3.12,Dropout
1,1,1,11,1,1,1,13,14,5,7,0,0,1,0,0,0,22,0,0,6,10,5,11.0,0,0,6,12,0,0.0,0,10.8,1.4,1.74,Dropout
1,1,1,12,1,1,1,1,1,5,5,1,0,0,1,0,1,18,0,0,7,7,7,15.135714285714286,0,0,8,8,8,15.287499999999998,0,12.4,0.5,1.79,Graduate
1,1,1,16,1,1,1,22,27,10,10,0,0,0,1,0,0,18,0,0,6,6,6,13.666666666666666,0,0,6,9,6,12.333333333333334,0,7.6,2.6,0.32,Graduate
1,1,6,15,1,1,1,18,27,8,8,1,0,1,0,0,0,18,0,0,6,8,5,13.0,0,0,6,8,5,11.4,0,7.6,2.6,0.32,Dropout
1,8,1,14,1,1,1,22,14,6,9,1,0,1,1,0,0,18,0,0,6,6,5,11.8,0,0,6,9,4,13.714285714285714,0,10.8,1.4,1.74,Dropout
1,8,6,13,1,1,1,13,2,6,4,1,0,0,1,0,0,20,0,0,7,7,7,13.785714285714286,0,0,8,8,8,14.1,0,12.4,0.5,1.79,Graduate
3,1,2,6,1,1,1,13,1,5,5,1,0,0,1,0,0,21,0,0,5,8,0,0.0,4,0,5,12,0,0.0,4,10.8,1.4,1.74,Dropout
1,8,6,12,1,1,1,13,28,10,4,1,0,0,1,0,0,19,0,0,8,9,7,12.3,0,0,8,9,7,12.3,0,12.7,3.7,-1.7,Graduate
1,1,3,9,1,1,1,13,28,10,8,1,0,0,1,0,0,19,0,0,5,5,5,11.8,0,0,5,8,4,11.25,0,9.4,-0.8,-3.12,Enrolled
1,14,1,16,1,1,1,22,14,10,9,0,0,0,1,0,0,22,0,0,6,9,5,13.6,0,0,6,8,5,12.0,0,12.7,3.7,-1.7,Dropout
1,8,1,10,1,1,1,3,1,3,4,0,0,0,1,0,0,19,0,0,6,8,5,10.6,0,0,6,11,4,10.5,0,15.5,2.8,-4.06,Graduate
1,1,1,11,1,1,1,13,28,10,8,0,0,0,1,0,1,20,0,0,6,6,6,12.333333333333334,0,0,6,7,6,11.833333333333334,0,13.9,-0.3,0.79,Graduate
1,12,1,11,1,7,1,19,24,1,1,1,0,0,0,0,0,28,0,0,5,10,0,0.0,0,0,5,10,0,0.0,0,7.6,2.6,0.32,Dropout
1,1,3,12,1,1,1,3,1,3,6,0,0,0,1,0,0,19,0,0,7,0,0,0.0,0,0,8,0,0,0.0,0,7.6,2.6,0.32,Dropout
1,1,1,5,1,1,1,13,1,4,9,0,0,0,1,0,0,23,0,1,6,8,6,13.0,1,0,6,8,6,11.875,0,13.9,-0.3,0.79,Graduate
1,1,1,6,1,1,1,22,27,10,5,1,0,1,1,0,0,22,0,0,6,9,5,13.333333333333334,0,0,6,17,4,11.4,0,12.4,0.5,1.79,Enrolled
1,1,1,16,1,1,1,3,1,3,6,1,1,0,1,0,0,18,0,0,7,10,6,10.666666666666666,0,0,7,12,6,12.833333333333334,0,13.9,-0.3,0.79,Enrolled
2,9,2,3,0,1,1,22,27,10,11,0,0,1,0,0,0,39,0,0,5,5,0,0.0,0,0,4,4,0,0.0,0,9.4,-0.8,-3.12,Dropout
2,9,2,10,1,1,1,22,27,10,11,0,0,1,0,0,0,39,0,0,6,0,0,0.0,0,0,6,0,0,0.0,0,9.4,-0.8,-3.12,Dropout
1,6,1,10,1,1,12,3,27,3,9,1,0,0,0,0,0,20,1,0,6,9,5,13.0,0,0,6,7,6,13.5,0,13.9,-0.3,0.79,Graduate
1,15,1,2,1,14,1,4,4,3,3,0,0,0,1,1,0,25,0,0,0,0,0,0.0,0,0,0,0,0,0.0,0,15.5,2.8,-4.06,Graduate
1,12,1,7,1,1,1,3,3,5,5,1,0,0,1,1,0,27,0,0,5,10,1,14.0,0,0,5,0,0,0.0,0,8.9,1.4,3.51,Dropout
1,9,3,15,1,1,1,13,1,10,10,1,0,0,1,1,0,19,0,0,6,9,4,12.5,0,0,6,6,6,11.333333333333334,0,10.8,1.4,1.74,Dropout
1,1,1,9,1,1,1,13,14,6,8,0,0,0,1,1,0,20,0,0,5,8,5,10.0,0,0,5,10,2,12.0,0,7.6,2.6,0.32,Enrolled
1,15,1,4,1,14,1,3,2,3,3,0,0,0,1,1,0,25,0,9,14,16,14,12.428571428571429,0,3,9,13,6,10.857142857142858,0,15.5,2.8,-4.06,Dropout
1,14,4,2,1,1,1,13,10,10,11,0,0,0,1,1,0,19,0,0,0,0,0,0.0,0,0,0,0,0,0.0,0,9.4,-0.8,-3.12,Graduate
1,1,1,9,1,1,1,22,28,10,9,1,0,0,1,0,0,18,0,0,5,10,4,12.0,0,0,5,9,4,12.8,0,13.9,-0.3,0.79,Graduate
1,8,1,4,1,1,1,22,27,5,7,0,0,1,1,0,0,20,0,0,6,8,6,13.333333333333334,0,0,6,8,5,14.0,0,11.1,0.6,2.02,Enrolled
1,8,5,5,1,1,1,13,28,6,8,0,0,1,0,0,0,21,0,0,6,6,4,13.0,0,0,6,8,4,11.6,0,10.8,1.4,1.74,Dropout
1,1,6,12,1,1,1,23,14,8,8,1,0,0,1,0,1,19,0,0,8,8,7,12.355714285714283,0,0,8,8,7,12.355714285714283,0,10.8,1.4,1.74,Graduate
1,14,3,12,1,1,1,23,27,7,6,1,0,0,1,0,1,18,0,0,7,8,5,11.98,0,0,7,8,5,11.98,0,7.6,2.6,0.32,Enrolled
1,1,1,15,1,1,1,3,14,5,6,1,0,0,1,0,0,20,0,0,6,6,6,13.833333333333334,0,0,6,6,6,12.5,0,12.7,3.7,-1.7,Graduate
1,15,1,3,0,14,1,22,28,7,7,1,0,0,1,0,0,23,0,5,9,10,9,10.88888888888889,0,3,8,10,6,11.333333333333334,0,11.1,0.6,2.02,Graduate
1,1,2,15,1,1,1,23,28,8,8,1,0,1,0,0,0,20,0,0,6,0,0,0.0,0,0,6,0,0,0.0,0,8.9,1.4,3.51,Dropout
1,16,1,3,0,1,1,1,28,6,8,0,0,0,1,0,0,22,0,14,16,16,13,10.923076923076923,0,13,13,13,11,11.454545454545457,0,16.2,0.3,-0.92,Graduate
1,8,3,12,1,1,1,3,3,10,8,1,0,0,1,1,0,19,0,0,7,8,7,13.3625,0,0,8,9,8,14.444444444444445,0,13.9,-0.3,0.79,Graduate
1,13,1,3,0,1,1,22,28,12,8,1,0,0,1,0,0,30,0,9,11,19,9,13.444444444444445,1,5,7,7,7,14.714285714285714,0,7.6,2.6,0.32,Dropout
1,1,1,11,1,1,1,23,28,6,9,1,0,0,1,0,0,18,0,0,6,8,6,12.166666666666666,0,0,6,6,6,13.5,0,11.1,0.6,2.02,Graduate
1,8,2,11,1,1,14,13,28,10,10,1,0,0,1,0,0,22,1,0,6,7,6,10.833333333333334,0,0,6,6,6,10.666666666666666,0,13.9,-0.3,0.79,Graduate
1,1,1,11,1,1,1,13,14,10,4,0,0,0,1,1,0,21,0,0,6,8,6,12.571428571428571,0,0,6,10,4,13.0,0,12.7,3.7,-1.7,Enrolled
1,12,1,1,1,1,14,23,27,10,9,0,0,1,0,1,0,35,1,0,7,18,3,11.25,0,0,7,7,0,0.0,0,16.2,0.3,-0.92,Dropout
1,1,1,9,1,1,1,3,1,6,6,1,0,1,1,1,0,18,0,0,5,15,4,13.333333333333334,0,0,5,6,2,13.5,0,13.9,-0.3,0.79,Dropout
1,15,1,4,1,14,1,1,28,10,2,1,0,0,1,1,0,22,0,0,6,12,5,12.6,0,0,6,11,6,11.714285714285714,0,12.4,0.5,1.79,Graduate
5,12,1,17,0,1,1,22,27,10,10,0,0,0,1,1,1,37,0,0,5,8,5,13.0,0,0,5,11,4,13.333333333333334,2,16.2,0.3,-0.92,Dropout
2,12,1,11,1,1,1,1,14,10,10,0,0,0,1,1,0,47,0,6,11,11,11,14.727272727272728,0,6,9,9,9,15.77777777777778,0,10.8,1.4,1.74,Graduate
1,14,1,3,0,1,1,13,27,5,11,0,0,0,1,1,0,44,0,9,13,18,13,11.846153846153848,0,9,11,11,11,12.0,0,12.7,3.7,-1.7,Graduate
2,13,1,17,0,6,1,22,27,10,10,0,0,0,1,1,0,37,0,0,5,10,5,15.8,0,0,5,5,5,17.6,0,9.4,-0.8,-3.12,Enrolled
1,12,1,14,1,6,1,1,1,12,4,1,0,0,1,1,0,30,0,0,5,5,0,0.0,0,0,5,5,0,0.0,0,7.6,2.6,0.32,Dropout
1,1,2,12,1,1,1,1,1,6,4,1,0,0,1,0,0,18,0,0,7,7,7,13.471428571428572,0,0,8,9,8,13.944444444444445,0,16.2,0.3,-0.92,Graduate
1,13,1,12,1,1,1,22,27,4,4,1,0,0,1,0,1,21,0,0,8,8,8,13.105,0,0,8,8,8,13.105,0,9.4,-0.8,-3.12,Graduate
2,12,1,17,0,12,1,13,27,8,10,0,0,1,0,0,0,32,0,0,5,5,0,0.0,0,0,5,6,0,0.0,0,10.8,1.4,1.74,Dropout
1,8,5,14,1,1,1,13,14,6,6,1,0,0,1,1,0,21,0,0,6,6,6,15.166666666666666,0,0,6,9,6,14.0,0,10.8,1.4,1.74,Graduate
1,1,1,6,1,1,1,1,1,10,10,1,0,0,1,0,1,20,0,0,6,8,6,15.142857142857142,0,0,6,8,6,15.142857142857142,0,11.1,0.6,2.02,Graduate
1,1,1,2,1,1,1,3,2,5,3,1,0,0,1,0,0,21,0,6,12,12,8,13.875,0,4,11,13,9,12.7,1,8.9,1.4,3.51,Dropout
1,1,1,12,1,1,1,3,1,5,6,0,0,0,1,0,0,18,0,0,8,8,7,14.537142857142856,0,0,8,8,7,14.537142857142856,0,10.8,1.4,1.74,Graduate
1,1,1,16,1,1,1,3,1,4,8,1,0,0,1,0,0,18,0,0,6,7,6,12.166666666666666,0,0,6,10,4,12.75,0,10.8,1.4,1.74,Enrolled
1,17,1,5,1,16,1,25,14,4,6,1,0,0,0,0,1,22,0,0,6,8,6,11.0,0,0,6,10,4,12.0,0,8.9,1.4,3.51,Enrolled
1,1,3,2,1,1,1,10,14,10,4,1,0,0,1,0,0,19,0,0,0,0,0,0.0,0,0,0,0,0,0.0,0,13.9,-0.3,0.79,Graduate
1,1,2,10,1,1,1,13,14,10,10,1,0,0,1,0,1,20,0,0,6,7,6,12.571428571428571,0,0,6,7,6,13.285714285714286,0,12.4,0.5,1.79,Graduate
1,1,3,7,1,1,1,3,1,4,5,1,0,0,1,1,0,18,0,0,5,9,4,12.0,0,0,5,10,2,11.0,0,8.9,1.4,3.51,Enrolled
1,1,1,10,1,1,1,13,14,10,10,1,0,0,1,0,1,23,0,0,6,7,6,13.857142857142858,0,0,6,6,6,14.166666666666666,0,10.8,1.4,1.74,Graduate
1,1,1,15,1,1,1,19,28,1,4,0,0,0,1,1,0,20,0,0,6,11,4,10.75,0,0,6,13,2,10.0,0,7.6,2.6,0.32,Dropout
1,1,1,13,1,1,1,1,1,2,2,0,0,0,1,1,1,21,0,0,7,14,5,11.2,0,0,8,11,6,11.583333333333334,0,16.2,0.3,-0.92,Enrolled
1,8,2,5,1,1,1,23,28,10,9,1,0,0,1,1,1,19,0,0,6,6,6,13.666666666666666,0,0,6,7,5,13.2,0,12.4,0.5,1.79,Graduate
1,7,6,15,1,1,1,23,12,1,1,1,0,0,1,0,0,21,0,0,6,6,6,13.166666666666666,0,0,6,6,6,13.0,0,7.6,2.6,0.32,Graduate
1,4,1,3,0,3,1,22,10,10,5,0,0,0,0,0,0,26,0,0,5,9,0,0.0,0,0,5,10,0,0.0,0,9.4,-0.8,-3.12,Dropout
6,12,1,3,0,1,1,22,1,10,8,0,0,0,1,0,1,41,0,0,6,10,5,12.833333333333334,0,0,6,6,6,12.333333333333334,0,13.9,-0.3,0.79,Graduate
1,1,5,9,1,1,1,22,28,8,8,1,0,0,1,0,0,18,0,0,5,9,1,11.0,0,0,5,9,2,12.5,0,7.6,2.6,0.32,Enrolled
1,15,1,17,0,14,1,22,27,7,7,0,0,0,1,0,0,31,0,2,6,8,6,12.0,0,2,7,8,7,13.428571428571429,0,9.4,-0.8,-3.12,Enrolled
1,8,2,15,1,1,1,3,5,1,3,1,0,0,0,1,1,22,0,0,4,8,0,0.0,0,0,4,8,0,0.0,0,7.6,2.6,0.32,Dropout
2,12,1,17,0,1,1,22,27,10,10,0,0,1,0,1,0,45,0,0,5,9,0,0.0,0,0,5,11,0,0.0,0,12.4,0.5,1.79,Dropout
1,1,2,7,1,1,1,23,28,6,6,0,0,0,1,1,0,18,0,0,5,9,2,11.666666666666666,0,0,5,9,2,12.5,2,7.6,2.6,0.32,Enrolled
1,12,1,7,1,1,1,1,28,4,6,0,0,0,1,1,0,24,0,0,5,6,3,10.666666666666666,0,0,5,9,2,10.5,0,15.5,2.8,-4.06,Enrolled
1,1,5,14,1,1,1,13,28,10,10,1,0,0,0,0,0,18,0,0,6,0,0,0.0,0,0,6,0,0,0.0,0,8.9,1.4,3.51,Dropout
1,8,2,9,1,1,1,13,14,8,8,1,0,0,1,0,1,19,0,0,5,8,5,11.2,0,0,5,5,3,11.0,0,12.4,0.5,1.79,Graduate
1,8,6,12,1,1,1,22,27,10,7,1,0,0,1,0,1,18,0,0,8,8,7,15.228571428571428,0,0,8,8,7,15.228571428571428,0,12.7,3.7,-1.7,Graduate
1,9,2,9,1,1,1,22,28,29,28,1,0,0,1,0,1,20,0,0,5,6,5,11.8,0,0,5,6,5,11.6,0,8.9,1.4,3.51,Graduate
1,13,1,6,1,1,1,1,28,5,10,1,0,0,1,0,1,20,0,1,2,2,2,12.0,0,1,6,11,6,12.833333333333334,0,13.9,-0.3,0.79,Graduate
1,8,4,5,1,1,1,1,14,5,6,1,0,0,1,0,0,18,0,0,6,8,5,11.8,0,0,6,7,5,10.4,1,16.2,0.3,-0.92,Graduate
1,1,2,12,1,1,1,22,27,10,8,1,0,0,1,0,1,19,0,0,7,8,7,14.7875,0,0,8,8,8,15.8625,0,13.9,-0.3,0.79,Graduate
1,12,1,14,1,9,1,1,14,2,6,1,0,1,0,0,0,25,0,0,5,5,5,11.2,0,0,5,5,4,11.25,0,9.4,-0.8,-3.12,Dropout
1,8,1,14,1,1,1,10,28,10,6,0,0,0,1,0,1,19,0,0,6,6,6,13.666666666666666,0,0,6,9,6,13.666666666666666,0,8.9,1.4,3.51,Graduate
1,14,1,2,1,1,1,13,14,6,8,0,0,0,1,0,0,18,0,0,0,0,0,0.0,0,0,0,0,0,0.0,0,15.5,2.8,-4.06,Enrolled
1,1,2,16,1,1,1,23,28,8,6,1,0,0,1,0,0,18,0,0,6,10,3,12.0,0,0,6,8,4,10.25,0,10.8,1.4,1.74,Enrolled
1,1,2,12,1,1,1,19,24,1,1,1,0,0,1,0,1,20,0,0,8,8,7,14.901428571428571,1,0,8,8,7,14.901428571428571,1,9.4,-0.8,-3.12,Dropout
1,8,4,6,1,1,1,13,26,12,8,1,0,0,1,0,0,20,0,0,5,7,4,12.4,0,0,5,9,5,12.666666666666666,0,7.6,2.6,0.32,Graduate
1,15,1,4,1,14,1,23,28,7,7,0,0,0,1,0,0,19,0,0,6,7,6,12.0,0,0,6,7,6,12.666666666666666,0,12.4,0.5,1.79,Graduate
1,12,2,13,1,1,1,22,27,10,10,1,0,0,1,0,0,25,0,0,7,11,7,11.857142857142858,0,0,8,21,5,11.7,0,12.4,0.5,1.79,Enrolled
1,8,1,11,1,1,1,22,27,6,7,0,0,0,0,0,0,20,0,0,6,0,0,0.0,0,0,6,0,0,0.0,0,15.5,2.8,-4.06,Dropout
1,1,1,16,1,1,1,13,14,10,6,0,0,1,1,0,1,18,0,0,6,6,6,13.333333333333334,0,0,6,7,6,12.571428571428571,0,12.7,3.7,-1.7,Graduate
1,14,2,15,1,1,1,13,14,1,1,0,0,0,1,1,0,23,0,0,6,9,6,12.333333333333334,0,0,6,11,5,13.0,0,7.6,2.6,0.32,Graduate
1,1,1,10,1,1,1,13,14,10,10,0,0,0,1,0,1,18,0,0,6,11,5,11.142857142857142,0,0,6,8,6,12.285714285714286,0,16.2,0.3,-0.92,Graduate
1,1,1,10,1,1,1,13,28,6,7,0,0,0,1,0,1,22,0,0,6,10,5,10.714285714285714,0,0,6,10,5,12.2,0,12.7,3.7,-1.7,Graduate
2,12,1,8,1,1,1,13,14,5,5,0,0,0,0,1,0,31,0,0,4,12,2,11.0,2,0,5,9,3,11.666666666666666,0,9.4,-0.8,-3.12,Dropout
1,1,1,11,1,1,1,13,29,5,9,1,0,0,1,0,0,20,0,0,6,7,6,14.833333333333334,0,0,6,6,6,16.0,0,11.1,0.6,2.02,Graduate
1,17,1,17,0,1,1,23,28,29,44,0,0,1,1,0,0,23,0,6,11,18,8,12.375,0,3,9,15,5,12.6,0,8.9,1.4,3.51,Enrolled
2,16,1,16,1,1,1,22,27,8,9,0,0,0,1,0,0,35,0,0,7,7,0,0.0,0,0,6,0,0,0.0,0,8.9,1.4,3.51,Dropout
1,8,2,16,1,1,1,13,28,4,4,1,0,0,1,1,0,19,0,0,7,10,6,13.666666666666666,0,0,7,9,6,12.5,0,12.4,0.5,1.79,Dropout
1,1,1,10,1,1,1,13,1,10,10,0,0,0,1,1,0,19,0,0,6,6,6,12.833333333333334,0,0,6,8,6,11.833333333333334,0,10.8,1.4,1.74,Graduate
1,8,2,16,1,1,1,1,28,5,9,1,0,0,1,0,0,19,0,0,6,10,5,12.6,0,0,6,7,5,11.2,0,10.8,1.4,1.74,Graduate
1,1,4,12,1,1,1,22,28,10,10,1,0,0,1,1,1,18,0,0,8,8,7,13.331428571428573,0,0,8,8,7,13.331428571428573,0,10.8,1.4,1.74,Graduate
1,12,1,5,1,1,1,1,1,6,4,1,0,0,1,1,1,24,0,0,6,6,6,15.0,0,0,6,6,2,16.0,0,15.5,2.8,-4.06,Graduate
1,1,3,9,1,1,1,22,27,10,6,1,0,0,1,1,0,19,0,0,5,8,5,13.25,0,0,5,6,5,11.833333333333334,0,13.9,-0.3,0.79,Graduate
1,8,6,7,1,1,1,22,11,5,12,1,0,0,1,1,0,19,0,0,5,10,0,0.0,0,0,5,5,0,0.0,0,7.6,2.6,0.32,Dropout
1,15,1,5,1,14,1,10,27,4,10,0,0,1,1,0,1,22,0,2,7,7,7,13.571428571428571,0,5,9,9,9,13.77777777777778,0,12.4,0.5,1.79,Graduate
1,6,1,9,1,1,14,26,1,4,5,0,0,1,0,1,0,26,1,6,7,7,6,13.0,0,2,6,6,2,14.0,0,11.1,0.6,2.02,Dropout
1,1,5,14,1,1,1,13,14,8,4,0,0,0,1,1,0,19,0,0,5,5,4,12.5,0,0,5,5,4,14.25,0,7.6,2.6,0.32,Graduate
1,8,6,11,1,1,1,1,1,5,4,1,0,0,1,1,0,18,0,0,6,6,6,14.0,0,0,6,6,6,14.666666666666666,0,11.1,0.6,2.02,Graduate
1,1,1,15,1,1,1,1,14,10,8,0,0,0,1,1,1,18,0,0,6,6,6,15.5,0,0,6,6,6,14.166666666666666,0,11.1,0.6,2.02,Graduate
1,8,1,15,1,1,1,13,28,5,10,0,0,0,1,1,1,18,0,0,6,7,6,11.333333333333334,0,0,6,8,6,12.285714285714286,0,16.2,0.3,-0.92,Graduate
1,17,1,6,1,16,1,1,3,5,3,1,0,0,0,0,1,20,0,7,12,15,11,13.384615384615383,0,4,9,13,7,14.285714285714286,0,8.9,1.4,3.51,Graduate
1,8,6,7,1,1,1,13,14,5,1,1,0,0,1,1,0,20,0,0,5,7,4,13.0,0,0,5,9,5,14.833333333333334,3,7.6,2.6,0.32,Graduate
1,4,1,7,1,15,1,3,1,3,6,0,0,0,1,1,0,23,0,0,5,5,5,13.8,0,0,5,7,5,14.142857142857142,0,11.1,0.6,2.02,Graduate
2,12,1,17,0,1,1,22,14,6,4,1,0,0,1,1,0,33,0,0,5,5,5,14.2,0,0,5,6,5,13.833333333333334,0,10.8,1.4,1.74,Graduate
1,12,1,12,1,1,1,22,14,10,9,1,0,0,1,0,0,27,0,0,7,14,0,0.0,0,0,7,14,0,0.0,0,11.1,0.6,2.02,Dropout
2,12,1,7,1,3,1,22,27,5,8,0,0,0,0,0,0,32,0,0,5,6,0,0.0,0,0,5,5,0,0.0,0,12.7,3.7,-1.7,Dropout
2,12,1,17,0,7,1,19,24,1,1,0,0,0,0,0,0,39,0,0,5,5,0,0.0,0,0,5,5,0,0.0,0,7.6,2.6,0.32,Dropout
2,14,1,3,0,1,1,19,24,1,1,0,0,0,1,0,1,35,0,11,16,16,16,12.6875,0,11,13,13,13,12.0,0,9.4,-0.8,-3.12,Graduate
1,1,2,12,1,1,1,1,14,3,8,1,0,0,1,0,0,21,0,0,7,7,7,12.835714285714284,0,0,8,8,8,14.23125,0,11.1,0.6,2.02,Graduate
1,8,5,12,1,1,1,13,28,10,6,1,0,0,1,0,1,18,0,0,7,8,7,14.85,0,0,8,9,8,15.61111111111111,0,13.9,-0.3,0.79,Graduate
1,7,2,5,1,1,1,1,3,5,3,1,0,0,1,0,0,18,0,0,6,11,1,11.0,1,0,6,11,4,11.0,4,7.6,2.6,0.32,Enrolled
1,1,2,12,1,1,1,22,27,10,10,1,0,0,1,1,0,22,0,0,7,9,6,12.833333333333334,0,0,8,12,6,12.5,0,16.2,0.3,-0.92,Enrolled
1,8,2,12,1,1,1,13,14,6,6,1,0,0,1,0,0,18,0,0,7,11,6,11.983333333333334,0,0,8,12,8,12.28125,0,16.2,0.3,-0.92,Graduate
2,12,1,13,1,1,1,22,27,10,10,0,0,0,1,0,0,47,0,1,7,16,6,12.514285714285716,0,0,7,15,4,11.75,0,12.7,3.7,-1.7,Dropout
1,1,1,6,1,1,1,22,2,10,5,1,0,0,1,0,1,18,0,0,6,7,6,15.714285714285714,0,0,6,17,5,12.77777777777778,0,12.4,0.5,1.79,Graduate
1,12,1,7,1,1,1,22,28,10,9,0,0,1,1,1,0,24,0,0,5,11,0,0.0,0,0,5,5,0,0.0,0,16.2,0.3,-0.92,Dropout
2,12,1,8,1,1,1,1,14,7,7,1,0,0,1,1,0,37,0,1,5,12,3,12.0,2,1,5,8,4,13.0,1,10.8,1.4,1.74,Graduate
1,12,1,14,1,7,1,22,27,6,4,0,0,1,1,1,0,26,0,0,5,5,0,0.0,0,0,5,5,0,0.0,0,9.4,-0.8,-3.12,Dropout
1,4,1,17,0,15,1,28,3,4,4,0,0,0,1,0,0,27,0,0,5,5,5,15.2,0,0,5,6,5,14.0,0,11.1,0.6,2.02,Enrolled
1,12,1,12,1,15,1,1,1,5,5,1,0,0,1,0,0,27,0,1,7,7,7,14.757142857142856,0,1,8,9,8,14.077777777777778,0,16.2,0.3,-0.92,Graduate
1,12,1,12,1,1,1,1,27,10,10,0,0,0,1,1,0,28,0,0,7,11,3,11.916666666666666,1,0,7,17,0,0.0,0,16.2,0.3,-0.92,Dropout
1,8,3,5,1,1,1,22,27,6,6,1,0,0,1,1,0,18,0,0,6,6,6,14.166666666666666,0,0,6,8,5,13.0,0,10.8,1.4,1.74,Graduate
1,8,1,5,1,1,1,13,28,5,6,1,0,0,1,1,0,22,0,0,6,7,5,11.4,0,0,6,6,6,12.166666666666666,0,7.6,2.6,0.32,Graduate
1,1,3,12,1,1,1,13,14,6,5,1,0,0,1,0,1,20,0,0,8,8,8,13.38125,0,0,8,8,8,13.38125,0,9.4,-0.8,-3.12,Graduate
2,12,1,12,1,1,1,22,28,5,5,0,0,0,1,1,1,33,0,0,8,16,1,10.0,1,0,8,16,1,10.0,1,12.7,3.7,-1.7,Enrolled
1,16,1,6,1,1,1,3,3,3,9,1,0,0,1,0,0,22,0,4,12,19,11,14.153846153846152,0,5,12,20,12,15.428571428571429,0,8.9,1.4,3.51,Graduate
1,14,1,10,1,1,1,19,24,13,13,0,0,0,1,0,1,29,0,9,16,17,16,12.588235294117649,0,10,13,14,13,13.357142857142858,0,9.4,-0.8,-3.12,Graduate
1,1,1,2,1,1,1,23,14,10,10,1,0,0,1,1,1,19,0,0,0,0,0,0.0,0,0,0,0,0,0.0,0,13.9,-0.3,0.79,Graduate
1,12,1,4,1,1,14,1,1,10,10,0,0,1,0,0,0,29,1,3,9,9,3,14.333333333333334,0,1,7,8,1,14.0,0,15.5,2.8,-4.06,Dropout
1,14,2,3,0,3,1,19,24,1,1,0,0,0,1,1,0,31,0,8,12,21,12,12.333333333333334,0,6,10,13,7,13.285714285714286,2,7.6,2.6,0.32,Graduate
1,16,1,9,1,12,1,13,14,10,6,0,0,1,0,1,0,38,0,0,5,5,0,0.0,0,0,5,5,0,0.0,0,8.9,1.4,3.51,Dropout
1,14,1,17,0,3,1,3,1,3,10,0,0,0,1,1,0,33,0,0,5,5,0,0.0,0,0,5,5,0,0.0,0,12.7,3.7,-1.7,Dropout
2,12,1,12,1,1,1,22,27,10,10,1,0,0,1,0,0,39,0,0,7,8,5,12.16,0,0,7,8,5,12.16,0,7.6,2.6,0.32,Enrolled
1,8,1,4,1,1,1,22,3,6,3,0,0,0,1,1,0,19,0,0,6,10,6,13.666666666666666,0,0,6,10,4,12.25,0,13.9,-0.3,0.79,Dropout
1,6,1,10,1,1,12,13,1,10,10,1,0,1,0,1,0,22,1,0,6,10,5,11.5,0,0,6,8,5,12.4,0,13.9,-0.3,0.79,Graduate
2,13,1,17,0,1,1,3,2,3,3,0,0,0,1,1,0,27,0,2,2,2,2,12.5,0,0,5,6,2,12.5,0,12.7,3.7,-1.7,Enrolled
1,8,1,12,1,1,1,13,3,5,10,0,0,0,1,1,0,18,0,0,8,8,7,13.55714285714286,0,0,8,8,7,13.55714285714286,0,12.7,3.7,-1.7,Graduate
1,1,1,15,1,1,1,13,1,8,10,1,0,0,1,0,0,19,0,0,6,7,6,12.833333333333334,0,0,6,7,6,11.666666666666666,0,11.1,0.6,2.02,Graduate
1,14,1,14,1,1,1,13,14,2,2,0,0,1,1,0,0,20,0,0,6,12,5,12.2,0,0,6,8,5,14.6,0,13.9,-0.3,0.79,Enrolled
1,8,2,10,1,1,1,13,14,4,4,1,0,0,1,0,0,18,0,0,6,9,5,11.0,0,0,6,9,4,11.25,0,8.9,1.4,3.51,Graduate
1,1,2,11,1,1,1,1,1,10,5,1,0,0,1,0,1,18,0,0,6,9,6,13.571428571428571,0,0,6,6,6,12.166666666666666,0,8.9,1.4,3.51,Graduate
1,1,1,10,1,1,1,23,28,10,7,1,0,0,1,0,0,18,0,0,6,6,6,13.166666666666666,0,0,6,6,6,13.166666666666666,0,8.9,1.4,3.51,Graduate
1,9,1,16,1,1,1,13,28,5,1,1,0,0,1,0,0,19,0,0,7,10,6,12.166666666666666,0,0,7,9,6,13.166666666666666,0,12.4,0.5,1.79,Graduate
1,8,1,6,1,1,1,1,3,5,2,1,0,0,1,0,0,19,0,0,5,10,4,11.25,1,0,5,10,3,10.333333333333334,0,12.7,3.7,-1.7,Graduate
1,4,1,16,1,3,1,19,24,1,1,1,0,0,0,0,0,24,0,0,6,12,0,0.0,0,0,5,10,0,0.0,0,9.4,-0.8,-3.12,Dropout
2,12,1,16,1,1,1,22,27,10,10,0,0,1,0,0,0,32,0,0,6,6,0,0.0,0,0,5,10,0,0.0,0,10.8,1.4,1.74,Dropout
1,1,1,2,1,1,1,3,2,4,4,1,0,0,1,1,0,21,0,0,0,0,0,0.0,0,0,0,0,0,0.0,0,9.4,-0.8,-3.12,Graduate
1,1,2,2,1,1,1,3,29,2,4,1,0,0,1,1,0,17,0,0,0,0,0,0.0,0,0,0,0,0,0.0,0,15.5,2.8,-4.06,Enrolled
1,1,1,15,1,1,1,22,28,10,7,1,0,0,1,1,0,18,0,0,6,6,6,13.833333333333334,0,0,6,6,6,13.666666666666666,0,12.7,3.7,-1.7,Graduate
1,13,1,12,1,1,1,3,14,3,9,0,0,0,1,1,0,22,0,3,6,7,3,14.5,0,4,7,8,4,14.375,0,15.5,2.8,-4.06,Enrolled
1,8,5,5,1,1,1,4,1,5,5,1,1,0,1,0,1,17,0,0,6,6,6,13.0,0,0,6,6,6,12.5,0,15.5,2.8,-4.06,Graduate
1,8,1,12,1,1,1,13,27,5,9,1,0,0,1,0,0,18,0,0,8,9,8,14.3775,1,0,8,9,8,14.3775,1,9.4,-0.8,-3.12,Graduate
1,1,5,12,1,1,1,23,28,8,8,1,0,0,1,0,1,19,0,0,7,7,6,14.15,0,0,7,7,6,14.15,0,7.6,2.6,0.32,Graduate
1,1,2,15,1,1,1,19,14,4,1,1,0,0,0,0,0,20,0,0,6,10,4,12.0,0,0,6,15,3,10.666666666666666,0,7.6,2.6,0.32,Dropout
1,14,1,12,1,1,1,13,14,5,8,0,0,0,1,0,1,18,0,0,7,11,5,12.16,0,0,7,7,2,13.4,0,16.2,0.3,-0.92,Enrolled
1,1,3,12,1,1,1,12,13,2,2,1,0,0,0,0,0,18,0,0,8,9,6,12.758333333333333,1,0,8,9,6,12.758333333333333,1,9.4,-0.8,-3.12,Dropout
1,1,1,10,1,1,1,1,27,6,8,0,0,0,1,0,1,19,0,0,6,8,6,12.25,0,0,6,8,6,12.0,0,16.2,0.3,-0.92,Graduate
1,1,2,16,1,1,1,3,1,4,6,0,0,0,1,0,0,21,0,0,6,8,5,13.2,0,0,6,9,5,14.333333333333334,0,9.4,-0.8,-3.12,Graduate
1,15,1,10,1,14,1,1,1,10,4,1,0,0,1,0,0,20,0,3,6,6,6,12.833333333333334,0,2,6,6,6,13.833333333333334,0,12.4,0.5,1.79,Graduate
1,1,5,12,1,1,1,1,1,6,9,1,0,0,1,0,0,19,0,0,8,8,7,13.714285714285714,0,0,8,8,7,13.714285714285714,0,12.7,3.7,-1.7,Graduate
1,8,1,10,1,1,1,13,14,6,5,0,0,0,1,0,1,18,0,0,6,8,5,10.8,0,0,6,9,6,10.5,0,12.4,0.5,1.79,Graduate
1,8,1,11,1,1,1,3,1,3,4,0,0,0,1,0,1,19,0,0,6,15,6,11.333333333333334,0,0,6,9,3,12.666666666666666,0,9.4,-0.8,-3.12,Graduate
1,8,1,2,1,1,1,22,27,10,7,1,0,0,1,1,1,18,0,0,0,0,0,0.0,0,0,0,0,0,0.0,0,7.6,2.6,0.32,Enrolled
1,15,1,4,1,14,1,13,14,10,8,1,0,1,1,1,0,21,0,0,6,7,6,15.285714285714286,0,0,6,6,6,15.166666666666666,0,12.4,0.5,1.79,Graduate
1,14,1,4,1,1,1,22,27,10,7,0,0,1,1,1,0,23,0,0,6,6,0,0.0,0,0,6,8,0,0.0,0,15.5,2.8,-4.06,Dropout
1,4,1,1,1,15,1,23,27,6,7,1,0,1,0,1,0,25,0,18,21,26,21,12.363636363636363,0,12,16,21,12,12.25,1,11.1,0.6,2.02,Dropout
1,8,1,2,1,1,1,1,27,5,10,0,0,0,0,1,0,21,0,0,0,0,0,0.0,0,0,0,0,0,0.0,0,7.6,2.6,0.32,Dropout
1,8,3,14,1,1,1,1,28,5,8,0,0,0,1,1,0,19,0,0,6,8,6,15.125,0,0,6,7,6,13.428571428571429,0,11.1,0.6,2.02,Graduate
1,14,2,9,1,1,1,1,14,4,4,1,0,0,1,1,0,22,0,0,5,11,0,0.0,0,0,5,7,1,10.0,1,16.2,0.3,-0.92,Dropout
1,15,1,7,1,14,1,5,31,4,3,0,0,0,1,1,0,23,0,3,7,12,3,14.0,0,1,6,12,1,14.0,0,12.4,0.5,1.79,Enrolled
1,1,1,12,1,1,1,13,1,12,12,0,0,0,1,1,0,18,0,0,8,8,0,0.0,3,0,8,8,0,0.0,3,10.8,1.4,1.74,Dropout
1,12,1,17,0,1,1,3,1,4,4,0,0,0,1,1,0,28,0,0,5,5,0,0.0,0,0,5,5,0,0.0,0,12.7,3.7,-1.7,Dropout
1,14,1,5,1,1,1,1,2,5,3,0,0,0,1,1,0,38,0,1,6,9,5,16.0,1,0,6,11,4,16.5,0,13.9,-0.3,0.79,Enrolled
1,14,1,17,0,1,1,22,14,10,5,0,0,0,1,1,0,40,0,1,5,6,4,10.25,0,3,8,18,5,11.2,5,15.5,2.8,-4.06,Dropout
1,1,2,6,1,1,1,22,14,12,12,0,0,0,1,1,0,18,0,0,6,0,0,0.0,0,0,6,0,0,0.0,0,7.6,2.6,0.32,Dropout
1,13,1,15,1,1,1,13,6,5,4,0,0,0,1,1,0,27,0,0,4,8,0,0.0,0,0,5,10,0,0.0,0,9.4,-0.8,-3.12,Dropout
1,1,1,2,1,1,1,1,1,8,5,1,0,1,1,1,0,23,0,13,17,19,13,12.153846153846152,0,10,17,28,11,11.909090909090908,1,11.1,0.6,2.02,Enrolled
1,1,1,8,1,1,1,2,27,10,8,1,0,0,1,1,1,18,0,0,6,7,6,13.5,0,0,6,8,6,12.5,0,12.4,0.5,1.79,Graduate
1,9,1,17,0,1,1,28,30,3,3,0,0,0,1,1,0,22,0,0,5,0,0,0.0,0,0,5,0,0,0.0,0,8.9,1.4,3.51,Dropout
1,12,2,7,1,1,1,22,27,6,6,0,0,0,1,1,0,30,0,0,2,2,0,0.0,0,0,2,2,0,0.0,0,7.6,2.6,0.32,Dropout
2,14,1,6,1,1,1,22,27,10,8,0,0,0,1,1,0,21,0,0,5,11,0,0.0,2,0,5,11,3,11.666666666666666,1,9.4,-0.8,-3.12,Enrolled
1,1,1,6,1,1,1,1,1,10,10,1,0,0,1,1,0,19,0,0,5,9,5,12.6,1,0,5,8,4,12.0,0,12.7,3.7,-1.7,Graduate
1,12,1,8,1,12,1,22,27,10,11,1,0,1,1,1,0,44,0,0,6,9,5,11.571428571428571,0,0,6,11,0,0.0,0,13.9,-0.3,0.79,Dropout
2,12,2,9,1,1,1,22,27,10,10,1,0,0,1,1,0,36,0,0,4,4,0,0.0,0,0,5,9,0,0.0,0,10.8,1.4,1.74,Dropout
1,1,2,9,1,1,1,13,14,10,5,1,0,0,1,1,0,23,0,0,5,7,3,10.666666666666666,1,0,5,7,3,11.333333333333334,0,9.4,-0.8,-3.12,Dropout
2,12,1,4,1,1,1,22,27,10,10,0,0,0,0,1,0,44,0,4,10,10,4,11.5,0,1,7,8,1,12.0,0,15.5,2.8,-4.06,Dropout
1,9,1,9,1,1,1,13,1,10,8,1,0,0,1,1,0,20,0,0,5,0,0,0.0,0,0,5,0,0,0.0,0,12.4,0.5,1.79,Dropout
1,1,1,2,1,1,1,13,27,10,10,1,0,0,1,1,1,20,0,0,0,0,0,0.0,0,0,0,0,0,0.0,0,10.8,1.4,1.74,Graduate
1,12,1,2,1,12,17,1,14,3,8,0,0,0,1,1,1,25,1,0,0,0,0,0.0,0,0,0,0,0,0.0,0,15.5,2.8,-4.06,Dropout
1,16,1,1,1,1,1,13,27,6,8,0,0,0,1,0,0,26,0,14,21,23,20,13.181818181818182,0,10,14,18,14,11.642857142857142,0,8.9,1.4,3.51,Graduate
1,1,6,12,1,1,1,13,14,10,10,1,0,0,1,0,1,18,0,0,8,8,7,13.585714285714284,0,0,8,8,7,13.585714285714284,0,12.7,3.7,-1.7,Graduate
1,12,1,3,0,1,1,23,27,10,8,0,0,0,1,1,1,37,0,1,7,9,6,11.857142857142858,0,1,6,7,5,12.0,0,13.9,-0.3,0.79,Graduate
1,1,1,14,1,1,1,1,3,5,4,1,0,0,1,0,0,19,0,0,6,6,6,13.333333333333334,0,0,6,8,5,12.8,0,8.9,1.4,3.51,Dropout
1,8,1,11,1,1,1,13,29,6,5,0,0,0,1,0,1,18,0,0,6,8,6,12.666666666666666,0,0,6,6,6,13.0,0,13.9,-0.3,0.79,Graduate
1,8,4,10,1,1,1,1,14,10,6,1,0,0,1,0,1,19,0,0,6,12,6,11.666666666666666,0,0,6,7,0,0.0,0,15.5,2.8,-4.06,Dropout
1,1,2,6,1,1,1,3,1,5,8,1,0,0,1,0,0,18,0,0,6,13,6,13.153846153846152,0,0,6,12,3,11.0,0,15.5,2.8,-4.06,Graduate
1,8,1,9,1,1,1,13,28,5,9,0,0,0,1,0,1,18,0,0,5,5,5,11.6,0,0,5,12,4,12.625,0,10.8,1.4,1.74,Graduate
1,7,2,10,1,1,1,23,27,4,6,1,0,0,1,0,1,19,0,0,6,14,3,12.666666666666666,0,0,6,7,6,11.0,0,9.4,-0.8,-3.12,Graduate
1,1,1,10,1,1,1,23,28,9,8,1,0,0,1,0,1,19,0,0,6,7,6,11.857142857142858,0,0,6,8,6,13.142857142857142,0,12.4,0.5,1.79,Graduate
1,8,1,5,1,1,1,13,1,5,4,0,0,0,1,0,0,19,0,0,6,0,0,0.0,0,0,6,0,0,0.0,0,8.9,1.4,3.51,Dropout
1,8,5,16,1,1,1,3,14,3,8,1,0,0,1,0,0,18,0,0,6,7,6,13.5,0,0,6,8,5,12.6,0,7.6,2.6,0.32,Graduate
1,1,1,11,1,1,14,22,27,6,6,1,0,0,1,0,1,20,1,0,6,6,6,14.0,0,0,6,6,6,13.333333333333334,0,10.8,1.4,1.74,Graduate
1,1,4,12,1,1,1,22,14,10,10,1,0,0,1,0,0,19,0,0,7,7,6,14.983333333333334,0,0,7,7,6,14.983333333333334,0,7.6,2.6,0.32,Graduate
1,1,1,9,1,1,1,23,27,10,6,0,0,0,1,0,0,18,0,0,5,5,5,14.4,0,0,5,5,5,15.4,0,7.6,2.6,0.32,Graduate
1,12,1,17,0,1,1,13,27,10,9,0,0,0,1,0,0,26,0,0,5,10,4,12.0,0,0,5,9,4,11.25,0,12.7,3.7,-1.7,Enrolled
1,1,4,9,1,1,1,1,14,5,7,1,0,0,1,0,0,24,0,0,5,11,2,10.5,0,0,5,14,1,11.0,0,12.7,3.7,-1.7,Enrolled
1,1,1,5,1,1,1,1,27,6,10,1,0,1,1,0,0,21,0,0,6,9,5,11.4,0,0,6,8,5,12.2,0,12.7,3.7,-1.7,Dropout
1,8,1,10,1,1,1,22,27,8,6,1,0,0,1,0,0,19,0,0,6,10,2,10.5,0,0,6,11,1,13.0,0,9.4,-0.8,-3.12,Dropout
1,8,2,12,1,1,1,1,28,6,9,1,0,0,1,0,0,18,0,0,7,9,6,12.385714285714286,0,0,8,9,8,13.755555555555556,0,13.9,-0.3,0.79,Graduate
1,1,4,7,1,1,1,3,14,3,10,1,0,0,1,1,0,18,0,0,5,6,5,12.4,0,0,5,9,3,13.0,0,8.9,1.4,3.51,Dropout
1,1,1,5,1,1,1,1,27,10,10,1,0,0,1,0,1,20,0,0,6,6,6,12.0,0,0,6,6,6,11.833333333333334,0,12.4,0.5,1.79,Graduate
1,1,2,2,1,1,1,13,14,5,8,1,0,0,1,1,0,22,0,14,17,21,17,12.578947368421051,0,15,17,20,17,12.117647058823527,0,11.1,0.6,2.02,Graduate
1,12,1,4,1,1,1,22,14,7,5,0,0,0,1,1,0,35,0,1,6,7,5,12.8,0,1,6,11,5,13.833333333333334,0,15.5,2.8,-4.06,Graduate
1,8,2,16,1,1,1,1,14,10,10,1,0,0,1,1,1,20,0,0,6,6,6,12.0,0,0,6,7,6,12.5,0,7.6,2.6,0.32,Enrolled
2,12,1,15,1,1,1,22,27,10,11,0,0,1,0,1,0,43,0,0,6,16,2,10.0,0,0,6,12,4,12.25,0,10.8,1.4,1.74,Dropout
1,1,1,4,1,1,1,23,1,10,5,0,0,0,1,1,0,18,0,0,6,7,6,16.0,0,0,6,6,6,15.166666666666666,0,12.4,0.5,1.79,Graduate
1,12,1,11,1,12,1,13,14,4,2,0,0,1,0,1,0,34,0,0,6,6,0,0.0,0,0,6,6,0,0.0,0,15.5,2.8,-4.06,Dropout
1,6,1,14,1,1,14,1,1,10,5,0,0,0,1,0,0,21,1,2,7,9,7,14.666666666666666,0,1,6,8,6,14.0,0,11.1,0.6,2.02,Graduate
1,1,4,6,1,1,1,3,1,2,5,1,0,0,1,0,1,19,0,0,6,7,6,14.857142857142858,0,0,6,10,6,13.11111111111111,0,12.4,0.5,1.79,Graduate
1,8,2,9,1,1,1,2,3,3,3,1,0,0,1,0,0,19,0,0,5,10,3,11.0,0,0,5,9,4,11.75,0,12.7,3.7,-1.7,Enrolled
1,1,1,12,1,1,1,13,14,5,5,1,0,0,1,0,0,20,0,0,8,8,7,14.014285714285714,0,0,8,8,7,14.014285714285714,0,12.7,3.7,-1.7,Enrolled
1,8,4,12,1,1,1,1,27,10,10,1,0,0,1,0,1,19,0,0,7,7,7,13.385714285714286,0,0,8,8,8,15.925,0,13.9,-0.3,0.79,Graduate
1,8,1,3,0,1,1,19,24,1,1,0,0,0,1,0,0,24,0,0,6,7,6,12.833333333333334,0,0,6,8,6,12.0,0,7.6,2.6,0.32,Graduate
1,12,1,7,1,1,1,1,28,5,8,0,0,0,0,1,0,25,0,0,5,8,0,0.0,0,0,5,5,0,0.0,0,9.4,-0.8,-3.12,Dropout
1,12,1,14,1,9,1,1,27,4,6,0,0,0,1,1,1,25,0,0,6,8,6,14.142857142857142,0,0,6,6,6,13.5,0,15.5,2.8,-4.06,Graduate
1,8,1,9,1,1,1,23,14,7,11,1,0,0,1,0,0,20,0,0,5,8,5,12.333333333333334,0,0,5,7,5,12.2,0,15.5,2.8,-4.06,Graduate
1,8,6,13,1,1,1,13,28,8,8,1,0,0,1,0,1,18,0,0,7,9,7,14.1,0,0,8,8,8,13.3125,0,12.7,3.7,-1.7,Graduate
4,12,1,17,0,1,1,22,27,10,10,0,0,0,1,1,0,29,0,0,5,5,0,0.0,0,0,5,5,0,0.0,0,7.6,2.6,0.32,Enrolled
1,8,1,10,1,1,1,22,28,10,6,0,0,0,1,0,1,19,0,0,6,11,5,11.6,0,0,6,10,6,11.714285714285714,0,15.5,2.8,-4.06,Graduate
1,8,1,8,1,1,1,13,14,5,5,1,0,0,1,0,0,19,0,0,6,8,6,11.333333333333334,0,0,6,12,4,13.75,0,8.9,1.4,3.51,Dropout
1,8,3,9,1,1,1,1,1,5,8,1,0,0,1,0,0,18,0,0,5,5,5,12.6,0,0,5,5,4,11.0,0,11.1,0.6,2.02,Enrolled
2,14,1,17,0,1,1,23,27,6,7,0,0,0,1,0,0,28,0,6,10,15,6,10.666666666666666,0,5,10,17,9,11.333333333333334,1,7.6,2.6,0.32,Enrolled
1,12,1,13,1,1,3,3,3,5,5,0,0,1,0,0,0,54,1,0,7,7,0,0.0,0,0,5,10,0,0.0,0,12.4,0.5,1.79,Dropout
1,8,4,14,1,1,1,23,14,10,7,1,0,0,1,0,1,18,0,0,6,6,6,14.0,0,0,6,9,5,13.8,0,8.9,1.4,3.51,Graduate
1,8,1,15,1,1,1,3,1,3,4,1,0,0,1,0,0,19,0,0,6,7,6,12.5,0,0,6,7,6,12.5,0,10.8,1.4,1.74,Graduate
1,1,1,2,1,1,1,13,14,5,8,1,0,0,1,0,1,18,0,0,0,0,0,0.0,0,0,0,0,0,0.0,0,12.4,0.5,1.79,Graduate
1,12,1,3,0,1,1,13,27,5,6,0,0,0,1,0,0,34,0,0,6,6,4,13.25,0,0,6,6,0,0.0,0,12.7,3.7,-1.7,Enrolled
2,12,1,12,1,1,1,13,27,7,7,0,0,0,1,0,1,32,0,0,8,9,7,12.757142857142856,0,0,8,9,7,12.757142857142856,0,12.7,3.7,-1.7,Graduate
4,12,1,3,0,3,1,22,27,10,10,0,0,0,1,0,1,43,0,0,6,7,5,12.2,0,0,6,6,6,12.333333333333334,0,9.4,-0.8,-3.12,Graduate
1,12,1,14,1,1,1,13,3,5,3,0,0,0,1,0,1,51,0,0,6,8,5,11.6,0,0,6,9,5,14.2,0,12.4,0.5,1.79,Graduate
1,7,6,9,1,1,1,22,27,10,10,1,0,0,1,0,0,20,0,0,5,8,4,11.6,0,0,5,10,3,12.333333333333334,0,7.6,2.6,0.32,Graduate
1,13,1,16,1,9,1,1,3,4,3,0,0,0,1,0,0,28,0,14,18,23,14,12.785714285714286,2,16,17,18,16,13.875,0,16.2,0.3,-0.92,Dropout
1,1,3,5,1,1,1,5,3,6,8,1,0,0,1,0,0,21,0,0,6,6,6,14.5,0,0,6,7,5,12.0,0,12.4,0.5,1.79,Graduate
1,1,1,5,1,1,1,13,27,10,10,1,0,0,1,0,1,19,0,0,6,6,6,14.0,0,0,6,8,6,13.125,0,10.8,1.4,1.74,Graduate
1,8,6,12,1,1,1,3,14,6,6,1,0,0,1,0,1,19,0,0,7,7,7,13.801428571428572,0,0,8,8,8,14.575,0,11.1,0.6,2.02,Graduate
1,8,5,12,1,1,1,1,1,6,6,1,0,0,1,0,1,18,0,0,7,7,7,13.857142857142858,0,0,8,8,8,14.9,0,13.9,-0.3,0.79,Graduate
1,1,1,2,1,1,1,13,27,10,8,1,0,0,1,0,1,18,0,0,0,0,0,0.0,0,0,0,0,0,0.0,0,12.4,0.5,1.79,Graduate
1,4,1,16,1,3,1,22,27,10,10,0,0,0,1,0,0,28,0,14,15,25,14,12.428571428571429,1,8,14,22,11,11.909090909090908,0,7.6,2.6,0.32,Dropout
1,14,1,12,1,1,1,23,3,6,3,0,0,0,1,0,0,21,0,3,7,8,7,13.3875,0,2,8,8,8,15.9,0,13.9,-0.3,0.79,Graduate
1,1,1,14,1,1,1,4,2,15,17,1,0,0,1,1,0,20,0,0,6,8,5,12.8,0,0,6,10,5,11.6,0,13.9,-0.3,0.79,Enrolled
1,15,1,6,1,14,1,10,28,5,9,1,0,0,1,1,0,23,0,1,6,10,5,12.5,0,1,6,8,2,13.5,0,12.4,0.5,1.79,Dropout
2,4,1,9,1,3,1,13,1,10,10,0,0,0,1,0,0,33,0,5,8,10,6,12.833333333333334,0,2,5,8,4,12.0,0,11.1,0.6,2.02,Enrolled
1,8,4,15,1,1,1,23,14,10,10,0,0,0,1,0,0,19,0,0,6,8,4,11.25,0,0,6,0,0,0.0,0,15.5,2.8,-4.06,Dropout
1,8,4,10,1,1,1,13,14,5,8,1,0,0,1,0,0,19,0,0,6,7,6,12.0,0,0,6,7,6,12.428571428571429,0,11.1,0.6,2.02,Graduate
1,8,3,12,1,1,1,13,27,8,8,1,0,0,1,0,1,19,0,0,7,7,7,13.714285714285714,0,0,8,11,8,14.863636363636363,0,16.2,0.3,-0.92,Graduate
1,1,1,6,1,1,1,23,27,10,8,1,0,0,1,0,0,18,0,0,5,8,4,12.75,1,0,5,10,4,11.75,0,12.7,3.7,-1.7,Graduate
1,12,1,6,1,1,1,13,1,10,11,1,0,0,1,0,0,26,0,0,6,7,6,16.5,0,0,6,8,6,14.285714285714286,0,8.9,1.4,3.51,Graduate
1,1,1,2,1,1,1,3,1,5,5,1,0,1,0,0,0,18,0,0,0,0,0,0.0,0,0,0,0,0,0.0,0,12.4,0.5,1.79,Dropout
1,8,1,11,1,1,1,1,1,5,5,1,0,0,1,1,0,21,0,0,6,11,6,11.166666666666666,0,0,6,14,3,14.666666666666666,0,7.6,2.6,0.32,Enrolled
1,1,1,11,1,1,1,1,1,5,3,0,0,1,0,0,1,21,0,0,6,7,6,13.428571428571429,0,0,6,8,6,11.333333333333334,0,8.9,1.4,3.51,Dropout
1,1,3,12,1,1,1,1,27,9,8,1,0,0,1,1,1,18,0,0,7,12,7,11.716666666666663,0,0,8,13,4,10.868,0,15.5,2.8,-4.06,Graduate
1,8,3,11,1,1,1,10,28,6,8,1,0,1,1,0,0,18,0,0,6,7,5,12.2,0,0,6,10,4,12.25,0,12.4,0.5,1.79,Dropout
1,8,5,10,1,1,1,13,27,6,8,1,0,0,1,0,1,19,0,0,6,9,5,11.333333333333334,0,0,6,6,6,10.833333333333334,0,13.9,-0.3,0.79,Enrolled
2,12,1,1,1,1,1,23,1,10,6,0,0,1,1,1,0,35,0,0,7,9,0,0.0,0,0,7,8,0,0.0,0,11.1,0.6,2.02,Dropout
1,1,2,9,1,1,1,1,28,5,6,0,0,0,1,1,0,21,0,0,5,10,3,11.25,0,0,5,9,3,11.0,0,15.5,2.8,-4.06,Enrolled
1,4,1,11,1,3,1,13,14,4,4,0,0,0,1,1,0,35,0,0,6,7,0,0.0,0,0,6,6,0,0.0,0,16.2,0.3,-0.92,Dropout
1,1,1,12,1,1,1,1,1,10,10,1,0,0,1,1,0,20,0,0,8,8,7,12.84142857142857,0,0,8,8,7,12.84142857142857,0,10.8,1.4,1.74,Graduate
1,1,1,6,1,1,1,13,28,10,10,0,0,1,1,0,0,24,0,0,6,8,6,13.285714285714286,0,0,6,13,6,12.875,0,11.1,0.6,2.02,Graduate
1,1,1,12,1,1,1,22,14,8,8,1,0,0,1,0,1,19,0,0,8,8,8,14.11,0,0,8,8,8,14.11,0,9.4,-0.8,-3.12,Graduate
1,8,3,16,1,1,1,23,28,6,8,1,0,0,1,0,0,19,0,0,6,9,5,12.4,0,0,6,10,3,10.666666666666666,0,10.8,1.4,1.74,Dropout
1,1,3,9,1,1,1,1,28,4,9,1,0,0,1,0,1,19,0,0,5,5,5,13.4,0,0,5,5,5,12.6,0,8.9,1.4,3.51,Graduate
1,1,2,6,1,1,1,22,1,10,10,1,0,0,1,0,1,18,0,0,5,6,4,15.75,0,0,5,5,5,13.8,0,10.8,1.4,1.74,Graduate
2,12,1,12,1,1,1,22,28,10,9,0,0,0,1,0,0,30,0,0,7,0,0,0.0,0,0,8,0,0,0.0,0,13.9,-0.3,0.79,Dropout
1,1,1,9,1,1,1,23,28,10,10,1,0,0,1,0,1,21,0,0,5,10,5,13.714285714285714,0,0,5,7,5,14.4,0,11.1,0.6,2.02,Graduate
4,12,1,3,0,1,1,22,27,10,9,0,0,0,1,0,1,32,0,0,6,18,2,10.333333333333334,0,0,6,7,6,11.5,0,16.2,0.3,-0.92,Graduate
2,4,1,3,0,3,1,20,25,12,12,0,0,0,0,0,0,59,0,10,15,22,12,13.333333333333334,0,8,8,8,8,12.875,0,10.8,1.4,1.74,Dropout
1,12,1,4,1,1,1,22,27,10,8,1,0,0,0,1,0,35,0,0,6,17,1,13.0,0,0,6,8,0,0.0,0,15.5,2.8,-4.06,Dropout
1,14,1,12,1,1,1,23,14,10,11,0,0,0,1,0,0,23,0,0,7,11,6,12.1,0,0,7,7,6,12.616666666666667,0,16.2,0.3,-0.92,Enrolled
1,1,1,11,1,1,1,1,1,10,11,0,0,0,1,1,0,20,0,0,6,8,6,12.857142857142858,0,0,6,9,5,12.4,0,8.9,1.4,3.51,Enrolled
1,14,1,11,1,1,1,10,14,10,10,0,0,0,0,1,0,31,0,3,8,19,5,12.166666666666666,0,3,7,12,5,12.0,0,7.6,2.6,0.32,Dropout
1,15,1,4,1,14,1,13,14,5,5,1,0,0,0,1,0,21,0,0,6,17,2,12.5,0,0,6,10,0,0.0,0,16.2,0.3,-0.92,Dropout
1,12,1,6,1,1,1,22,26,12,8,0,0,0,1,1,0,28,0,0,5,8,3,12.0,0,0,5,10,3,11.333333333333334,0,7.6,2.6,0.32,Dropout
1,1,1,7,1,1,1,22,27,10,7,0,0,0,1,1,0,19,0,0,5,7,1,13.0,0,0,5,7,2,10.0,0,9.4,-0.8,-3.12,Enrolled
1,1,1,9,1,1,1,1,27,10,10,1,0,0,1,0,0,21,0,0,5,8,4,11.0,0,0,5,8,5,12.0,0,7.6,2.6,0.32,Enrolled
1,1,4,12,1,1,1,13,28,10,4,1,0,0,1,0,0,19,0,0,7,7,6,14.616666666666667,0,0,7,7,6,14.616666666666667,0,7.6,2.6,0.32,Graduate
1,1,1,6,1,1,1,22,27,10,10,1,0,0,1,0,0,19,0,0,5,10,2,14.5,1,0,5,9,3,11.333333333333334,0,12.7,3.7,-1.7,Enrolled
1,1,1,9,1,1,1,22,28,10,10,0,0,0,1,0,1,19,0,0,5,7,5,12.2,0,0,5,6,5,11.2,0,11.1,0.6,2.02,Graduate
2,14,1,17,0,1,1,22,27,10,10,0,0,0,1,0,0,32,0,1,5,5,5,10.2,0,0,5,9,4,11.25,0,9.4,-0.8,-3.12,Enrolled
1,7,3,16,1,1,1,13,27,10,10,1,0,0,1,0,0,19,0,0,6,8,5,12.2,0,0,6,8,5,11.8,0,10.8,1.4,1.74,Enrolled
1,1,1,15,1,1,1,3,3,3,6,0,0,0,1,0,0,19,0,0,6,6,6,12.166666666666666,0,0,6,6,6,12.5,0,16.2,0.3,-0.92,Enrolled
1,8,1,10,1,1,1,13,28,5,10,1,0,0,1,0,1,20,0,0,6,6,6,13.333333333333334,0,0,6,7,6,14.0,0,15.5,2.8,-4.06,Graduate
1,8,2,13,1,1,1,22,28,10,9,1,0,0,1,0,0,19,0,0,7,16,2,12.75,0,0,7,12,2,11.0,0,8.9,1.4,3.51,Dropout
1,8,4,11,1,1,1,22,14,10,8,1,0,0,1,0,0,20,0,0,6,7,6,11.5,0,0,6,8,5,12.4,0,11.1,0.6,2.02,Graduate
1,7,1,6,1,1,1,3,3,3,2,1,0,0,1,0,0,19,0,0,6,7,6,15.714285714285714,0,0,6,6,6,14.666666666666666,0,13.9,-0.3,0.79,Dropout
1,4,1,6,1,3,1,22,27,8,8,0,0,0,1,0,0,32,0,4,10,20,4,11.5,2,3,9,13,3,11.666666666666666,2,15.5,2.8,-4.06,Dropout
2,12,1,9,1,1,1,22,27,10,10,0,0,0,1,0,0,35,0,0,1,1,0,0.0,1,0,5,0,0,0.0,0,10.8,1.4,1.74,Dropout
1,14,1,17,0,1,1,22,27,10,10,0,0,0,1,0,0,21,0,6,10,20,6,11.5,0,5,10,17,5,12.4,0,9.4,-0.8,-3.12,Dropout
1,1,1,14,1,1,1,1,1,1,1,0,0,0,0,1,0,19,0,0,5,5,0,0.0,0,0,6,0,0,0.0,0,9.4,-0.8,-3.12,Dropout
1,1,1,10,1,1,1,1,1,4,4,0,0,0,1,1,0,20,0,0,6,9,5,11.0,0,0,6,9,5,12.166666666666666,0,11.1,0.6,2.02,Graduate
1,14,1,17,0,1,1,22,27,10,10,1,0,1,1,1,0,34,0,6,10,10,7,11.714285714285714,0,4,10,10,6,11.5,0,10.8,1.4,1.74,Dropout
1,13,1,4,1,14,1,3,1,3,7,1,0,0,1,1,0,24,0,4,9,13,8,13.333333333333334,0,5,10,12,9,13.11111111111111,0,16.2,0.3,-0.92,Enrolled
1,1,1,5,1,1,1,1,14,4,10,1,0,0,1,1,0,20,0,0,6,7,6,13.666666666666666,0,0,6,7,6,12.166666666666666,1,16.2,0.3,-0.92,Graduate
2,12,1,12,1,12,1,13,14,5,5,0,0,0,1,1,0,33,0,0,7,7,5,13.06,0,0,7,9,0,0.0,0,16.2,0.3,-0.92,Enrolled
1,8,2,5,1,1,1,1,14,22,29,1,0,0,1,1,0,19,0,0,6,9,5,12.0,0,0,6,10,4,11.2,0,8.9,1.4,3.51,Graduate
1,1,1,11,1,1,1,1,28,10,10,1,0,0,1,1,1,20,0,0,6,7,6,13.571428571428571,0,0,6,8,6,13.166666666666666,0,8.9,1.4,3.51,Graduate
1,8,6,9,1,1,1,22,28,10,10,1,0,1,0,1,0,19,0,0,5,8,4,12.5,0,0,5,9,5,10.5,0,8.9,1.4,3.51,Enrolled
1,12,1,1,1,1,1,13,27,10,10,0,0,0,1,1,0,25,0,0,7,13,2,15.0,0,0,7,12,2,11.5,0,12.4,0.5,1.79,Dropout
1,14,1,5,1,1,1,1,2,10,3,0,0,0,1,1,0,19,0,6,12,12,12,13.166666666666666,0,6,12,12,12,13.0,0,10.8,1.4,1.74,Graduate
1,1,3,15,1,1,1,13,28,9,4,1,0,1,1,1,0,18,0,0,6,6,6,13.0,0,0,6,7,5,11.8,0,12.7,3.7,-1.7,Dropout
1,1,1,8,1,1,1,2,3,10,2,0,0,0,1,1,0,19,0,0,5,14,2,11.5,2,0,5,8,5,11.4,3,9.4,-0.8,-3.12,Enrolled
1,7,2,10,1,1,1,13,28,5,6,1,0,0,1,0,0,18,0,0,6,6,6,13.5,0,0,6,6,6,12.166666666666666,0,10.8,1.4,1.74,Graduate
1,1,3,15,1,1,1,3,1,3,5,1,0,0,1,1,0,20,0,0,6,6,5,12.8,0,0,6,11,3,12.75,0,15.5,2.8,-4.06,Graduate
1,15,1,5,1,14,1,1,1,5,5,0,0,0,1,1,0,21,0,2,7,7,5,11.8,0,5,9,9,5,11.0,0,12.4,0.5,1.79,Dropout
1,8,1,14,1,1,1,1,1,5,5,1,0,0,1,1,0,20,0,0,6,9,6,14.666666666666666,0,0,6,7,6,13.857142857142858,0,8.9,1.4,3.51,Graduate
1,1,2,10,1,1,1,13,27,10,10,1,0,0,1,0,1,18,0,0,6,6,6,13.166666666666666,0,0,6,6,6,16.0,0,10.8,1.4,1.74,Graduate
1,1,6,15,1,1,1,1,14,5,5,1,0,0,1,0,1,18,0,0,6,6,6,12.166666666666666,0,0,6,10,5,11.2,0,7.6,2.6,0.32,Enrolled
1,1,4,12,1,1,1,13,28,6,6,1,0,0,1,0,0,18,0,0,8,8,7,12.328571428571427,0,0,8,8,7,12.328571428571427,0,12.7,3.7,-1.7,Graduate
5,12,1,16,1,12,1,22,27,10,9,0,0,0,1,0,0,27,0,0,7,14,6,11.666666666666666,0,0,7,10,1,10.0,0,12.4,0.5,1.79,Dropout
1,14,1,14,1,14,1,13,3,8,11,0,0,0,1,0,0,21,0,0,6,8,5,11.833333333333334,0,0,6,8,4,13.25,2,16.2,0.3,-0.92,Enrolled
1,8,1,14,1,1,1,1,14,20,18,1,0,0,1,0,0,22,0,0,6,6,6,15.166666666666666,0,0,6,6,6,16.0,0,13.9,-0.3,0.79,Graduate
1,8,4,5,1,1,1,1,1,10,11,1,0,1,0,1,0,19,0,0,6,6,6,12.666666666666666,0,0,6,8,5,11.8,0,11.1,0.6,2.02,Dropout
1,1,2,14,1,1,1,1,1,10,10,1,0,0,1,1,1,18,0,0,5,6,4,12.25,0,0,5,5,5,12.2,0,9.4,-0.8,-3.12,Dropout
1,14,2,17,0,1,1,22,27,6,6,1,0,0,0,1,0,27,0,0,5,5,0,0.0,0,0,5,5,0,0.0,0,12.7,3.7,-1.7,Dropout
2,12,1,10,1,1,1,22,27,8,8,0,0,0,1,1,1,40,0,0,6,7,6,12.333333333333334,0,0,6,10,4,12.75,0,8.9,1.4,3.51,Dropout
1,1,1,11,1,1,1,3,1,3,5,0,0,0,1,1,0,21,0,0,6,10,5,11.333333333333334,0,0,6,14,2,11.5,0,12.7,3.7,-1.7,Enrolled
1,14,4,12,1,6,1,22,27,10,10,1,0,0,1,0,0,20,0,0,7,7,6,14.85,0,0,7,7,6,14.85,0,7.6,2.6,0.32,Graduate
1,1,1,10,1,1,1,1,14,5,8,1,0,0,1,0,1,18,0,0,6,6,6,13.166666666666666,0,0,6,7,6,14.142857142857142,0,11.1,0.6,2.02,Graduate
1,1,2,12,1,1,1,13,14,5,8,1,0,0,1,1,0,18,0,0,7,9,7,14.594444444444443,0,0,8,10,8,13.472,0,15.5,2.8,-4.06,Graduate
4,14,1,3,0,1,1,23,27,10,10,0,0,0,1,0,1,39,0,3,9,9,9,13.11111111111111,0,2,7,10,7,11.714285714285714,0,12.7,3.7,-1.7,Graduate
1,1,3,5,1,1,1,19,27,6,8,1,0,0,1,0,0,20,0,0,6,6,6,13.666666666666666,0,0,6,6,6,13.333333333333334,0,9.4,-0.8,-3.12,Graduate
1,1,1,8,1,1,1,6,9,5,6,0,0,0,1,1,0,21,0,0,5,8,3,14.0,0,0,5,5,5,12.8,0,7.6,2.6,0.32,Graduate
1,12,1,4,1,12,1,22,14,10,8,0,0,0,1,1,0,25,0,0,6,15,1,11.0,0,0,6,13,4,11.75,0,12.4,0.5,1.79,Dropout
1,14,2,12,1,6,1,1,14,5,11,0,0,0,1,1,0,22,0,0,7,7,6,12.733333333333334,0,0,7,7,6,12.733333333333334,0,7.6,2.6,0.32,Graduate
1,1,6,12,1,1,14,1,1,10,7,1,0,0,1,0,0,21,1,0,7,11,4,13.25,0,0,7,9,5,13.82,0,11.1,0.6,2.02,Enrolled
1,8,1,12,1,1,1,23,1,10,7,1,0,0,1,1,1,20,0,0,7,8,7,11.9725,0,0,8,8,8,12.65125,0,15.5,2.8,-4.06,Graduate
1,1,3,12,1,1,1,22,28,10,10,1,0,0,1,0,1,22,0,0,7,7,6,13.9,0,0,7,7,6,13.9,0,7.6,2.6,0.32,Graduate
1,8,1,12,1,1,1,1,1,5,4,1,0,0,1,0,0,21,0,0,8,8,7,12.91,0,0,8,8,7,12.91,0,10.8,1.4,1.74,Graduate
1,8,5,12,1,1,1,13,1,5,4,1,0,0,1,0,0,19,0,0,8,8,8,14.34125,0,0,8,8,8,14.34125,0,9.4,-0.8,-3.12,Graduate
1,1,2,15,1,1,1,23,27,6,4,1,0,1,0,0,0,18,0,0,6,8,6,14.142857142857142,0,0,6,6,5,12.0,0,13.9,-0.3,0.79,Dropout
1,1,5,12,1,1,1,3,1,6,11,1,0,0,1,0,0,20,0,0,7,7,7,14.30714285714286,0,0,8,8,8,15.0125,0,12.4,0.5,1.79,Graduate
1,8,3,10,1,1,1,3,3,3,3,1,0,0,1,0,0,19,0,0,6,10,6,12.0,0,0,6,12,4,11.0,0,12.7,3.7,-1.7,Graduate
5,12,1,9,1,1,1,1,1,5,9,0,0,1,0,0,0,24,0,0,5,0,0,0.0,0,0,5,0,0,0.0,0,13.9,-0.3,0.79,Dropout
1,4,1,9,1,3,1,6,19,2,8,0,0,0,1,0,0,26,0,0,5,5,0,0.0,0,0,5,0,0,0.0,0,9.4,-0.8,-3.12,Dropout
1,1,6,12,1,1,1,1,14,10,5,1,0,0,1,0,1,19,0,0,8,8,7,14.214285714285714,0,0,8,8,7,14.214285714285714,0,12.7,3.7,-1.7,Graduate
1,1,1,6,1,1,1,22,9,12,12,0,0,0,1,0,0,18,0,0,5,5,5,13.0,0,0,5,5,5,12.4,0,7.6,2.6,0.32,Graduate
1,1,1,12,1,1,1,1,14,10,10,0,0,0,1,0,1,20,0,0,7,14,0,0.0,0,0,7,15,0,0.0,0,11.1,0.6,2.02,Enrolled
1,8,2,12,1,1,1,22,1,10,5,1,0,0,1,0,1,19,0,0,7,7,6,13.8,0,0,7,7,6,13.8,0,7.6,2.6,0.32,Graduate
1,1,1,6,1,1,1,13,27,10,10,1,0,0,1,0,1,20,0,0,5,13,5,14.0,2,0,5,10,3,12.0,1,9.4,-0.8,-3.12,Graduate
1,1,1,16,1,1,1,13,27,6,6,1,0,0,1,0,0,19,0,0,7,10,4,10.5,0,0,7,7,2,10.5,0,16.2,0.3,-0.92,Dropout
1,13,1,7,1,1,1,3,3,4,3,1,0,0,1,1,0,22,0,0,5,0,0,0.0,0,0,5,0,0,0.0,0,10.8,1.4,1.74,Dropout
1,1,1,12,1,1,1,22,27,10,10,1,0,0,1,1,1,18,0,0,7,7,6,13.516666666666666,0,0,7,7,6,13.516666666666666,0,7.6,2.6,0.32,Graduate
4,12,1,3,0,1,1,22,27,10,8,0,0,0,1,0,1,43,0,0,6,6,0,0.0,0,0,5,5,0,0.0,0,8.9,1.4,3.51,Dropout
1,8,2,11,1,1,1,23,28,10,9,1,0,0,1,0,1,20,0,0,6,6,6,13.166666666666666,0,0,6,6,6,14.0,0,13.9,-0.3,0.79,Graduate
1,1,2,12,1,1,1,1,1,6,10,1,0,0,1,0,1,19,0,0,8,8,8,13.9475,0,0,8,8,8,13.9475,0,9.4,-0.8,-3.12,Graduate
1,8,1,8,1,1,1,23,27,10,8,1,0,0,1,0,0,19,0,0,5,5,5,11.8,0,0,5,5,5,13.2,0,10.8,1.4,1.74,Graduate
1,1,1,11,1,1,1,22,27,10,10,1,0,0,0,0,1,20,0,0,6,12,4,11.25,0,0,6,12,3,11.333333333333334,0,7.6,2.6,0.32,Dropout
1,12,1,6,1,1,1,3,14,3,10,0,0,0,1,0,0,28,0,0,6,15,4,12.0,0,0,6,14,4,12.0,0,11.1,0.6,2.02,Dropout
1,13,1,4,1,14,1,13,1,6,6,0,0,0,1,0,0,22,0,0,6,10,6,12.571428571428571,0,0,6,12,4,13.666666666666666,0,15.5,2.8,-4.06,Enrolled
1,17,1,6,1,16,1,1,14,5,8,0,0,0,1,0,0,20,0,7,11,13,11,15.692307692307692,0,4,9,9,9,15.555555555555555,0,8.9,1.4,3.51,Graduate
1,8,1,2,1,1,1,1,28,10,10,1,0,1,1,0,0,22,0,12,17,19,12,11.833333333333334,0,10,17,22,11,11.25,0,11.1,0.6,2.02,Enrolled
1,1,3,12,1,1,1,13,28,10,8,1,0,0,1,0,1,18,0,0,8,8,7,13.971428571428572,0,0,8,8,7,13.971428571428572,0,12.7,3.7,-1.7,Graduate
1,1,5,5,1,1,1,19,1,6,8,1,0,0,1,0,0,18,0,0,6,7,2,11.0,0,0,6,0,0,0.0,0,9.4,-0.8,-3.12,Dropout
1,1,2,14,1,1,1,22,27,10,8,1,0,0,1,0,1,18,0,0,6,8,6,13.571428571428571,0,0,6,6,5,12.8,0,12.4,0.5,1.79,Enrolled
2,12,1,9,1,1,1,1,14,10,10,0,0,0,0,0,0,29,0,0,4,4,0,0.0,0,0,5,0,0,0.0,0,12.7,3.7,-1.7,Dropout
4,12,2,13,1,1,1,23,27,8,8,1,0,0,1,0,0,24,0,0,7,0,0,0.0,0,0,7,0,0,0.0,0,10.8,1.4,1.74,Dropout
1,1,3,6,1,1,1,8,14,12,12,1,0,0,1,0,0,18,0,0,5,6,5,13.333333333333334,0,0,5,7,4,14.8,0,7.6,2.6,0.32,Graduate
1,1,5,6,1,1,1,3,14,3,4,1,0,0,1,0,0,19,0,0,6,12,5,15.0,0,0,6,9,6,13.428571428571429,0,16.2,0.3,-0.92,Graduate
1,1,5,8,1,1,1,3,1,3,10,1,0,0,1,0,0,19,0,0,5,13,1,13.0,0,0,5,7,2,12.5,0,12.7,3.7,-1.7,Dropout
1,8,2,10,1,1,1,13,28,10,10,1,0,0,1,0,0,19,0,0,6,9,6,12.166666666666666,0,0,6,9,6,11.0,0,8.9,1.4,3.51,Graduate
1,1,2,15,1,1,1,19,28,1,6,1,0,0,1,0,0,20,0,0,6,10,4,10.5,0,0,6,8,4,11.75,0,7.6,2.6,0.32,Graduate
1,8,1,16,1,1,1,23,27,6,8,1,0,1,1,0,0,18,0,0,6,12,4,13.5,0,0,6,14,3,10.666666666666666,0,10.8,1.4,1.74,Enrolled
1,1,1,14,1,1,1,22,1,8,1,0,0,0,1,0,0,20,0,0,5,7,4,11.75,0,0,5,7,5,11.8,1,7.6,2.6,0.32,Graduate
1,8,2,11,1,1,1,1,4,5,5,0,0,0,1,0,1,18,0,0,6,7,6,11.285714285714286,0,0,6,9,4,13.5,0,16.2,0.3,-0.92,Graduate
1,1,5,9,1,1,1,23,28,10,10,1,0,1,0,0,0,22,0,0,5,12,2,11.5,0,0,5,12,0,0.0,0,12.7,3.7,-1.7,Dropout
1,1,3,12,1,1,1,1,27,5,10,1,0,0,1,0,0,19,0,0,7,7,6,13.533333333333331,0,0,7,7,6,13.533333333333331,0,7.6,2.6,0.32,Graduate
1,1,2,12,1,1,1,23,27,6,7,1,0,0,1,0,1,19,0,0,7,9,7,13.3125,0,0,8,8,8,15.6375,0,13.9,-0.3,0.79,Graduate
1,1,1,14,1,1,1,19,28,1,5,0,0,0,1,0,0,22,0,0,5,6,2,12.5,0,0,5,5,0,0.0,0,9.4,-0.8,-3.12,Dropout
1,1,1,10,1,1,1,13,1,10,10,1,0,0,1,0,0,20,0,0,6,7,6,13.5,0,0,6,6,6,13.0,0,10.8,1.4,1.74,Graduate
1,12,1,6,1,15,1,3,2,4,3,1,0,0,1,0,0,27,0,0,6,7,6,16.142857142857142,0,0,6,7,6,14.666666666666666,0,13.9,-0.3,0.79,Graduate
1,8,1,10,1,1,1,13,28,4,4,1,0,0,0,0,0,19,0,0,6,13,4,11.0,0,0,6,13,2,11.5,0,12.7,3.7,-1.7,Dropout
1,1,1,9,1,1,1,7,16,5,4,0,0,0,1,0,0,20,0,0,5,13,2,10.0,1,0,5,10,0,0.0,0,9.4,-0.8,-3.12,Dropout
1,1,1,14,1,1,1,22,27,6,10,1,0,0,1,0,0,23,0,0,5,7,3,11.333333333333334,0,0,5,5,4,11.25,0,7.6,2.6,0.32,Dropout
1,4,1,3,0,4,1,2,3,3,3,0,0,0,1,0,0,18,0,10,16,24,13,13.846153846153848,0,7,11,15,9,12.555555555555555,0,15.5,2.8,-4.06,Dropout
1,1,1,15,1,1,1,22,14,10,11,1,0,0,1,0,0,19,0,0,6,12,3,13.0,0,0,6,13,2,14.0,0,9.4,-0.8,-3.12,Dropout
1,1,1,11,1,1,1,1,1,6,6,1,0,0,1,1,1,21,0,0,6,6,6,11.666666666666666,0,0,6,7,5,12.2,0,10.8,1.4,1.74,Graduate
1,15,1,4,1,14,1,1,27,7,7,1,0,0,1,1,0,20,0,0,6,14,5,11.714285714285714,0,0,6,15,5,12.0,0,16.2,0.3,-0.92,Graduate
1,1,4,10,1,1,1,1,27,9,10,1,0,0,1,0,0,19,0,0,6,0,0,0.0,0,0,6,0,0,0.0,0,12.7,3.7,-1.7,Dropout
1,8,1,6,1,1,1,2,3,3,3,0,0,0,1,0,0,20,0,0,5,12,3,11.666666666666666,2,0,5,11,4,11.5,1,9.4,-0.8,-3.12,Graduate
1,8,2,12,1,1,1,13,27,6,10,1,0,0,1,0,0,18,0,0,8,8,7,14.24,0,0,8,8,7,14.24,0,10.8,1.4,1.74,Graduate
4,12,1,17,0,1,1,22,28,10,10,0,0,0,1,0,0,30,0,0,5,11,3,10.333333333333334,0,0,5,10,4,12.8,0,12.4,0.5,1.79,Enrolled
1,1,1,10,1,1,1,13,14,31,45,0,0,0,1,0,0,19,0,0,6,0,0,0.0,0,0,6,0,0,0.0,0,12.4,0.5,1.79,Dropout
2,12,1,8,1,12,1,2,1,9,9,1,0,1,0,1,0,28,0,0,6,12,1,11.0,0,0,6,9,2,10.5,0,16.2,0.3,-0.92,Dropout
2,12,1,15,1,1,1,22,27,10,10,0,0,0,1,1,0,47,0,0,6,8,5,11.4,0,0,6,10,6,11.666666666666666,0,12.7,3.7,-1.7,Dropout
1,15,1,8,1,14,1,22,27,10,4,1,0,0,1,1,0,21,0,1,6,8,6,12.5,0,0,6,11,3,13.333333333333334,0,13.9,-0.3,0.79,Dropout
1,1,1,12,1,1,1,22,27,10,10,1,0,0,1,0,1,30,0,0,7,8,7,14.9125,0,0,8,9,1,13.5,0,13.9,-0.3,0.79,Dropout
