1,15,1,4,1,14,1,3,3,3,11,1,0,0,1,1,0,20,0,0,6,7,6,14.0,0,0,6,7,6,14.666666666666666,0,12.4,0.5,1.79,Graduate
1,1,6,12,1,1,1,1,1,5,5,1,0,0,1,0,0,19,0,0,8,9,7,12.04142857142857,0,0,8,9,7,12.04142857142857,0,10.8,1.4,1.74,Graduate
1,1,2,9,1,1,1,23,14,4,8,1,0,0,1,0,0,19,0,0,5,8,4,12.8,0,0,5,10,3,14.5,0,10.8,1.4,1.74,Enrolled
1,4,1,17,0,3,1,13,14,4,10,0,0,0,0,1,0,32,0,0,5,12,4,14.75,0,0,5,9,2,15.0,0,16.2,0.3,-0.92,Dropout
1,12,1,12,1,1,1,23,1,10,5,1,0,0,1,0,0,24,0,0,8,8,7,14.985714285714286,0,0,8,8,7,14.985714285714286,0,12.7,3.7,-1.7,Graduate
1,4,1,8,1,3,1,13,28,10,10,1,0,0,1,0,0,23,0,0,6,0,0,0.0,0,0,6,0,0,0.0,0,12.4,0.5,1.79,Dropout
1,8,3,9,1,1,1,13,14,5,8,1,0,1,1,1,0,18,0,0,5,8,3,10.333333333333334,0,0,5,11,3,10.857142857142858,0,10.8,1.4,1.74,Dropout
1,1,1,7,1,1,1,1,28,5,4,1,0,0,1,1,0,18,0,0,5,5,0,0.0,0,0,5,6,1,15.0,0,10.8,1.4,1.74,Enrolled
1,12,1,17,0,1,1,22,1,6,5,0,0,0,1,1,0,25,0,0,5,11,4,11.5,0,0,5,11,3,13.5,0,12.4,0.5,1.79,Dropout
1,8,6,12,1,1,1,3,28,3,10,1,0,0,1,0,0,20,0,0,7,8,6,13.548333333333334,0,0,8,11,6,14.775,0,11.1,0.6,2.02,Enrolled
1,8,2,12,1,1,1,1,28,6,9,1,0,0,1,0,0,18,0,0,7,9,6,12.385714285714286,0,0,8,9,8,13.755555555555556,0,13.9,-0.3,0.79,Graduate
1,12,1,4,1,12,1,4,1,3,5,0,0,0,1,1,0,25,0,0,3,4,0,0.0,0,0,3,5,0,0.0,0,16.2,0.3,-0.92,Dropout
1,15,1,10,1,1,1,1,1,6,6,0,0,0,1,0,1,21,0,3,6,6,6,14.833333333333334,0,2,6,7,6,12.571428571428571,0,13.9,-0.3,0.79,Graduate
1,1,1,3,0,1,1,1,27,8,4,0,0,0,1,0,0,23,0,0,6,13,2,10.0,0,0,5,12,1,10.0,0,9.4,-0.8,-3.12,Enrolled
1,8,1,11,1,1,1,1,1,5,11,0,0,0,1,1,0,19,0,0,6,7,5,10.8,0,0,6,10,2,10.5,0,10.8,1.4,1.74,Enrolled
1,1,1,10,1,1,1,23,28,28,42,1,0,1,1,0,0,20,0,0,6,8,6,10.666666666666666,0,0,6,7,6,11.857142857142858,0,11.1,0.6,2.02,Graduate
1,1,2,5,1,1,1,13,14,4,4,1,0,0,1,0,0,22,0,0,6,7,6,11.666666666666666,0,0,6,7,5,13.2,0,12.7,3.7,-1.7,Graduate
1,8,1,2,1,1,1,1,27,5,10,0,0,0,0,1,0,21,0,0,0,0,0,0.0,0,0,0,0,0,0.0,0,7.6,2.6,0.32,Dropout
1,6,1,1,1,1,14,2,3,3,5,0,0,0,1,1,0,20,1,0,7,10,7,12.857142857142858,0,0,7,7,4,12.75,0,8.9,1.4,3.51,Enrolled
1,8,2,15,1,1,1,3,14,3,4,1,0,0,1,1,0,19,0,0,6,7,6,14.428571428571429,0,0,6,7,6,14.571428571428571,0,13.9,-0.3,0.79,Graduate
1,8,3,7,1,1,1,22,27,10,8,0,0,0,1,1,0,18,0,0,5,10,0,0.0,0,0,5,10,2,11.5,4,7.6,2.6,0.32,Dropout
1,1,2,5,1,1,1,1,14,4,4,1,0,0,0,0,0,18,0,1,6,8,6,11.714285714285714,1,0,6,11,4,11.333333333333334,0,13.9,-0.3,0.79,Dropout
1,8,1,9,1,1,1,23,14,7,11,1,0,0,1,0,0,20,0,0,5,8,5,12.333333333333334,0,0,5,7,5,12.2,0,15.5,2.8,-4.06,Graduate
1,12,1,13,1,12,1,22,27,10,11,0,0,0,1,1,0,31,0,0,7,7,0,0.0,0,0,7,7,0,0.0,0,15.5,2.8,-4.06,Dropout
1,1,4,10,1,1,1,13,1,5,6,1,1,0,1,0,0,18,0,0,6,9,5,11.833333333333334,0,0,6,8,2,11.5,0,13.9,-0.3,0.79,Enrolled
1,1,6,15,1,1,1,18,27,8,8,1,0,1,0,0,0,18,0,0,6,8,5,13.0,0,0,6,8,5,11.4,0,7.6,2.6,0.32,Dropout
2,13,1,11,1,1,1,2,2,19,17,1,0,0,1,1,0,22,0,2,6,13,4,11.5,0,2,6,12,2,12.5,0,7.6,2.6,0.32,Dropout
1,8,4,7,1,1,1,3,1,10,4,1,0,0,1,1,0,18,0,0,5,5,5,13.6,0,0,5,6,5,14.6,0,8.9,1.4,3.51,Graduate
2,12,1,7,1,1,1,22,28,10,11,0,0,1,1,1,0,40,0,0,5,11,3,10.666666666666666,0,0,5,5,2,12.5,0,16.2,0.3,-0.92,Dropout
1,1,1,2,1,1,1,23,27,10,9,1,0,1,0,1,1,18,0,0,0,0,0,0.0,0,0,0,0,0,0.0,0,12.7,3.7,-1.7,Graduate
1,15,1,4,1,14,1,2,1,5,7,0,0,0,1,1,0,21,0,0,6,12,5,12.142857142857142,0,0,6,11,5,11.666666666666666,0,13.9,-0.3,0.79,Graduate
1,4,1,7,1,15,1,1,1,5,5,0,0,0,1,1,0,27,0,4,6,6,6,13.166666666666666,0,2,5,7,5,15.142857142857142,0,11.1,0.6,2.02,Dropout
1,8,1,9,1,1,1,1,3,8,4,1,0,1,1,0,1,19,0,0,5,7,5,13.6,0,0,5,5,5,12.6,0,8.9,1.4,3.51,Graduate
1,8,1,15,1,1,1,13,28,5,10,0,0,0,1,1,1,18,0,0,6,7,6,11.333333333333334,0,0,6,8,6,12.285714285714286,0,16.2,0.3,-0.92,Graduate
1,14,1,9,1,1,1,22,27,10,10,0,0,0,1,1,0,24,0,10,15,16,15,13.466666666666669,1,10,14,14,14,13.642857142857142,0,9.4,-0.8,-3.12,Graduate
1,12,1,17,0,1,1,3,28,3,8,0,0,0,1,1,0,31,0,0,5,5,0,0.0,0,0,5,7,0,0.0,0,13.9,-0.3,0.79,Dropout
1,1,2,6,1,1,1,22,1,10,10,1,0,0,1,0,1,18,0,0,5,6,4,15.75,0,0,5,5,5,13.8,0,10.8,1.4,1.74,Graduate
2,12,1,17,0,1,1,22,27,10,11,0,0,0,1,0,0,34,0,0,5,5,0,0.0,0,0,5,5,0,0.0,0,9.4,-0.8,-3.12,Enrolled
1,1,1,14,1,1,1,3,1,2,8,0,0,0,1,0,0,22,0,0,5,6,3,11.333333333333334,0,0,5,5,0,0.0,0,9.4,-0.8,-3.12,Dropout
1,1,1,10,1,1,1,19,28,1,8,1,0,0,1,0,0,20,0,0,6,9,5,11.8,0,0,6,10,4,11.5,0,7.6,2.6,0.32,Dropout
1,1,1,14,1,1,1,13,14,8,8,0,0,0,1,0,0,19,0,0,6,7,6,14.714285714285714,0,0,6,6,6,15.833333333333334,0,12.4,0.5,1.79,Graduate
1,9,3,7,1,1,1,1,14,10,9,1,0,0,1,1,0,18,0,0,5,10,4,11.6,0,0,5,9,3,14.2,0,12.4,0.5,1.79,Dropout
2,12,1,9,1,1,1,22,27,10,11,0,0,0,1,0,0,41,0,0,5,14,4,14.5,1,0,5,12,5,13.0,0,9.4,-0.8,-3.12,Enrolled
1,1,3,15,1,1,1,13,28,5,5,1,0,0,1,0,1,20,0,0,6,6,6,13.5,0,0,6,7,6,12.666666666666666,0,11.1,0.6,2.02,Graduate
1,12,1,4,1,1,1,13,14,10,7,1,0,0,1,0,0,24,0,0,6,10,5,11.8,0,0,6,13,4,11.25,0,12.4,0.5,1.79,Enrolled
1,1,4,12,1,1,1,1,14,10,8,1,0,0,1,0,0,19,0,0,8,8,7,13.44285714285714,0,0,8,8,7,13.44285714285714,0,12.7,3.7,-1.7,Graduate
1,1,1,10,1,1,1,2,2,4,5,1,0,0,1,1,0,19,0,0,6,11,3,12.0,0,0,6,12,2,10.0,0,11.1,0.6,2.02,Dropout
2,12,1,17,0,1,1,22,27,10,7,0,0,1,1,1,0,25,0,0,5,8,4,11.0,0,0,5,7,4,12.0,0,7.6,2.6,0.32,Enrolled
1,1,1,15,1,1,1,13,27,10,10,1,1,0,1,0,0,19,0,0,6,10,5,11.8,0,0,6,10,5,12.0,0,10.8,1.4,1.74,Graduate
1,13,1,17,0,1,1,1,2,5,4,0,0,0,1,0,0,30,0,4,7,9,7,14.142857142857142,0,1,5,5,5,14.8,0,7.6,2.6,0.32,Graduate
1,1,2,15,1,1,1,23,28,10,10,1,0,0,1,1,0,18,0,0,6,8,6,12.333333333333334,0,0,6,11,3,12.333333333333334,0,10.8,1.4,1.74,Graduate
1,8,5,5,1,1,1,13,1,6,6,1,0,0,1,1,0,22,0,0,6,6,1,11.0,0,0,6,6,0,0.0,0,9.4,-0.8,-3.12,Enrolled
4,14,1,3,0,9,1,19,24,1,1,1,0,0,1,0,0,48,0,0,6,9,5,13.0,0,0,6,10,4,12.5,0,7.6,2.6,0.32,Enrolled
1,13,1,12,1,1,1,1,1,5,5,0,0,0,1,0,0,20,0,1,8,8,7,11.571428571428571,0,1,8,8,7,11.571428571428571,0,12.7,3.7,-1.7,Graduate
1,15,1,6,1,14,1,13,14,10,10,1,0,0,1,0,0,23,0,1,6,14,5,14.428571428571429,0,1,6,7,6,13.428571428571429,0,16.2,0.3,-0.92,Graduate
1,8,3,10,1,1,1,13,14,8,9,0,0,0,1,0,0,19,0,0,6,10,5,11.666666666666666,0,0,6,12,4,11.0,0,13.9,-0.3,0.79,Graduate
1,9,1,9,1,1,1,13,3,6,6,1,0,0,1,0,1,19,0,0,5,7,5,11.6,0,0,5,5,5,11.6,0,12.4,0.5,1.79,Graduate
1,1,1,8,1,1,1,19,1,1,1,0,0,0,1,0,0,18,0,0,6,0,0,0.0,0,0,6,0,0,0.0,0,7.6,2.6,0.32,Dropout
1,1,1,16,1,1,1,13,10,10,8,1,0,0,1,0,0,18,0,0,6,6,6,13.333333333333334,0,0,6,7,6,12.333333333333334,0,7.6,2.6,0.32,Graduate
2,14,1,10,1,9,1,22,27,10,10,0,0,0,1,0,0,34,0,9,16,20,14,12.071428571428571,1,11,13,13,11,12.272727272727272,0,7.6,2.6,0.32,Graduate
1,8,1,4,1,1,1,3,3,3,3,0,0,0,1,1,0,27,0,16,18,19,18,12.22222222222222,0,9,12,15,12,12.384615384615383,0,15.5,2.8,-4.06,Graduate
1,14,1,16,1,1,1,22,27,10,10,0,0,1,0,0,0,28,0,0,6,0,0,0.0,0,0,5,10,0,0.0,0,10.8,1.4,1.74,Dropout
1,1,1,16,1,1,1,13,14,6,6,0,0,0,1,0,1,19,0,0,6,7,6,13.428571428571429,0,0,6,6,6,13.166666666666666,0,15.5,2.8,-4.06,Graduate
1,1,1,15,1,1,7,1,1,4,6,1,0,1,0,0,0,19,1,0,6,8,5,12.2,0,0,6,6,4,11.75,0,16.2,0.3,-0.92,Dropout
1,1,1,2,1,1,1,1,28,5,10,1,0,0,0,0,0,19,0,0,0,0,0,0.0,0,0,0,0,0,0.0,0,7.6,2.6,0.32,Dropout
1,12,1,3,0,1,1,22,27,10,10,0,0,0,1,0,1,35,0,0,6,8,6,10.833333333333334,0,0,6,7,6,11.5,0,10.8,1.4,1.74,Graduate
1,1,1,2,1,1,1,13,14,6,6,1,0,0,1,0,1,19,0,0,0,0,0,0.0,0,0,0,0,0,0.0,0,10.8,1.4,1.74,Graduate
1,1,1,8,1,1,1,1,1,10,10,0,0,0,0,1,0,18,0,0,6,8,5,11.6,0,0,6,11,4,13.0,0,8.9,1.4,3.51,Dropout
1,1,1,5,1,1,1,3,3,10,10,1,0,1,0,0,1,19,0,0,6,6,6,11.833333333333334,0,0,6,8,6,12.875,0,10.8,1.4,1.74,Graduate
1,8,1,10,1,1,1,13,28,6,6,1,0,0,1,0,0,19,0,0,6,6,6,12.0,0,0,6,7,6,12.857142857142858,0,11.1,0.6,2.02,Graduate
1,1,1,12,1,1,1,3,14,4,11,0,0,0,1,1,0,19,0,0,8,8,7,14.535714285714286,0,0,8,8,7,14.535714285714286,0,10.8,1.4,1.74,Graduate
1,1,1,9,1,1,1,1,28,6,6,0,0,1,1,0,0,19,0,0,5,10,5,10.875,0,0,5,8,4,12.4,0,13.9,-0.3,0.79,Graduate
1,1,1,14,1,1,1,23,28,10,11,0,0,0,1,0,0,20,0,0,6,8,6,12.5,0,0,6,10,5,14.166666666666666,0,11.1,0.6,2.02,Graduate
1,12,1,17,0,1,1,22,27,10,10,1,0,0,1,1,0,30,0,0,5,7,5,11.0,0,0,5,5,5,11.6,0,7.6,2.6,0.32,Graduate
1,1,1,10,1,1,1,22,27,10,10,1,0,0,1,0,0,19,0,0,6,11,5,11.6,0,0,6,11,6,11.666666666666666,0,7.6,2.6,0.32,Enrolled
1,8,5,12,1,1,1,1,1,5,6,1,0,0,1,0,1,19,0,0,7,9,7,13.507142857142856,0,0,8,12,8,13.05,0,16.2,0.3,-0.92,Graduate
1,1,2,2,1,1,14,13,1,5,8,1,0,0,1,1,0,20,1,0,0,0,0,0.0,0,0,0,0,0,0.0,0,7.6,2.6,0.32,Graduate
1,1,1,16,1,1,1,22,27,10,10,1,0,1,0,0,0,21,0,0,6,8,3,13.666666666666666,0,0,6,7,3,10.666666666666666,0,15.5,2.8,-4.06,Dropout
1,8,2,5,1,1,1,3,1,3,5,1,0,0,1,1,0,18,0,0,6,6,6,13.0,0,0,6,8,1,10.0,0,10.8,1.4,1.74,Enrolled
1,8,1,10,1,1,1,22,27,10,10,1,0,0,1,0,1,21,0,0,6,8,1,10.0,0,0,6,13,5,11.4,0,12.7,3.7,-1.7,Enrolled
1,12,1,12,1,12,1,1,5,5,4,0,0,0,1,0,0,24,0,0,8,11,7,12.614285714285714,0,0,8,11,7,12.614285714285714,0,12.7,3.7,-1.7,Graduate
2,1,1,10,1,1,1,22,24,10,8,0,0,0,0,0,0,27,0,0,6,12,2,11.0,0,0,6,14,4,10.5,0,9.4,-0.8,-3.12,Dropout
1,12,1,12,1,1,1,13,14,10,9,0,0,0,1,0,0,26,0,0,7,12,3,13.766666666666666,0,0,7,11,3,12.066666666666668,0,13.9,-0.3,0.79,Dropout
1,12,1,12,1,1,1,22,27,10,8,1,0,0,1,0,1,26,0,0,7,7,6,13.7,0,0,7,7,6,13.7,0,7.6,2.6,0.32,Graduate
1,8,4,15,1,1,1,1,14,10,9,1,0,1,1,1,1,19,0,0,6,6,6,13.666666666666666,0,0,6,6,6,13.333333333333334,0,8.9,1.4,3.51,Graduate
1,8,4,11,1,1,1,22,27,6,9,1,0,0,1,0,1,18,0,0,6,14,2,11.0,0,0,6,14,3,10.333333333333334,0,7.6,2.6,0.32,Dropout
1,8,3,11,1,1,1,1,1,5,5,0,0,0,0,0,0,18,0,0,5,5,5,10.4,0,0,6,13,0,0.0,0,10.8,1.4,1.74,Dropout
1,14,5,10,1,1,10,22,14,10,8,1,0,1,0,0,0,22,1,5,11,16,9,10.88888888888889,0,2,10,20,4,11.25,1,9.4,-0.8,-3.12,Graduate
