7.0,0.27,0.36,20.7,0.045,45.0,170.0,1.001,3.0,0.45,8.8,6,0
6.5,0.31,0.14,7.5,0.044,34.0,133.0,0.9955,3.22,0.5,9.5,5,0
7.2,0.21,0.34,11.9,0.043,37.0,213.0,0.9962,3.09,0.5,9.6,6,0
6.7,0.23,0.31,2.1,0.046,30.0,96.0,0.9926,3.33,0.64,10.7,8,1
6.8,0.22,0.31,1.4,0.053,34.0,114.0,0.9929,3.39,0.77,10.6,6,0
7.1,0.43,0.61,11.8,0.045,54.0,155.0,0.9974,3.11,0.45,8.7,5,0
6.9,0.24,0.33,1.7,0.035,47.0,136.0,0.99,3.26,0.4,12.6,7,0
6.0,0.34,0.66,15.9,0.046,26.0,164.0,0.9979,3.14,0.5,8.8,6,0
7.2,0.27,0.46,18.75,0.052,45.0,255.0,1.0,3.04,0.52,8.9,5,0
6.7,0.41,0.34,9.2,0.049,29.0,150.0,0.9968,3.22,0.51,9.1,5,0
6.7,0.19,0.36,1.1,0.026,63.0,143.0,0.9912,3.27,0.48,11.0,6,0
7.4,0.39,0.23,7.0,0.033,29.0,126.0,0.994,3.14,0.42,10.5,5,0
6.5,0.425,0.4,13.1,0.038,59.0,241.0,0.9979,3.23,0.57,9.0,5,0
6.7,0.27,0.31,15.7,0.036,44.0,179.0,0.9979,3.26,0.56,9.6,5,0
6.3,0.31,0.34,2.2,0.045,20.0,77.0,0.9927,3.3,0.43,10.2,5,0
8.2,0.23,0.4,7.5,0.049,12.0,76.0,0.9966,3.06,0.84,9.7,6,0
7.4,0.24,0.42,14.0,0.066,48.0,198.0,0.9979,2.89,0.42,8.9,6,0
5.2,0.44,0.04,1.4,0.036,43.0,119.0,0.9894,3.36,0.33,12.1,8,1
8.4,0.27,0.46,8.7,0.048,39.0,197.0,0.9974,3.14,0.59,9.6,6,0
6.4,0.33,0.31,5.5,0.048,42.0,173.0,0.9951,3.19,0.66,9.3,6,0
6.8,0.26,0.34,13.9,0.034,39.0,134.0,0.9949,3.33,0.53,12.0,6,0
6.1,0.4,0.31,0.9,0.048,23.0,170.0,0.993,3.22,0.77,9.5,6,0
6.8,0.18,0.38,1.4,0.038,35.0,111.0,0.9918,3.32,0.59,11.2,7,0
5.8,0.26,0.24,9.2,0.044,55.0,152.0,0.9961,3.31,0.38,9.4,5,0
7.5,0.23,0.36,7.0,0.036,43.0,161.0,0.9938,3.04,0.32,11.0,5,0
6.5,0.19,0.3,0.8,0.043,33.0,144.0,0.9936,3.42,0.39,9.1,6,0
7.1,0.24,0.41,17.8,0.046,39.0,145.0,0.9998,3.32,0.39,8.7,5,0
7.3,0.32,0.23,13.7,0.05,49.0,197.0,0.9985,3.2,0.46,8.7,5,0
5.8,0.24,0.44,3.5,0.029,5.0,109.0,0.9913,3.53,0.43,11.7,3,0
7.2,0.29,0.4,13.6,0.045,66.0,231.0,0.9977,3.08,0.59,9.6,6,0
5.3,0.58,0.07,6.9,0.043,34.0,149.0,0.9944,3.34,0.57,9.7,5,0
6.7,0.17,0.5,2.1,0.043,27.0,122.0,0.9923,3.15,0.45,10.3,6,0
6.2,0.31,0.26,4.8,0.037,36.0,148.0,0.9928,3.21,0.41,10.4,6,0
7.5,0.27,0.31,5.8,0.057,131.0,313.0,0.9946,3.18,0.59,10.5,5,0
7.2,0.21,0.41,1.3,0.036,33.0,85.0,0.992,3.17,0.51,10.4,5,0
6.8,0.24,0.34,4.6,0.032,37.0,135.0,0.9927,3.2,0.39,10.6,5,0
6.3,0.23,0.3,1.8,0.033,16.0,91.0,0.9906,3.28,0.4,11.8,6,0
8.0,0.24,0.36,1.5,0.047,17.0,129.0,0.9948,3.2,0.54,10.0,6,0
7.1,0.145,0.33,4.6,0.05,33.0,131.0,0.9942,3.28,0.4,9.6,6,0
6.1,0.36,0.33,1.1,0.05,24.0,169.0,0.9927,3.15,0.78,9.5,6,0
10.0,0.2,0.39,1.4,0.05,19.0,152.0,0.994,3.0,0.42,10.4,6,0
7.0,0.3,0.38,14.9,0.032,60.0,181.0,0.9983,3.18,0.61,9.3,7,0
5.9,0.26,0.27,18.2,0.048,52.0,168.0,0.9993,3.35,0.44,9.4,5,0
7.1,0.27,0.31,18.2,0.046,55.0,252.0,1.0,3.07,0.56,8.7,5,0
7.2,0.25,0.39,18.95,0.038,42.0,155.0,0.9999,2.97,0.47,9.0,6,0
6.4,0.34,0.1,1.1,0.048,19.0,84.0,0.9927,3.21,0.38,9.8,5,0
6.1,0.28,0.32,2.5,0.042,23.0,218.5,0.9935,3.27,0.6,9.8,5,0
6.6,0.16,0.32,1.4,0.035,49.0,186.0,0.9906,3.35,0.64,12.4,8,1
7.4,0.155,0.34,2.3,0.045,73.5,214.0,0.9934,3.18,0.61,9.9,7,0
7.1,0.32,0.32,11.0,0.038,16.0,66.0,0.9937,3.24,0.4,11.5,3,0
6.5,0.41,0.24,14.0,0.048,24.0,113.0,0.9982,3.44,0.53,9.8,6,0
6.1,0.2,0.25,1.2,0.038,34.0,128.0,0.9921,3.24,0.44,10.1,5,0
5.9,0.46,0.14,2.7,0.042,27.0,160.0,0.9931,3.46,0.51,10.6,7,0
7.1,0.21,0.27,8.6,0.056,26.0,111.0,0.9956,2.95,0.52,9.5,5,0
6.5,0.38,0.34,3.4,0.036,34.0,200.0,0.9937,3.14,0.76,10.0,5,0
5.7,0.44,0.13,7.0,0.025,28.0,173.0,0.9913,3.33,0.48,12.5,6,0
7.3,0.51,0.26,3.3,0.09,7.0,135.0,0.9944,3.01,0.52,8.8,5,0
6.0,0.24,0.27,1.9,0.048,40.0,170.0,0.9938,3.64,0.54,10.0,7,0
6.4,0.18,0.48,4.0,0.186,64.0,150.0,0.9945,3.06,0.4,9.3,5,0
7.4,0.25,0.36,13.2,0.067,53.0,178.0,0.9976,3.01,0.48,9.0,6,0
6.4,0.16,0.22,1.4,0.04,41.0,149.0,0.9933,3.49,0.58,10.0,6,0
6.7,0.21,0.42,9.1,0.049,31.0,150.0,0.9953,3.12,0.74,9.9,7,0
6.5,0.28,0.29,2.7,0.038,26.0,107.0,0.9912,3.32,0.41,11.6,7,0
7.2,0.24,0.4,1.4,0.045,31.0,106.0,0.9914,2.88,0.38,10.8,6,0
6.4,0.45,0.07,1.1,0.03,10.0,131.0,0.9905,2.97,0.28,10.8,5,0
6.7,0.31,0.3,2.1,0.038,18.0,130.0,0.9928,3.36,0.63,10.6,6,0
6.1,0.28,0.25,6.9,0.056,44.0,201.0,0.9955,3.19,0.4,9.1,6,0
5.8,0.32,0.38,4.75,0.033,23.0,94.0,0.991,3.42,0.42,11.8,7,0
7.2,0.28,0.3,10.7,0.044,61.0,222.0,0.9972,3.14,0.5,9.1,6,0
7.5,0.31,0.51,14.8,0.039,62.0,204.0,0.9982,3.06,0.6,9.5,5,0
6.2,0.21,0.27,1.7,0.038,41.0,150.0,0.9933,3.49,0.71,10.5,7,0
6.9,0.38,0.25,9.8,0.04,28.0,191.0,0.9971,3.28,0.61,9.2,5,0
6.4,0.25,0.3,5.5,0.038,15.0,129.0,0.9948,3.14,0.49,9.6,6,0
7.0,0.2,0.37,2.0,0.03,26.0,136.0,0.9932,3.28,0.61,10.2,6,0
7.2,0.29,0.4,7.6,0.024,56.0,177.0,0.9928,3.04,0.32,11.5,6,0
6.9,0.2,0.5,10.0,0.036,78.0,167.0,0.9964,3.15,0.55,10.2,6,0
6.7,0.2,0.42,14.0,0.038,83.0,160.0,0.9987,3.16,0.5,9.4,6,0
7.1,0.14,0.4,1.2,0.051,55.0,136.0,0.9932,3.3,0.96,9.8,7,0
6.7,0.11,0.34,8.8,0.043,41.0,113.0,0.9962,3.42,0.4,9.3,7,0
7.6,0.3,0.27,10.6,0.039,31.0,119.0,0.99815,3.27,0.3,9.3,6,0
7.2,0.31,0.26,7.3,0.05,37.0,157.0,0.99625,3.09,0.43,9.0,5,0
6.6,0.21,0.31,11.4,0.039,46.0,165.0,0.99795,3.41,0.44,9.8,7,0
7.3,0.32,0.34,6.6,0.032,24.0,112.0,0.99505,3.22,0.46,9.8,6,0
7.8,0.27,0.58,11.2,0.036,44.0,161.0,0.9977,3.06,0.41,8.9,6,0
6.6,0.56,0.22,8.9,0.034,27.0,133.0,0.99675,3.2,0.51,9.1,5,0
6.9,0.25,0.34,1.3,0.035,27.0,82.0,0.99045,3.18,0.44,12.2,6,0
7.3,0.25,0.36,2.1,0.034,30.0,177.0,0.99085,3.25,0.4,11.9,8,1
8.2,0.38,0.49,13.6,0.042,58.0,166.0,0.99855,3.1,0.54,9.4,5,0
6.1,0.27,0.33,2.2,0.021,26.0,117.0,0.9886,3.12,0.3,12.5,6,0
6.9,0.36,0.34,4.2,0.018,57.0,119.0,0.9898,3.28,0.36,12.7,9,0
6.6,0.2,0.38,7.9,0.052,30.0,145.0,0.9947,3.32,0.56,11.0,7,0
7.1,0.25,0.39,2.1,0.036,30.0,124.0,0.9908,3.28,0.43,12.2,8,1
7.7,0.32,0.62,10.6,0.036,56.0,153.0,0.9978,3.13,0.44,8.9,6,0
8.2,0.345,1.0,18.2,0.047,55.0,205.0,0.99965,2.96,0.43,9.6,5,0
8.5,0.16,0.35,1.6,0.039,24.0,147.0,0.9935,2.96,0.36,10.0,5,0
6.6,0.2,0.32,1.1,0.039,25.0,78.0,0.9926,3.39,0.54,10.2,7,0
7.3,0.24,0.34,15.4,0.05,38.0,174.0,0.9983,3.03,0.42,9.0,6,0
8.3,0.23,0.43,3.2,0.035,14.0,101.0,0.9928,3.15,0.36,11.5,5,0
6.0,0.27,0.19,1.7,0.02,24.0,110.0,0.9898,3.32,0.47,12.6,7,0
6.5,0.14,0.33,7.6,0.05,53.0,189.0,0.9966,3.25,0.49,8.6,5,0
5.7,0.36,0.34,4.2,0.026,21.0,77.0,0.9907,3.41,0.45,11.9,6,0
6.9,0.24,0.39,1.3,0.063,18.0,136.0,0.9928,3.31,0.48,10.4,7,0
7.6,0.16,0.44,1.4,0.043,25.0,109.0,0.9932,3.11,0.75,10.3,6,0
6.8,0.19,0.32,7.05,0.019,54.0,188.0,0.9935,3.25,0.37,11.1,8,1
7.5,0.17,0.37,1.5,0.06,18.0,75.0,0.9936,3.54,0.88,10.7,5,0
7.0,0.31,0.52,1.7,0.029,5.0,61.0,0.9918,3.07,0.43,10.4,5,0
7.5,0.21,0.34,1.2,0.06,26.0,111.0,0.9931,3.51,0.47,10.7,6,0
7.2,0.51,0.24,10.0,0.093,35.0,197.0,0.9981,3.41,0.47,9.0,5,0
8.2,0.29,0.33,9.1,0.036,28.0,118.0,0.9953,2.96,0.4,10.9,7,0
7.7,0.34,0.3,8.0,0.048,25.0,192.0,0.9951,2.97,0.47,10.9,5,0
6.8,0.15,0.33,4.7,0.059,31.0,118.0,0.9956,3.43,0.39,9.0,7,0
7.4,0.2,0.37,16.95,0.048,43.0,190.0,0.9995,3.03,0.42,9.2,6,0
8.4,0.17,0.31,6.7,0.038,29.0,132.0,0.9945,3.1,0.32,10.6,7,0
6.0,0.4,0.3,1.6,0.047,30.0,117.0,0.9931,3.17,0.48,10.1,6,0
6.9,0.23,0.34,4.0,0.047,24.0,128.0,0.9944,3.2,0.52,9.7,6,0
7.4,0.41,0.34,4.7,0.042,19.0,127.0,0.9953,3.25,0.42,10.4,5,0
6.0,0.26,0.42,5.2,0.027,70.0,178.0,0.9914,3.4,0.4,12.3,8,1
8.5,0.16,0.33,1.0,0.076,17.0,57.0,0.9921,3.14,0.46,10.6,6,0
6.1,0.6,0.0,1.3,0.042,24.0,79.0,0.9937,3.31,0.38,9.4,4,1
7.5,0.42,0.45,9.1,0.029,20.0,125.0,0.996,3.12,0.36,10.1,6,0
6.4,0.3,0.38,7.8,0.046,35.0,192.0,0.9955,3.1,0.37,9.0,5,0
8.0,0.23,0.46,1.5,0.03,30.0,125.0,0.9907,3.23,0.47,12.5,6,0
7.2,0.23,0.39,2.3,0.033,29.0,102.0,0.9908,3.26,0.54,12.3,7,0
7.9,0.44,0.37,5.85,0.033,27.0,93.0,0.992,3.16,0.54,12.6,7,0
6.4,0.26,0.22,5.1,0.037,23.0,131.0,0.9944,3.29,0.32,10.1,5,0
6.2,0.21,0.38,6.8,0.036,64.0,245.0,0.9951,3.06,0.36,9.3,6,0
8.1,0.5,0.47,1.1,0.037,23.0,126.0,0.9938,3.21,0.42,10.9,5,0
8.2,0.2,0.36,8.1,0.035,60.0,163.0,0.9952,3.05,0.3,10.3,6,0
9.2,0.15,0.68,1.6,0.046,22.0,130.0,0.9948,3.02,0.45,10.4,6,0
5.2,0.365,0.08,13.5,0.041,37.0,142.0,0.997,3.46,0.39,9.9,6,0
9.6,0.25,0.54,1.3,0.04,16.0,160.0,0.9938,2.94,0.43,10.5,5,0
7.6,0.19,0.42,1.5,0.044,6.0,114.0,0.9914,3.04,0.74,12.8,6,0
6.6,0.25,0.31,12.4,0.059,52.0,181.0,0.9984,3.51,0.47,9.8,6,0
7.3,0.23,0.37,1.9,0.041,51.0,165.0,0.9908,3.26,0.4,12.2,8,1
6.5,0.19,0.32,1.4,0.04,31.0,132.0,0.9922,3.36,0.54,10.8,7,0
6.3,0.39,0.24,6.9,0.069,9.0,117.0,0.9942,3.15,0.35,10.2,4,1
7.2,0.22,0.49,1.0,0.045,34.0,140.0,0.99,3.05,0.34,12.7,6,0
8.0,0.25,0.49,1.2,0.061,27.0,117.0,0.9938,3.08,0.34,9.4,5,0
7.6,0.52,0.49,14.0,0.034,37.0,156.0,0.9958,3.14,0.38,11.8,7,0
7.7,0.35,0.49,8.65,0.033,42.0,186.0,0.9931,3.14,0.38,12.4,8,1
7.4,0.19,0.49,9.3,0.03,26.0,132.0,0.994,2.99,0.32,11.0,7,0
6.8,0.36,0.24,4.6,0.039,24.0,124.0,0.9909,3.27,0.34,12.6,7,0
7.3,0.22,0.49,9.9,0.031,48.0,161.0,0.9937,3.01,0.28,11.2,6,0
8.2,0.22,0.49,9.6,0.037,53.0,154.0,0.9951,3.02,0.33,10.6,6,0
7.2,0.27,0.74,12.5,0.037,47.0,156.0,0.9981,3.04,0.44,8.7,5,0
7.4,0.27,0.49,1.1,0.037,33.0,156.0,0.992,3.15,0.54,11.1,6,0
6.6,0.21,0.49,18.15,0.042,41.0,158.0,0.9997,3.28,0.39,8.7,6,0
8.5,0.15,0.49,1.5,0.031,17.0,122.0,0.9932,3.03,0.4,10.3,6,0
8.5,0.15,0.49,1.5,0.031,17.0,122.0,0.9932,3.03,0.4,10.3,6,0
6.2,0.43,0.49,6.4,0.045,12.0,115.0,0.9963,3.27,0.57,9.0,4,1
7.1,0.34,0.49,1.5,0.027,26.0,126.0,0.99,3.3,0.33,12.2,7,0
8.5,0.19,0.49,3.5,0.044,29.0,117.0,0.9938,3.14,0.51,10.1,6,0
6.2,0.27,0.49,1.4,0.05,20.0,74.0,0.9931,3.32,0.44,9.8,6,0
7.1,0.64,0.49,1.8,0.05,17.0,128.0,0.9946,3.31,0.58,10.6,4,1
6.4,0.18,0.74,11.9,0.046,54.0,168.0,0.9978,3.58,0.68,10.1,5,0
7.0,0.27,0.74,1.5,0.036,27.0,122.0,0.9926,3.35,0.48,11.2,6,0
6.4,0.22,0.49,7.5,0.054,42.0,151.0,0.9948,3.27,0.52,10.1,6,0
7.5,0.24,0.49,9.4,0.048,50.0,149.0,0.9962,3.17,0.59,10.5,7,0
7.8,0.28,0.49,1.3,0.046,27.0,142.0,0.9936,3.09,0.59,10.2,5,0
5.8,0.15,0.49,1.1,0.048,21.0,98.0,0.9929,3.19,0.48,9.2,5,0
6.6,0.325,0.49,7.7,0.049,53.0,217.0,0.996,3.16,0.4,9.3,5,0
6.6,0.27,0.49,7.8,0.049,62.0,217.0,0.9959,3.17,0.45,9.4,6,0
6.7,0.26,0.49,8.3,0.047,54.0,191.0,0.9954,3.23,0.4,10.3,6,0
6.5,0.13,0.37,1.0,0.036,48.0,114.0,0.9911,3.41,0.51,11.5,8,1
6.2,0.27,0.32,8.8,0.047,65.0,224.0,0.9961,3.17,0.47,8.9,5,0
7.2,0.25,0.28,14.4,0.055,55.0,205.0,0.9986,3.12,0.38,9.0,7,0
6.7,0.25,0.26,1.55,0.041,118.5,216.0,0.9949,3.55,0.63,9.4,3,0
9.3,0.2,0.33,1.7,0.05,28.0,178.0,0.9954,3.16,0.43,9.0,4,1
6.7,0.27,0.25,8.0,0.053,54.0,202.0,0.9961,3.22,0.43,9.3,5,0
9.6,0.21,0.28,1.2,0.038,12.0,53.0,0.9926,2.8,0.46,10.6,5,0
6.9,0.19,0.28,3.0,0.054,33.0,99.0,0.9924,3.16,0.4,10.8,6,0
7.4,0.33,0.26,2.6,0.04,29.0,115.0,0.9913,3.07,0.52,11.8,7,0
7.2,0.26,0.3,2.1,0.033,50.0,158.0,0.9909,3.33,0.43,12.1,7,0
7.1,0.37,0.32,1.4,0.037,27.0,126.0,0.9918,3.19,0.62,12.0,5,0
7.6,0.3,0.22,10.2,0.049,57.0,191.0,0.9966,3.08,0.4,9.3,6,0
7.6,0.38,0.2,3.4,0.046,9.0,116.0,0.9944,3.15,0.41,9.4,5,0
6.8,0.33,0.28,1.2,0.032,38.0,131.0,0.9889,3.19,0.41,13.0,6,0
7.7,0.44,0.24,11.2,0.031,41.0,167.0,0.9948,3.12,0.43,11.3,7,0
7.4,0.44,0.2,11.5,0.049,44.0,157.0,0.998,3.27,0.44,9.0,5,0
7.6,0.26,0.58,7.9,0.041,62.0,180.0,0.9966,3.07,0.38,9.0,5,0
8.0,0.22,0.28,14.0,0.053,83.0,197.0,0.9981,3.14,0.45,9.8,6,0
7.3,0.13,0.31,2.3,0.054,22.0,104.0,0.9924,3.24,0.92,11.5,7,0
7.1,0.25,0.3,2.4,0.042,25.0,122.0,0.994,3.43,0.61,10.5,6,0
7.0,0.21,0.22,5.1,0.048,38.0,168.0,0.9945,3.34,0.49,10.4,6,0
7.7,0.3,0.42,14.3,0.045,45.0,213.0,0.9991,3.18,0.63,9.2,5,0
7.2,0.2,0.61,16.2,0.043,14.0,103.0,0.9987,3.06,0.36,9.2,6,0
7.8,0.34,0.27,1.2,0.04,25.0,106.0,0.9932,3.01,0.55,10.4,5,0
6.6,0.25,0.36,8.1,0.045,54.0,180.0,0.9958,3.08,0.42,9.2,5,0
7.3,0.22,0.5,13.7,0.049,56.0,189.0,0.9994,3.24,0.66,9.0,6,0
8.0,0.25,0.13,17.2,0.036,49.0,219.0,0.9996,2.96,0.46,9.7,5,0
7.5,0.26,0.26,18.35,0.084,33.0,139.0,1.0011,3.17,0.39,8.8,5,0
7.5,0.38,0.5,12.8,0.042,57.0,184.0,0.9984,3.09,0.46,9.0,6,0
7.6,0.16,0.41,1.9,0.047,27.0,151.0,0.9937,3.2,0.53,10.1,6,0
6.4,0.43,0.27,1.1,0.054,5.0,110.0,0.9939,3.24,0.52,9.1,4,1
7.0,0.28,0.33,14.6,0.043,47.0,168.0,0.9994,3.34,0.67,8.8,6,0
8.4,0.2,0.38,11.8,0.055,51.0,170.0,1.0004,3.34,0.82,8.9,6,0
7.4,0.3,0.22,5.25,0.053,33.0,180.0,0.9926,3.13,0.45,11.6,6,0
7.2,0.15,0.39,1.8,0.043,21.0,159.0,0.9948,3.52,0.47,10.0,5,0
6.3,0.21,0.28,1.5,0.051,46.0,142.0,0.9928,3.23,0.42,10.1,6,0
8.0,0.43,0.4,12.4,0.168,29.0,190.0,0.9991,3.07,0.64,9.2,5,0
8.9,0.21,0.34,7.1,0.037,33.0,150.0,0.9962,3.1,0.45,9.7,6,0
7.6,0.34,0.39,7.6,0.04,45.0,215.0,0.9965,3.11,0.53,9.2,6,0
5.7,0.385,0.04,12.6,0.034,22.0,115.0,0.9964,3.28,0.63,9.9,6,0
8.3,0.33,0.43,9.2,0.046,22.0,126.0,0.9982,3.38,0.47,9.3,5,0
6.9,0.17,0.25,1.6,0.047,34.0,132.0,0.9914,3.16,0.48,11.4,5,0
7.4,0.45,0.32,7.1,0.044,17.0,117.0,0.9962,3.32,0.41,10.4,4,1
6.0,0.16,0.3,6.7,0.043,43.0,153.0,0.9951,3.63,0.46,10.6,5,0
6.8,0.2,0.27,1.2,0.034,19.0,68.0,0.9902,3.14,0.37,11.7,4,1
6.8,0.28,0.39,1.4,0.036,15.0,115.0,0.9918,3.27,0.72,11.7,5,0
7.5,0.26,0.52,13.2,0.047,64.0,179.0,0.9982,3.1,0.46,9.0,5,0
7.0,0.35,0.31,1.8,0.069,15.0,162.0,0.9944,3.18,0.47,9.4,5,0
6.9,0.32,0.13,7.8,0.042,11.0,117.0,0.996,3.23,0.37,9.2,5,0
7.4,0.29,0.25,3.8,0.044,30.0,114.0,0.992,3.11,0.4,11.0,6,0
9.2,0.23,0.35,10.7,0.037,34.0,145.0,0.9981,3.09,0.32,9.7,5,0
7.1,0.18,0.32,12.2,0.048,36.0,125.0,0.9967,2.92,0.54,9.4,6,0
7.4,0.24,0.26,1.6,0.058,53.0,150.0,0.9936,3.18,0.5,9.9,7,0
7.2,0.23,0.38,6.1,0.067,20.0,90.0,0.99496,3.17,0.79,9.7,5,0
7.1,0.28,0.19,7.8,0.04,48.0,184.0,0.99579,3.16,0.5,9.4,5,0
7.4,0.2,0.29,1.7,0.047,16.0,100.0,0.99243,3.28,0.45,10.6,6,0
7.4,0.18,0.29,1.4,0.042,34.0,101.0,0.99384,3.54,0.6,10.5,7,0
7.1,0.14,0.35,1.4,0.039,24.0,128.0,0.99212,2.97,0.68,10.4,5,0
7.6,0.48,0.28,10.4,0.049,57.0,205.0,0.99748,3.24,0.45,9.3,5,0
6.3,0.2,0.3,5.9,0.034,35.0,152.0,0.99642,3.47,0.4,8.5,6,0
8.5,0.19,0.56,17.3,0.055,47.0,169.0,1.00047,3.07,0.67,9.3,6,0
7.3,0.19,0.25,1.4,0.051,41.0,107.0,0.99382,3.53,0.66,10.5,7,0
7.1,0.4,0.52,1.3,0.148,45.0,149.0,0.99468,3.08,0.56,8.7,5,0
6.5,0.29,0.42,10.6,0.042,66.0,202.0,0.99674,3.24,0.53,9.5,6,0
7.0,0.19,0.33,6.3,0.032,42.0,127.0,0.99182,3.31,0.38,12.2,6,0
6.6,0.4,0.32,1.7,0.035,39.0,84.0,0.99096,3.59,0.48,12.7,7,0
6.8,0.37,0.28,1.9,0.024,64.0,106.0,0.98993,3.45,0.6,12.6,8,1
7.9,0.25,0.34,11.4,0.04,53.0,202.0,0.99708,3.11,0.57,9.6,6,0
7.0,0.18,0.26,1.4,0.044,46.0,89.0,0.99256,3.39,0.48,10.7,7,0
6.5,0.21,0.28,1.4,0.046,26.0,66.0,0.99199,3.43,0.48,11.1,6,0
6.5,0.18,0.29,1.7,0.035,39.0,144.0,0.9927,3.49,0.5,10.5,6,0
7.6,0.32,0.35,1.6,0.092,24.0,138.0,0.99438,3.19,0.44,9.8,5,0
6.1,0.16,0.29,6.0,0.03,29.0,144.0,0.99474,3.68,0.46,10.7,6,0
7.2,0.2,0.3,2.0,0.039,43.0,188.0,0.9911,3.3,0.41,12.0,6,0
6.4,0.17,0.34,1.5,0.091,42.0,135.0,0.9938,3.25,0.49,9.6,7,0
7.1,0.21,0.28,2.7,0.034,23.0,111.0,0.99405,3.35,0.64,10.2,4,1
6.3,0.38,0.17,8.8,0.08,50.0,212.0,0.99803,3.47,0.66,9.4,4,1
8.2,0.24,0.3,2.3,0.05,23.0,106.0,0.99397,2.98,0.5,10.0,5,0
6.8,0.26,0.43,11.75,0.045,53.0,198.0,0.9969,3.26,0.55,9.5,5,0
6.3,0.29,0.14,7.05,0.045,50.0,177.0,0.99564,3.23,0.42,9.0,5,0
6.4,0.27,0.17,8.4,0.044,60.0,198.0,0.99578,3.21,0.47,9.4,5,0
7.5,0.28,0.78,12.1,0.041,53.0,161.0,0.99838,2.98,0.44,8.7,5,0
7.0,0.28,0.32,1.7,0.038,27.0,128.0,0.99375,3.2,0.62,10.2,6,0
6.4,0.37,0.37,4.85,0.041,39.5,216.5,0.99432,3.1,0.5,9.8,6,0
7.9,0.27,0.27,1.7,0.034,25.0,122.0,0.99088,2.97,0.51,11.9,6,0
5.6,0.175,0.29,0.8,0.043,20.0,67.0,0.99112,3.28,0.48,9.9,6,0
6.9,0.34,0.3,4.7,0.029,34.0,148.0,0.99165,3.36,0.49,12.3,7,0
9.0,0.29,0.34,12.1,0.03,34.0,177.0,0.99706,3.13,0.47,10.6,5,0
6.3,0.26,0.42,7.1,0.045,62.0,209.0,0.99544,3.2,0.53,9.5,6,0
6.8,0.28,0.36,7.0,0.043,60.0,207.0,0.99556,3.16,0.49,9.6,6,0
7.0,0.14,0.28,1.3,0.026,10.0,56.0,0.99352,3.46,0.45,9.9,5,0
6.3,0.34,0.36,4.9,0.035,31.0,185.0,0.9946,3.15,0.49,9.7,5,0
6.7,0.17,0.42,10.4,0.038,85.0,182.0,0.99628,3.04,0.44,8.9,6,0
6.8,0.18,0.3,12.8,0.062,19.0,171.0,0.99808,3.0,0.52,9.0,7,0
5.1,0.14,0.25,0.7,0.039,15.0,89.0,0.9919,3.22,0.43,9.2,6,0
6.7,0.28,0.28,2.4,0.012,36.0,100.0,0.99064,3.26,0.39,11.7,7,0
6.8,0.44,0.2,16.0,0.065,61.0,186.0,0.99884,3.13,0.45,8.6,5,0
8.7,0.31,0.73,14.35,0.044,27.0,191.0,1.00013,2.96,0.88,8.7,5,0
8.7,0.31,0.73,14.35,0.044,27.0,191.0,1.00013,2.96,0.88,8.7,5,0
5.7,0.18,0.36,1.2,0.046,9.0,71.0,0.99199,3.7,0.68,10.9,7,0
6.45,0.14,0.42,1.2,0.05,51.0,129.0,0.99116,3.27,0.69,11.1,7,0
8.0,0.13,0.25,1.1,0.033,15.0,86.0,0.99044,2.98,0.39,11.2,8,1
7.6,0.18,0.28,7.1,0.041,29.0,110.0,0.99652,3.2,0.42,9.2,6,0
7.1,0.31,0.17,1.0,0.042,21.0,144.0,0.99304,3.13,0.4,9.6,5,0
7.6,0.18,0.28,7.1,0.041,29.0,110.0,0.99652,3.2,0.42,9.2,6,0
6.9,0.31,0.32,1.2,0.024,20.0,166.0,0.99208,3.05,0.54,9.8,6,0
6.5,0.17,0.31,1.5,0.041,34.0,121.0,0.99092,3.06,0.46,10.5,6,0
6.7,0.44,0.22,4.3,0.032,19.0,99.0,0.99015,3.26,0.53,12.8,7,0
6.9,0.16,0.37,1.8,0.034,36.0,95.0,0.98952,2.93,0.59,12.0,6,0
7.1,0.2,0.31,7.4,0.053,32.0,211.0,0.99587,3.31,0.59,10.4,6,0
7.1,0.2,0.31,6.85,0.053,32.0,211.0,0.99587,3.31,0.59,10.4,6,0
6.5,0.37,0.3,2.2,0.033,39.0,107.0,0.98894,3.22,0.53,13.5,7,0
6.7,0.16,0.37,1.3,0.036,45.0,125.0,0.98964,3.19,0.51,12.4,7,0
7.8,0.26,0.31,3.6,0.025,22.0,100.0,0.99066,2.99,0.47,12.1,7,0
6.7,0.19,0.39,1.0,0.032,14.0,71.0,0.98912,3.31,0.38,13.0,7,0
6.2,0.15,0.27,1.4,0.041,51.0,117.0,0.9909,3.28,0.38,11.2,6,0
6.5,0.22,0.45,8.0,0.053,52.0,196.0,0.9959,3.23,0.48,9.1,6,0
7.7,0.43,0.37,10.0,0.169,22.0,210.0,0.99776,3.02,0.64,9.5,5,0
5.3,0.16,0.39,1.0,0.028,40.0,101.0,0.99156,3.57,0.59,10.6,6,0
6.7,0.15,0.38,1.7,0.037,20.0,84.0,0.99046,3.09,0.53,11.4,6,0
6.4,0.22,0.31,13.9,0.04,57.0,135.0,0.99672,3.21,0.38,10.7,5,0
7.2,0.21,0.28,2.7,0.033,38.0,94.0,0.99075,2.99,0.43,11.8,7,0
6.9,0.4,0.3,10.6,0.033,24.0,87.0,0.99265,3.15,0.45,12.8,6,0
5.2,0.285,0.29,5.15,0.035,64.0,138.0,0.9895,3.19,0.34,12.4,8,1
6.4,0.44,0.26,2.0,0.054,20.0,180.0,0.9952,3.58,0.57,10.0,5,0
7.0,0.31,0.39,7.5,0.055,42.0,218.0,0.99652,3.37,0.54,10.3,5,0
6.7,0.42,0.46,9.7,0.054,67.0,234.0,0.99848,3.23,0.5,9.0,5,0
6.4,0.25,0.32,0.9,0.034,40.0,114.0,0.99114,3.31,0.58,10.8,7,0
6.9,0.14,0.38,1.0,0.041,22.0,81.0,0.99043,3.03,0.54,11.4,6,0
6.7,0.39,0.31,2.7,0.054,27.0,202.0,0.9948,3.46,0.57,10.5,6,0
5.2,0.155,0.33,1.6,0.028,13.0,59.0,0.98975,3.3,0.84,11.9,8,1
7.7,0.11,0.34,14.05,0.04,41.0,114.0,0.99634,3.07,0.59,11.0,7,0
8.4,0.31,0.31,0.95,0.021,52.0,148.0,0.99038,2.93,0.32,11.5,5,0
6.7,0.18,0.28,10.2,0.039,29.0,115.0,0.99469,3.11,0.45,10.9,7,0
6.6,0.2,0.27,10.9,0.038,29.0,130.0,0.99496,3.11,0.44,10.5,7,0
7.0,0.13,0.37,12.85,0.042,36.0,105.0,0.99581,3.05,0.55,10.7,6,0
7.0,0.45,0.34,19.8,0.04,12.0,67.0,0.9976,3.07,0.38,11.0,6,0
8.4,0.22,0.3,8.9,0.024,17.0,118.0,0.99456,2.99,0.34,10.5,6,0
7.4,0.32,0.22,11.7,0.035,44.0,150.0,0.99578,3.1,0.45,10.4,5,0
7.1,0.47,0.29,14.8,0.024,22.0,142.0,0.99518,3.12,0.48,12.0,8,1
7.5,0.33,0.38,8.7,0.126,49.0,199.0,0.99711,2.98,0.57,9.4,5,0
6.3,0.25,0.44,1.7,0.024,36.0,116.0,0.98935,3.18,0.4,12.5,6,0
6.9,0.28,0.41,1.4,0.016,6.0,55.0,0.98876,3.16,0.4,13.4,5,0
6.2,0.25,0.54,7.0,0.046,58.0,176.0,0.99454,3.19,0.7,10.4,5,0
6.6,0.25,0.33,8.5,0.042,29.0,141.0,0.99546,3.28,0.6,10.4,5,0
6.3,0.28,0.3,3.1,0.039,24.0,115.0,0.9942,3.05,0.43,8.6,5,0
6.2,0.25,0.38,7.9,0.045,54.0,208.0,0.99572,3.17,0.46,9.1,5,0
5.8,0.31,0.32,4.5,0.024,28.0,94.0,0.98906,3.25,0.52,13.7,7,0
6.3,0.28,0.47,11.2,0.04,61.0,183.0,0.99592,3.12,0.51,9.5,6,0
6.7,0.34,0.4,2.1,0.033,34.0,111.0,0.98924,2.97,0.48,12.2,7,0
7.6,0.21,0.49,2.5,0.047,20.0,130.0,0.99178,3.15,0.48,11.1,5,0
6.7,0.24,0.46,2.2,0.033,19.0,111.0,0.99045,3.1,0.62,11.9,6,0
7.4,0.23,0.38,8.6,0.052,41.0,150.0,0.99534,3.06,0.46,10.3,5,0
5.6,0.19,0.27,0.9,0.04,52.0,103.0,0.99026,3.5,0.39,11.2,5,0
7.8,0.21,0.34,11.9,0.039,55.0,140.0,0.9959,3.02,0.31,10.3,6,0
7.0,0.17,0.36,6.4,0.055,42.0,123.0,0.99318,3.11,0.5,11.0,8,1
6.8,0.25,0.24,1.6,0.045,39.0,164.0,0.99402,3.53,0.58,10.8,5,0
8.2,0.3,0.44,12.4,0.043,52.0,154.0,0.99452,3.04,0.33,12.0,6,0
6.4,0.24,0.32,0.95,0.041,23.0,131.0,0.99033,3.25,0.35,11.8,5,0
5.8,0.33,0.23,5.0,0.053,29.0,106.0,0.99458,3.13,0.52,9.0,5,0
6.4,0.23,0.35,4.6,0.039,43.0,147.0,0.99216,3.18,0.4,11.0,7,0
6.4,0.16,0.42,1.0,0.036,29.0,113.0,0.9908,3.18,0.52,11.0,6,0
6.7,0.21,0.36,8.55,0.02,20.0,86.0,0.99146,3.19,0.22,13.4,7,0
7.1,0.38,0.4,2.2,0.042,54.0,201.0,0.99177,3.03,0.5,11.4,5,0
7.5,0.33,0.36,2.6,0.051,26.0,126.0,0.99097,3.32,0.53,12.7,6,0
7.8,0.25,0.37,1.0,0.043,10.0,80.0,0.99128,3.08,0.38,11.4,5,0
6.6,0.28,0.41,7.0,0.046,59.0,194.0,0.99558,3.14,0.48,9.4,5,0
6.6,0.28,0.41,7.0,0.046,59.0,194.0,0.99558,3.14,0.48,9.4,5,0
6.8,0.32,0.32,8.7,0.029,31.0,105.0,0.99146,3.0,0.34,12.3,7,0
6.4,0.35,0.28,12.6,0.039,19.0,124.0,0.99539,3.2,0.43,10.6,6,0
6.7,0.46,0.27,5.2,0.039,35.0,96.0,0.99129,3.16,0.44,12.4,7,0
6.9,0.38,0.29,13.65,0.048,52.0,189.0,0.99784,3.0,0.6,9.5,6,0
6.8,0.18,0.24,9.8,0.058,64.0,188.0,0.9952,3.13,0.51,10.6,6,0
6.7,0.18,0.24,10.3,0.057,64.0,185.0,0.99519,3.12,0.5,10.6,6,0
6.0,0.22,0.28,1.1,0.034,47.0,90.0,0.98862,3.22,0.38,12.6,6,0
6.7,0.36,0.28,8.3,0.034,29.0,81.0,0.99151,2.96,0.39,12.5,6,0
6.7,0.21,0.48,14.8,0.05,31.0,195.0,0.99942,2.95,0.75,8.8,6,0
6.1,0.3,0.3,2.1,0.031,50.0,163.0,0.9895,3.39,0.43,12.7,7,0
7.1,0.17,0.4,14.55,0.047,47.0,156.0,0.99945,3.34,0.78,9.1,6,0
6.7,0.3,0.44,18.75,0.057,65.0,224.0,0.99956,3.11,0.53,9.1,5,0
5.8,0.54,0.0,1.4,0.033,40.0,107.0,0.98918,3.26,0.35,12.4,5,0
6.8,0.19,0.34,1.9,0.04,41.0,108.0,0.99,3.25,0.45,12.9,6,0
6.6,0.24,0.27,10.3,0.047,54.0,219.0,0.99742,3.04,0.45,8.8,5,0
6.2,0.36,0.45,10.4,0.06,22.0,184.0,0.99711,3.31,0.56,9.8,6,0
7.1,0.36,0.28,2.4,0.036,35.0,115.0,0.98936,3.19,0.44,13.5,7,0
6.5,0.19,0.28,1.4,0.046,22.0,90.0,0.99038,3.18,0.51,11.7,7,0
6.6,0.29,0.29,1.8,0.036,38.0,102.0,0.98819,3.08,0.42,13.7,7,0
5.3,0.36,0.27,6.3,0.028,40.0,132.0,0.99186,3.37,0.4,11.6,6,0
7.2,0.24,0.28,1.9,0.032,30.0,92.0,0.9914,3.1,0.39,10.9,6,0
7.2,0.27,0.31,1.2,0.031,27.0,80.0,0.98892,3.03,0.33,12.7,6,0
6.0,0.33,0.2,1.8,0.031,49.0,159.0,0.9919,3.41,0.53,11.0,6,0
5.7,0.22,0.22,16.65,0.044,39.0,110.0,0.99855,3.24,0.48,9.0,6,0
5.7,0.22,0.22,16.65,0.044,39.0,110.0,0.99855,3.24,0.48,9.0,6,0
7.5,0.34,0.24,3.85,0.031,5.0,34.0,0.99098,3.01,0.36,11.8,4,1
7.0,0.48,0.12,4.5,0.05,23.0,86.0,0.99398,2.86,0.35,9.0,5,0
6.4,0.28,0.36,1.3,0.053,28.0,186.0,0.99211,3.31,0.45,10.8,5,0
6.8,0.12,0.3,12.9,0.049,32.0,88.0,0.99654,3.2,0.35,9.9,6,0
6.6,0.295,0.24,1.6,0.039,29.0,140.0,0.99304,3.35,0.61,10.4,7,0
7.1,0.27,0.24,12.6,0.044,48.0,118.0,0.99726,3.04,0.56,10.0,7,0
6.4,0.38,0.2,5.3,0.117,57.0,181.0,0.99459,3.24,0.43,9.5,6,0
7.2,0.33,0.22,4.5,0.031,10.0,73.0,0.99076,2.97,0.52,12.2,7,0
6.3,0.32,0.17,17.75,0.06,51.0,190.0,0.99916,3.13,0.48,8.8,6,0
7.3,0.41,0.29,1.8,0.032,26.0,74.0,0.98889,2.96,0.35,13.0,8,1
5.3,0.3,0.3,1.2,0.029,25.0,93.0,0.98742,3.31,0.4,13.6,7,0
7.5,0.24,0.31,13.1,0.05,26.0,180.0,0.99884,3.05,0.53,9.1,6,0
7.1,0.21,0.72,1.6,0.167,65.0,120.0,0.99324,2.97,0.51,9.2,5,0
5.5,0.17,0.23,2.9,0.039,10.0,108.0,0.99243,3.28,0.5,10.0,5,0
6.7,0.39,0.24,2.7,0.017,22.0,80.0,0.99084,3.03,0.37,11.5,5,0
6.5,0.26,0.5,8.0,0.051,46.0,197.0,0.99536,3.18,0.47,9.5,5,0
6.8,0.21,0.62,6.4,0.041,7.0,113.0,0.99358,2.96,0.59,10.2,5,0
6.7,0.26,0.49,8.1,0.052,48.0,197.0,0.99558,3.19,0.48,9.5,5,0
8.0,0.27,0.33,1.2,0.05,41.0,103.0,0.99002,3.0,0.45,12.4,6,0
5.9,0.12,0.27,4.8,0.03,40.0,110.0,0.99226,3.55,0.68,12.1,6,0
7.3,0.25,0.26,7.2,0.048,52.0,207.0,0.99587,3.12,0.37,9.2,5,0
5.8,0.27,0.26,3.5,0.071,26.0,69.0,0.98994,3.1,0.38,11.5,6,0
5.0,0.455,0.18,1.9,0.036,33.0,106.0,0.98746,3.21,0.83,14.0,7,0
6.2,0.39,0.24,4.8,0.037,45.0,138.0,0.99174,3.23,0.43,11.2,7,0
6.2,0.28,0.51,7.9,0.056,49.0,206.0,0.9956,3.18,0.52,9.4,5,0
7.4,0.25,0.37,2.6,0.05,24.0,132.0,0.99138,3.04,0.53,11.2,6,0
6.7,0.31,0.3,2.4,0.038,30.0,83.0,0.98867,3.09,0.36,12.8,7,0
6.9,0.22,0.28,7.8,0.05,43.0,116.0,0.99326,3.22,0.6,11.5,8,1
6.5,0.36,0.36,6.7,0.185,51.5,151.0,0.99528,3.17,0.42,9.3,5,0
6.1,0.3,0.32,2.2,0.042,41.0,142.0,0.98952,3.31,0.44,12.7,7,0
7.0,0.16,0.3,2.6,0.043,34.0,90.0,0.99047,2.88,0.47,11.2,6,0
6.4,0.24,0.49,5.8,0.053,25.0,120.0,0.9942,3.01,0.98,10.5,6,0
7.2,0.4,0.24,8.5,0.055,45.0,151.0,0.99626,3.2,0.52,9.2,5,0
5.9,0.25,0.27,1.5,0.029,37.0,81.0,0.9892,3.2,0.46,12.2,6,0
7.2,0.17,0.28,17.55,0.05,33.0,154.0,0.99971,2.94,0.43,9.0,7,0
6.5,0.43,0.18,13.15,0.032,25.0,131.0,0.99565,3.23,0.51,10.7,5,0
6.6,0.17,0.36,1.9,0.036,38.0,110.0,0.99056,3.05,0.54,11.4,6,0
6.9,0.19,0.35,13.5,0.038,49.0,118.0,0.99546,3.0,0.63,10.7,6,0
6.4,0.41,0.01,6.1,0.048,20.0,70.0,0.99362,3.19,0.42,10.0,5,0
6.9,0.38,0.28,8.3,0.062,22.0,166.0,0.99506,3.16,0.72,10.6,5,0
6.6,0.41,0.27,10.7,0.11,20.0,103.0,0.99672,3.08,0.41,9.0,6,0
6.9,0.37,0.23,9.5,0.057,54.0,166.0,0.99568,3.23,0.42,10.0,5,0
5.7,0.31,0.28,4.1,0.03,22.0,86.0,0.99062,3.31,0.38,11.7,7,0
5.5,0.21,0.25,1.2,0.04,18.0,75.0,0.99006,3.31,0.56,11.3,6,0
6.1,0.17,0.29,1.1,0.041,32.0,92.0,0.99036,3.26,0.57,11.2,6,0
6.2,0.34,0.25,12.1,0.059,33.0,171.0,0.99769,3.14,0.56,8.7,6,0
7.4,0.31,0.26,8.6,0.048,47.0,206.0,0.9964,3.26,0.36,9.1,5,0
6.2,0.2,0.25,15.0,0.055,8.0,120.0,0.99767,3.19,0.53,9.6,6,0
7.4,0.16,0.3,13.7,0.056,33.0,168.0,0.99825,2.9,0.44,8.7,7,0
7.4,0.16,0.3,13.7,0.056,33.0,168.0,0.99825,2.9,0.44,8.7,7,0
6.4,0.25,0.33,1.7,0.037,35.0,113.0,0.99164,3.23,0.66,10.6,6,0
6.2,0.3,0.3,2.5,0.041,29.0,82.0,0.99065,3.31,0.61,11.8,7,0
8.1,0.27,0.33,1.3,0.045,26.0,100.0,0.99066,2.98,0.44,12.4,6,0
6.2,0.3,0.32,1.3,0.054,27.0,183.0,0.99266,3.3,0.43,10.1,5,0
5.9,0.32,0.2,14.4,0.05,29.0,144.0,0.99666,3.24,0.41,10.3,6,0
6.1,0.38,0.14,3.9,0.06,27.0,113.0,0.99344,3.07,0.34,9.2,4,1
8.0,0.33,0.32,4.6,0.041,31.0,180.0,0.99184,2.92,0.74,12.2,6,0
7.0,0.44,0.24,12.1,0.056,68.0,210.0,0.99718,3.05,0.5,9.5,5,0
6.2,0.345,0.27,10.1,0.056,38.0,187.0,0.99486,3.31,0.56,10.6,5,0
6.6,0.36,0.47,1.4,0.145,26.0,124.0,0.99274,3.09,0.56,10.1,6,0
5.9,0.14,0.2,1.6,0.04,26.0,114.0,0.99105,3.25,0.45,11.4,6,0
5.8,0.3,0.23,1.5,0.034,37.0,121.0,0.98871,2.96,0.34,12.1,6,0
6.2,0.36,0.22,5.25,0.038,44.0,145.0,0.99184,3.22,0.4,11.2,6,0
5.7,0.26,0.24,17.8,0.059,23.0,124.0,0.99773,3.3,0.5,10.1,5,0
7.6,0.28,0.17,1.6,0.046,28.0,117.0,0.99288,3.08,0.43,10.0,5,0
6.6,0.34,0.25,4.8,0.038,16.0,121.0,0.99198,3.36,0.71,12.6,6,0
7.1,0.23,0.28,1.9,0.046,33.0,103.0,0.98997,3.12,0.31,12.0,5,0
6.4,0.27,0.3,1.6,0.04,19.0,86.0,0.99089,3.32,0.65,11.5,6,0
5.9,0.2,0.28,1.0,0.043,45.0,100.0,0.99033,3.4,0.41,11.4,6,0
7.3,0.19,0.27,13.9,0.057,45.0,155.0,0.99807,2.94,0.41,8.8,8,1
5.8,0.22,0.25,1.5,0.024,21.0,109.0,0.99234,3.37,0.58,10.4,6,0
6.4,0.29,0.21,9.65,0.041,36.0,119.0,0.99334,2.99,0.34,10.9333333333333,6,0
6.1,0.26,0.28,1.7,0.043,24.0,98.0,0.98918,3.14,0.44,12.5,6,0
5.7,0.31,0.29,7.3,0.05,33.0,143.0,0.99332,3.31,0.5,11.0666666666667,6,0
6.4,0.26,0.21,8.2,0.05,51.0,182.0,0.99542,3.23,0.48,9.5,5,0
6.3,0.2,0.26,12.7,0.046,60.0,143.0,0.99526,3.26,0.35,10.8,6,0
6.6,0.24,0.22,12.3,0.051,35.0,146.0,0.99676,3.1,0.67,9.4,5,0
5.2,0.22,0.46,6.2,0.066,41.0,187.0,0.99362,3.19,0.42,9.73333333333333,5,0
5.7,0.24,0.47,6.3,0.069,35.0,182.0,0.99391,3.11,0.46,9.73333333333333,5,0
6.2,0.22,0.28,2.2,0.04,24.0,125.0,0.9917,3.19,0.48,10.5,6,0
6.1,0.22,0.5,6.6,0.045,30.0,122.0,0.99415,3.22,0.49,9.9,6,0
6.7,0.34,0.31,16.4,0.051,20.0,146.0,0.99834,3.06,0.54,9.1,5,0
6.0,0.28,0.29,19.3,0.051,36.0,174.0,0.99911,3.14,0.5,9.0,5,0
6.6,0.26,0.56,15.4,0.053,32.0,141.0,0.9981,3.11,0.49,9.3,5,0
6.4,0.32,0.26,7.9,0.05,53.0,180.0,0.99514,3.14,0.5,9.6,5,0
6.7,0.31,0.33,2.0,0.033,12.0,74.0,0.99064,3.29,0.65,12.5,6,0
6.7,0.48,0.49,2.9,0.03,28.0,122.0,0.98926,3.13,0.4,13.0,6,0
6.0,0.19,0.37,9.7,0.032,17.0,50.0,0.9932,3.08,0.66,12.0,6,0
6.6,0.54,0.21,16.3,0.055,41.0,182.0,0.9986,3.35,0.54,10.4,6,0
9.0,0.2,0.33,3.5,0.049,10.0,40.0,0.9944,3.14,0.36,9.8,6,0
5.8,0.31,0.31,7.5,0.052,55.0,230.0,0.9949,3.19,0.46,9.8,5,0
6.9,0.28,0.37,9.1,0.037,16.0,76.0,0.9948,3.05,0.54,11.1,5,0
6.0,0.23,0.34,1.3,0.025,23.0,111.0,0.98961,3.36,0.37,12.7,6,0
6.1,0.2,0.4,1.9,0.028,32.0,138.0,0.9914,3.26,0.72,11.7,5,0
7.0,0.23,0.35,1.4,0.036,31.0,113.0,0.9912,3.16,0.48,10.8,7,0
5.8,0.28,0.66,9.1,0.039,26.0,159.0,0.9965,3.66,0.55,10.8,5,0
5.7,0.22,0.28,1.3,0.027,26.0,101.0,0.98948,3.35,0.38,12.5,7,0
6.2,0.2,0.26,9.7,0.03,39.0,102.0,0.9908,3.08,0.56,12.9,7,0
5.9,0.34,0.25,2.0,0.042,12.0,110.0,0.99034,3.02,0.54,11.4,6,0
6.4,0.3,0.33,5.2,0.05,30.0,137.0,0.99304,3.26,0.58,11.1,5,0
6.5,0.16,0.33,1.0,0.027,23.0,75.0,0.9908,3.3,0.39,11.4,7,0
6.4,0.17,0.34,13.4,0.044,45.0,139.0,0.99752,3.06,0.43,9.1,6,0
6.5,0.29,0.32,3.0,0.036,38.0,93.0,0.9906,3.16,0.59,12.0,6,0
6.1,0.44,0.28,4.25,0.032,43.0,132.0,0.9916,3.26,0.47,11.3,7,0
5.7,0.25,0.32,12.2,0.041,43.0,127.0,0.99524,3.23,0.53,10.4,7,0
6.3,0.3,0.91,8.2,0.034,50.0,199.0,0.99394,3.39,0.49,11.7,6,0
5.9,0.18,0.28,1.0,0.037,24.0,88.0,0.99094,3.29,0.55,10.65,7,0
6.1,0.38,0.47,1.4,0.051,59.0,210.0,0.99309,3.24,0.5,9.6,5,0
6.7,0.35,0.32,9.0,0.032,29.0,113.0,0.99188,3.13,0.65,12.9,7,0
6.1,0.22,0.4,1.85,0.031,25.0,111.0,0.98966,3.03,0.3,11.8,7,0
6.7,0.15,0.32,7.9,0.034,17.0,81.0,0.99512,3.29,0.31,10.0,6,0
6.0,0.25,0.28,7.7,0.053,37.0,132.0,0.99489,3.06,0.5,9.4,6,0
6.8,0.32,0.43,1.6,0.05,4.0,65.0,0.99346,3.27,0.47,10.7,5,0
5.5,0.3,0.25,1.9,0.029,33.0,118.0,0.98972,3.36,0.66,12.5,6,0
6.1,0.27,0.31,3.9,0.034,42.0,137.0,0.99218,3.24,0.46,10.9,6,0
6.0,0.38,0.26,3.5,0.035,38.0,111.0,0.98872,3.18,0.47,13.6,7,0
6.6,0.17,0.26,7.4,0.052,45.0,128.0,0.99388,3.16,0.37,10.0,6,0
6.4,0.32,0.25,5.0,0.055,28.0,138.0,0.99171,3.27,0.5,12.4,8,1
6.0,0.59,0.0,0.8,0.037,30.0,95.0,0.99032,3.1,0.4,10.9,4,1
6.7,0.3,0.5,12.1,0.045,38.0,127.0,0.9974,3.04,0.53,8.9,6,0
6.0,0.31,0.32,7.4,0.175,47.0,159.0,0.9952,3.19,0.5,9.4,6,0
6.4,0.105,0.29,1.1,0.035,44.0,140.0,0.99142,3.17,0.55,10.7,7,0
5.7,0.33,0.32,1.4,0.043,28.0,93.0,0.9897,3.31,0.5,12.3,6,0
6.0,0.35,0.46,0.9,0.033,9.0,65.0,0.98934,3.24,0.35,12.1,4,1
6.6,0.28,0.09,10.9,0.051,37.0,131.0,0.99566,2.93,0.62,9.5,6,0
6.5,0.28,0.34,4.6,0.054,22.0,130.0,0.99193,3.2,0.46,12.0,7,0
6.7,0.22,0.33,1.2,0.036,36.0,86.0,0.99058,3.1,0.76,11.4,6,0
7.0,0.36,0.35,2.5,0.048,67.0,161.0,0.99146,3.05,0.56,11.1,6,0
6.0,0.52,0.33,7.7,0.046,24.0,119.0,0.99224,3.04,0.38,11.0,6,0
6.2,0.36,0.32,4.0,0.036,44.0,92.0,0.98936,3.2,0.5,13.3,7,0
6.6,0.34,0.4,8.1,0.046,68.0,170.0,0.99494,3.15,0.5,9.53333333333333,6,0
6.2,0.41,0.22,1.9,0.023,5.0,56.0,0.98928,3.04,0.79,13.0,7,0
6.6,0.32,0.36,8.0,0.047,57.0,168.0,0.9949,3.15,0.46,9.6,5,0
6.0,0.21,0.38,0.8,0.02,22.0,98.0,0.98941,3.26,0.32,11.8,6,0
