8.1,0.28,0.4,6.9,0.05,30.0,97.0,0.9951,3.26,0.44,10.1,6,0
7.2,0.23,0.32,8.5,0.058,47.0,186.0,0.9956,3.19,0.4,9.9,6,0
6.2,0.32,0.16,7.0,0.045,30.0,136.0,0.9949,3.18,0.47,9.6,6,0
6.3,0.3,0.34,1.6,0.049,14.0,132.0,0.994,3.3,0.49,9.5,6,0
7.2,0.32,0.36,2.0,0.033,37.0,114.0,0.9906,3.1,0.71,12.3,7,0
8.5,0.24,0.39,10.4,0.044,20.0,142.0,0.9974,3.2,0.53,10.0,6,0
6.7,0.23,0.39,2.5,0.172,63.0,158.0,0.9937,3.11,0.36,9.4,6,0
6.9,0.25,0.35,1.3,0.039,29.0,191.0,0.9908,3.13,0.52,11.0,6,0
6.8,0.22,0.24,4.9,0.092,30.0,123.0,0.9951,3.03,0.46,8.6,6,0
6.2,0.35,0.03,1.2,0.064,29.0,120.0,0.9934,3.22,0.54,9.1,5,0
6.2,0.27,0.43,7.8,0.056,48.0,244.0,0.9956,3.1,0.51,9.0,6,0
8.6,0.23,0.46,1.0,0.054,9.0,72.0,0.9941,2.95,0.49,9.1,6,0
6.7,0.23,0.31,2.1,0.046,30.0,96.0,0.9926,3.33,0.64,10.7,8,0
6.7,0.54,0.28,5.4,0.06,21.0,105.0,0.9949,3.27,0.37,9.0,5,0
6.9,0.24,0.33,1.7,0.035,47.0,136.0,0.99,3.26,0.4,12.6,7,0
6.9,0.21,0.33,1.8,0.034,48.0,136.0,0.9899,3.25,0.41,12.6,7,0
7.1,0.26,0.29,12.4,0.044,62.0,240.0,0.9969,3.04,0.42,9.2,6,0
7.1,0.12,0.32,9.6,0.054,64.0,162.0,0.9962,3.4,0.41,9.4,5,0
7.3,0.13,0.32,14.4,0.051,34.0,109.0,0.9974,3.2,0.35,9.2,6,0
6.9,0.33,0.28,1.3,0.051,37.0,187.0,0.9927,3.27,0.6,10.3,5,0
6.5,0.17,0.54,8.5,0.082,64.0,163.0,0.9959,2.89,0.39,8.8,6,0
6.7,0.41,0.34,9.2,0.049,29.0,150.0,0.9968,3.22,0.51,9.1,5,0
6.0,0.31,0.24,3.3,0.041,25.0,143.0,0.9914,3.31,0.44,11.3,6,0
7.1,0.37,0.67,10.5,0.045,49.0,155.0,0.9975,3.16,0.44,8.7,5,0
7.1,0.3,0.46,1.5,0.066,29.0,133.0,0.9906,3.12,0.54,12.7,6,0
6.4,0.25,0.32,5.5,0.049,41.0,176.0,0.995,3.19,0.68,9.2,6,0
6.9,0.27,0.4,14.0,0.05,64.0,227.0,0.9979,3.18,0.58,9.6,6,0
5.6,0.245,0.25,9.7,0.032,12.0,68.0,0.994,3.31,0.34,10.5,5,0
6.5,0.19,0.3,0.8,0.043,33.0,144.0,0.9936,3.42,0.39,9.1,6,0
7.1,0.24,0.41,17.8,0.046,39.0,145.0,0.9998,3.32,0.39,8.7,5,0
7.1,0.21,0.37,2.4,0.026,23.0,100.0,0.9903,3.15,0.38,11.4,7,0
5.6,0.19,0.26,1.4,0.03,12.0,76.0,0.9905,3.25,0.37,10.9,7,0
5.2,0.6,0.07,7.0,0.044,33.0,147.0,0.9944,3.33,0.58,9.7,5,0
7.0,0.29,0.54,10.7,0.046,59.0,234.0,0.9966,3.05,0.61,9.5,5,0
7.0,0.3,0.49,4.7,0.036,17.0,105.0,0.9916,3.26,0.68,12.4,7,0
8.3,0.41,0.51,2.0,0.046,11.0,207.0,0.993,3.02,0.55,11.4,5,0
7.5,0.27,0.31,5.8,0.057,131.0,313.0,0.9946,3.18,0.59,10.5,5,0
6.5,0.28,0.34,9.9,0.038,30.0,133.0,0.9954,3.11,0.44,9.8,5,0
8.0,0.24,0.36,1.5,0.047,17.0,129.0,0.9948,3.2,0.54,10.0,6,0
5.4,0.31,0.47,3.0,0.053,46.0,144.0,0.9931,3.29,0.76,10.0,5,0
6.7,0.19,0.41,15.6,0.056,75.0,155.0,0.9995,3.2,0.44,8.8,6,0
7.3,0.33,0.4,6.85,0.038,32.0,138.0,0.992,3.03,0.3,11.9,7,0
5.8,0.4,0.42,4.4,0.047,38.5,245.0,0.9937,3.25,0.57,9.6,6,0
7.3,0.22,0.37,14.3,0.063,48.0,191.0,0.9978,2.89,0.38,9.0,6,0
7.2,0.27,0.27,2.4,0.048,30.0,149.0,0.9936,3.1,0.51,9.2,6,0
8.2,0.28,0.42,1.8,0.031,30.0,93.0,0.9917,3.09,0.39,11.4,5,0
7.0,0.21,0.28,8.7,0.045,37.0,222.0,0.9954,3.25,0.54,10.4,6,0
6.1,0.2,0.25,1.2,0.038,34.0,128.0,0.9921,3.24,0.44,10.1,5,0
6.3,0.22,0.33,1.7,0.041,67.0,164.0,0.9928,3.32,0.56,10.4,6,0
6.7,0.47,0.34,8.9,0.043,31.0,172.0,0.9964,3.22,0.6,9.2,5,0
7.2,0.28,0.54,16.7,0.045,54.0,200.0,0.999,3.08,0.49,9.5,6,0
7.8,0.34,0.35,1.8,0.042,8.0,167.0,0.9908,3.11,0.41,12.1,6,0
6.8,0.18,0.37,1.6,0.055,47.0,154.0,0.9934,3.08,0.45,9.1,5,0
6.9,0.25,0.4,1.3,0.038,22.0,101.0,0.9901,3.03,0.39,11.4,6,0
6.4,0.18,0.48,4.0,0.186,64.0,150.0,0.9945,3.06,0.4,9.3,5,0
7.4,0.25,0.36,13.2,0.067,53.0,178.0,0.9976,3.01,0.48,9.0,6,0
6.1,0.24,0.3,1.5,0.045,22.0,61.0,0.992,3.31,0.54,10.4,5,0
6.7,0.31,0.31,9.9,0.04,10.0,175.0,0.9953,3.46,0.55,11.4,4,1
6.8,0.28,0.17,13.9,0.047,49.0,162.0,0.9983,3.21,0.51,9.0,6,0
7.2,0.46,0.65,10.4,0.05,76.0,192.0,0.9976,3.16,0.42,8.7,5,0
7.4,0.2,0.33,1.9,0.035,39.0,138.0,0.991,3.17,0.44,11.7,7,0
6.1,0.32,0.25,1.7,0.034,37.0,136.0,0.992,3.47,0.5,10.8,7,0
6.4,0.45,0.07,1.1,0.03,10.0,131.0,0.9905,2.97,0.28,10.8,5,0
6.3,0.27,0.38,0.9,0.051,7.0,140.0,0.9926,3.45,0.5,10.5,7,0
7.4,0.37,0.35,5.7,0.061,12.0,94.0,0.9965,3.48,0.69,10.7,6,0
7.0,0.32,0.24,6.2,0.048,31.0,228.0,0.9957,3.23,0.62,9.4,6,0
5.8,0.31,0.33,1.2,0.036,23.0,99.0,0.9916,3.18,0.6,10.5,6,0
6.9,0.24,0.33,4.8,0.04,16.0,131.0,0.9936,3.26,0.64,10.7,6,0
6.3,0.21,0.33,13.9,0.046,68.0,179.0,0.9971,3.36,0.5,10.4,6,0
9.0,0.27,0.35,4.9,0.028,27.0,95.0,0.9932,3.04,0.4,11.3,6,0
5.8,0.32,0.38,4.75,0.033,23.0,94.0,0.991,3.42,0.42,11.8,7,0
6.8,0.34,0.69,1.3,0.058,12.0,171.0,0.9931,3.06,0.47,9.7,5,0
5.6,0.25,0.26,3.6,0.037,18.0,115.0,0.9904,3.42,0.5,12.6,6,0
7.7,0.2,0.44,13.9,0.05,44.0,130.0,0.99855,3.11,0.48,10.0,6,0
6.0,0.39,0.26,2.7,0.038,39.0,187.0,0.99325,3.41,0.5,10.8,6,0
7.0,0.27,0.41,18.75,0.042,34.0,157.0,1.0002,2.96,0.5,9.1,5,0
6.2,0.21,0.27,1.7,0.038,41.0,150.0,0.9933,3.49,0.71,10.5,7,0
7.0,0.21,0.34,8.0,0.057,19.0,101.0,0.9954,2.99,0.59,9.4,5,0
7.2,0.29,0.4,7.6,0.024,56.0,177.0,0.9928,3.04,0.32,11.5,6,0
6.7,0.2,0.42,14.0,0.038,83.0,160.0,0.9987,3.16,0.5,9.4,6,0
5.9,0.35,0.47,2.2,0.11,14.0,138.0,0.9932,3.09,0.5,9.1,5,0
6.9,0.22,0.37,15.0,0.053,59.0,178.0,0.9992,3.37,0.82,9.5,7,0
7.6,0.3,0.27,10.6,0.039,31.0,119.0,0.99815,3.27,0.3,9.3,6,0
6.0,0.18,0.31,1.4,0.036,14.0,75.0,0.99085,3.34,0.58,11.1,8,0
6.0,0.28,0.49,6.8,0.048,61.0,222.0,0.9953,3.19,0.47,9.3,5,0
7.3,0.205,0.31,1.7,0.06,34.0,110.0,0.9963,3.72,0.69,10.5,6,0
8.1,0.27,0.35,1.7,0.03,38.0,103.0,0.99255,3.22,0.63,10.4,8,0
6.2,0.28,0.33,1.7,0.029,24.0,111.0,0.99,3.24,0.5,12.1,6,0
4.8,0.33,0.0,6.5,0.028,34.0,163.0,0.9937,3.35,0.61,9.9,5,0
7.7,0.34,0.58,11.1,0.039,41.0,151.0,0.9978,3.06,0.49,8.6,5,0
6.6,0.26,0.29,1.4,0.039,13.0,67.0,0.9915,3.05,0.49,10.9,6,0
7.4,0.13,0.39,4.7,0.042,36.0,137.0,0.995,3.36,0.56,10.3,7,0
7.0,0.24,0.34,1.4,0.031,27.0,107.0,0.99,3.06,0.39,11.9,6,0
7.7,0.32,0.62,10.6,0.036,56.0,153.0,0.9978,3.13,0.44,8.9,6,0
6.5,0.26,0.27,12.9,0.044,69.0,215.0,0.9967,3.17,0.43,10.0,6,0
6.1,0.27,0.44,6.7,0.041,61.0,230.0,0.99505,3.12,0.4,8.9,5,0
7.7,0.24,0.29,15.3,0.044,39.0,194.0,0.9982,3.06,0.47,9.6,7,0
8.2,0.345,1.0,18.2,0.047,55.0,205.0,0.99965,2.96,0.43,9.6,5,0
7.7,0.28,0.33,6.7,0.037,32.0,155.0,0.9951,3.39,0.62,10.7,7,0
6.9,0.19,0.33,1.6,0.043,63.0,149.0,0.9925,3.44,0.52,10.8,5,0
7.7,0.28,0.39,8.9,0.036,8.0,117.0,0.9935,3.06,0.38,12.0,7,0
5.1,0.52,0.06,2.7,0.052,30.0,79.0,0.9932,3.32,0.43,9.3,5,0
6.8,0.19,0.32,7.05,0.019,54.0,188.0,0.9935,3.25,0.37,11.1,8,0
7.0,0.24,0.35,1.5,0.052,51.0,128.0,0.9941,3.41,0.59,10.4,7,0
6.3,0.6,0.44,11.0,0.05,50.0,245.0,0.9972,3.19,0.57,9.3,4,1
7.1,0.2,0.41,2.1,0.054,24.0,166.0,0.9948,3.48,0.62,10.5,6,0
7.3,0.49,0.32,5.2,0.043,18.0,104.0,0.9952,3.24,0.45,10.7,4,1
7.3,0.15,0.4,2.0,0.05,24.0,92.0,0.9932,3.14,0.45,10.5,5,0
7.3,0.31,0.69,10.2,0.041,58.0,160.0,0.9977,3.06,0.45,8.6,5,0
7.9,0.29,0.39,6.7,0.036,6.0,117.0,0.9938,3.12,0.42,10.7,5,0
5.5,0.32,0.45,4.9,0.028,25.0,191.0,0.9922,3.51,0.49,11.5,7,0
7.4,0.18,0.4,1.6,0.047,22.0,102.0,0.9937,3.28,0.44,10.7,5,0
9.2,0.28,0.46,3.2,0.058,39.0,133.0,0.996,3.14,0.58,9.5,5,0
7.9,0.16,0.3,4.8,0.037,37.0,171.0,0.9967,3.47,0.44,9.0,4,1
7.6,0.33,0.36,2.1,0.034,26.0,172.0,0.9944,3.42,0.48,10.5,4,1
7.8,0.3,0.29,16.85,0.054,23.0,135.0,0.9998,3.16,0.38,9.0,6,0
7.6,0.32,0.36,1.6,0.04,32.0,155.0,0.993,3.23,0.52,11.3,6,0
6.9,0.18,0.38,6.5,0.039,20.0,110.0,0.9943,3.1,0.42,10.5,5,0
9.4,0.26,0.53,1.2,0.047,25.0,109.0,0.9921,3.23,0.28,12.5,6,0
8.3,0.33,0.42,1.15,0.033,18.0,96.0,0.9911,3.2,0.32,12.4,3,1
7.9,0.14,0.28,1.8,0.041,44.0,178.0,0.9954,3.45,0.43,9.2,6,0
6.4,0.22,0.34,1.8,0.057,29.0,104.0,0.9959,3.81,0.57,10.3,6,0
8.1,0.5,0.47,1.1,0.037,23.0,126.0,0.9938,3.21,0.42,10.9,5,0
8.4,0.35,0.56,13.8,0.048,55.0,190.0,0.9993,3.07,0.58,9.4,6,0
8.0,0.22,0.42,14.6,0.044,45.0,163.0,1.0003,3.21,0.69,8.6,7,0
6.6,0.16,0.29,1.8,0.05,40.0,147.0,0.9912,3.06,0.44,11.4,7,0
8.3,0.21,0.4,1.6,0.032,35.0,110.0,0.9907,3.02,0.6,12.9,7,0
6.9,0.39,0.22,4.3,0.03,10.0,102.0,0.993,3.0,0.87,11.6,4,1
7.5,0.23,0.32,9.2,0.038,54.0,191.0,0.9966,3.04,0.56,9.7,6,0
9.0,0.245,0.38,5.9,0.045,52.0,159.0,0.995,2.93,0.35,10.2,6,0
6.9,0.28,0.3,1.6,0.047,46.0,132.0,0.9918,3.35,0.38,11.1,7,0
6.8,0.23,0.4,1.6,0.047,5.0,133.0,0.993,3.23,0.7,11.4,6,0
7.3,0.18,0.29,1.2,0.044,12.0,143.0,0.9918,3.2,0.48,11.3,7,0
7.3,0.25,0.36,13.1,0.05,35.0,200.0,0.9986,3.04,0.46,8.9,7,0
6.6,0.23,0.26,1.3,0.045,16.0,128.0,0.9934,3.36,0.6,10.0,6,0
6.1,0.22,0.49,1.5,0.051,18.0,87.0,0.9928,3.3,0.46,9.6,5,0
6.5,0.36,0.49,2.9,0.03,16.0,94.0,0.9902,3.1,0.49,12.1,7,0
6.1,0.25,0.49,7.6,0.052,67.0,226.0,0.9956,3.16,0.47,8.9,5,0
7.6,0.52,0.49,14.0,0.034,37.0,156.0,0.9958,3.14,0.38,11.8,7,0
6.9,0.34,0.74,11.2,0.069,44.0,150.0,0.9968,3.0,0.81,9.2,5,0
6.4,0.145,0.49,5.4,0.048,54.0,164.0,0.9946,3.56,0.44,10.8,6,0
6.9,0.25,0.24,3.6,0.057,13.0,85.0,0.9942,2.99,0.48,9.5,4,1
7.5,0.32,0.24,4.6,0.053,8.0,134.0,0.9958,3.14,0.5,9.1,3,1
7.7,0.27,0.49,1.8,0.041,23.0,86.0,0.9914,3.16,0.42,12.5,6,0
7.8,0.26,0.74,7.5,0.044,59.0,160.0,0.996,3.22,0.64,10.0,6,0
8.0,0.18,0.49,1.8,0.061,10.0,145.0,0.9942,3.23,0.48,10.0,5,0
8.2,0.22,0.49,9.6,0.037,53.0,154.0,0.9951,3.02,0.33,10.6,6,0
8.3,0.2,0.49,1.7,0.038,38.0,167.0,0.9939,3.05,0.37,10.1,6,0
8.9,0.13,0.49,1.0,0.028,6.0,24.0,0.9926,2.91,0.32,9.9,5,0
6.2,0.43,0.49,6.4,0.045,12.0,115.0,0.9963,3.27,0.57,9.0,4,1
7.0,0.27,0.74,1.5,0.036,27.0,122.0,0.9926,3.35,0.48,11.2,6,0
6.3,0.24,0.74,1.4,0.172,24.0,108.0,0.9932,3.27,0.39,9.9,6,0
7.5,0.32,0.49,1.7,0.031,44.0,109.0,0.9906,3.07,0.46,12.5,6,0
8.2,0.26,0.49,5.2,0.04,19.0,100.0,0.9941,3.12,0.34,10.1,6,0
6.4,0.26,0.49,6.4,0.037,37.0,161.0,0.9954,3.38,0.53,9.7,6,0
7.1,0.28,0.49,6.5,0.041,28.0,111.0,0.9926,3.41,0.58,12.2,8,0
7.5,0.24,0.49,9.4,0.048,50.0,149.0,0.9962,3.17,0.59,10.5,7,0
6.9,0.26,0.49,1.6,0.058,39.0,166.0,0.9965,3.65,0.52,9.4,4,1
7.6,0.31,0.49,3.95,0.044,27.0,131.0,0.9912,3.08,0.67,12.8,7,0
8.2,0.29,0.49,1.0,0.044,29.0,118.0,0.9928,3.24,0.36,10.9,4,1
7.9,0.33,0.28,31.6,0.053,35.0,176.0,1.0103,3.15,0.38,8.8,6,0
6.6,0.26,0.31,4.8,0.138,41.0,168.0,0.9951,3.2,0.38,9.3,5,0
6.9,0.18,0.3,2.0,0.038,39.0,190.0,0.9914,3.32,0.37,12.2,6,0
8.0,0.32,0.36,4.6,0.042,56.0,178.0,0.9928,3.29,0.47,12.0,6,0
8.3,0.3,0.36,10.0,0.042,33.0,169.0,0.9982,3.23,0.51,9.3,6,0
7.4,0.18,0.3,10.4,0.045,44.0,174.0,0.9966,3.11,0.57,9.7,6,0
6.7,0.27,0.25,8.0,0.053,54.0,202.0,0.9961,3.22,0.43,9.3,5,0
6.7,0.24,0.29,6.8,0.038,54.0,127.0,0.9932,3.33,0.46,11.6,7,0
8.5,0.21,0.26,9.25,0.034,73.0,142.0,0.9945,3.05,0.37,11.4,6,0
8.2,0.36,0.29,7.6,0.035,37.0,122.0,0.9939,3.16,0.34,12.0,5,0
7.6,0.3,0.22,10.2,0.049,57.0,191.0,0.9966,3.08,0.4,9.3,6,0
8.8,0.2,0.43,15.0,0.053,60.0,184.0,1.0008,3.28,0.79,8.8,6,0
6.8,0.3,0.35,2.8,0.038,10.0,164.0,0.9912,3.09,0.53,12.0,6,0
6.5,0.32,0.12,11.5,0.033,35.0,165.0,0.9974,3.22,0.32,9.0,5,0
6.4,0.21,0.3,5.6,0.044,43.0,160.0,0.9949,3.6,0.41,10.6,6,0
8.3,0.28,0.45,7.8,0.059,32.0,139.0,0.9972,3.33,0.77,11.2,6,0
8.9,0.34,0.34,1.6,0.056,13.0,176.0,0.9946,3.14,0.47,9.7,5,0
7.6,0.36,0.44,8.3,0.255,28.0,142.0,0.9958,3.12,0.43,10.2,6,0
7.6,0.27,0.25,13.9,0.05,45.0,199.0,0.9984,3.34,0.5,9.8,6,0
6.3,0.19,0.21,1.8,0.049,35.0,163.0,0.9924,3.31,0.5,10.3,6,0
7.0,0.53,0.02,1.0,0.036,39.0,107.0,0.993,3.2,0.32,9.0,5,0
7.9,0.26,0.33,10.3,0.039,73.0,212.0,0.9969,2.93,0.49,9.5,6,0
7.0,0.27,0.32,6.8,0.047,47.0,193.0,0.9938,3.23,0.39,11.4,6,0
8.5,0.17,0.31,1.0,0.024,13.0,91.0,0.993,2.79,0.37,10.1,5,0
9.5,0.21,0.47,1.3,0.039,21.0,123.0,0.9959,2.9,0.64,9.5,5,0
8.0,0.23,0.35,9.2,0.044,53.0,186.0,0.997,3.09,0.56,9.5,7,0
6.3,0.41,0.3,3.2,0.03,49.0,164.0,0.9927,3.53,0.79,11.7,7,0
8.3,0.49,0.43,2.5,0.036,32.0,116.0,0.9944,3.23,0.47,10.7,6,0
7.5,0.26,0.26,18.35,0.084,33.0,139.0,1.0011,3.17,0.39,8.8,5,0
7.5,0.38,0.5,12.8,0.042,57.0,184.0,0.9984,3.09,0.46,9.0,6,0
7.0,0.12,0.28,6.3,0.057,17.0,103.0,0.9957,3.5,0.44,9.6,5,0
8.4,0.2,0.38,11.8,0.055,51.0,170.0,1.0004,3.34,0.82,8.9,6,0
6.7,0.31,0.08,1.3,0.038,58.0,147.0,0.9922,3.18,0.46,10.0,5,0
7.4,0.3,0.22,5.25,0.053,33.0,180.0,0.9926,3.13,0.45,11.6,6,0
7.2,0.23,0.33,12.7,0.049,50.0,183.0,0.9987,3.41,0.4,9.8,5,0
6.8,0.34,0.44,6.6,0.052,28.0,156.0,0.9955,3.14,0.41,9.6,5,0
6.6,0.22,0.28,4.9,0.042,51.0,180.0,0.9952,3.3,0.75,9.5,6,0
5.7,0.32,0.18,1.4,0.029,26.0,104.0,0.9906,3.44,0.37,11.0,6,0
7.6,0.18,0.36,2.4,0.049,38.0,123.0,0.996,3.6,0.46,10.3,5,0
8.2,0.17,0.32,1.5,0.05,17.0,101.0,0.994,3.14,0.58,9.5,5,0
6.7,0.24,0.33,12.3,0.046,31.0,145.0,0.9983,3.36,0.4,9.5,5,0
6.8,0.25,0.27,10.7,0.076,47.0,154.0,0.9967,3.05,0.38,9.0,5,0
6.5,0.43,0.28,12.0,0.056,23.0,174.0,0.9986,3.31,0.55,9.3,5,0
8.2,0.21,0.32,10.65,0.053,53.0,145.0,0.9972,3.17,0.48,10.2,6,0
7.1,0.33,0.64,13.2,0.056,12.0,105.0,0.9972,3.05,0.39,9.2,5,0
8.4,0.22,0.28,18.8,0.028,55.0,130.0,0.998,2.96,0.35,11.6,5,0
7.0,0.35,0.31,1.8,0.069,15.0,162.0,0.9944,3.18,0.47,9.4,5,0
8.0,0.36,0.43,10.1,0.053,29.0,146.0,0.9982,3.4,0.46,9.5,6,0
7.6,0.27,0.33,2.0,0.059,19.0,175.0,0.9944,3.22,0.56,9.9,5,0
8.1,0.25,0.38,3.8,0.051,18.0,129.0,0.9928,3.21,0.38,11.5,6,0
6.1,0.15,0.29,6.2,0.046,39.0,151.0,0.99471,3.6,0.44,10.6,6,0
6.4,0.34,0.2,14.9,0.06,37.0,162.0,0.9983,3.13,0.45,9.0,4,1
7.1,0.14,0.35,1.4,0.039,24.0,128.0,0.99212,2.97,0.68,10.4,5,0
8.5,0.25,0.31,2.8,0.032,11.0,61.0,0.99189,3.06,0.44,11.5,6,0
6.2,0.25,0.28,8.5,0.035,28.0,108.0,0.99486,3.4,0.42,10.4,6,0
6.6,0.41,0.24,4.9,0.158,47.0,144.0,0.99471,3.17,0.49,9.4,5,0
8.1,0.28,0.34,1.3,0.035,11.0,126.0,0.99232,3.14,0.5,9.8,6,0
7.4,0.2,0.31,1.6,0.038,34.0,116.0,0.9912,3.25,0.39,12.0,7,0
8.0,0.2,0.3,8.1,0.037,42.0,130.0,0.99379,3.1,0.67,11.8,6,0
6.9,0.3,0.21,7.2,0.045,54.0,190.0,0.99595,3.22,0.48,9.4,5,0
8.3,0.27,0.34,10.2,0.048,50.0,118.0,0.99716,3.18,0.51,10.3,5,0
6.5,0.28,0.35,9.8,0.067,61.0,180.0,0.9972,3.15,0.57,9.0,4,1
7.7,0.29,0.29,4.8,0.06,27.0,156.0,0.99572,3.49,0.59,10.3,6,0
6.6,0.32,0.24,1.3,0.06,42.5,204.0,0.99512,3.59,0.51,9.2,5,0
6.5,0.19,0.27,4.9,0.037,13.0,101.0,0.9916,3.17,0.41,11.8,6,0
9.2,0.19,0.42,2.0,0.047,16.0,104.0,0.99517,3.09,0.66,10.0,4,1
6.4,0.27,0.17,8.4,0.044,60.0,198.0,0.99578,3.21,0.47,9.4,5,0
8.0,0.26,0.28,4.8,0.05,34.0,150.0,0.99437,3.13,0.5,10.0,6,0
7.8,0.32,0.33,10.4,0.031,47.0,194.0,0.99692,3.07,0.58,9.6,6,0
6.6,0.33,0.24,16.05,0.045,31.0,147.0,0.99822,3.08,0.52,9.2,5,0
6.0,0.29,0.21,15.55,0.043,20.0,142.0,0.99658,3.11,0.54,10.1,6,0
6.1,0.27,0.31,1.5,0.035,17.0,83.0,0.99076,3.32,0.44,11.1,7,0
7.9,0.27,0.27,1.7,0.034,25.0,122.0,0.99088,2.97,0.51,11.9,6,0
6.5,0.18,0.33,1.4,0.029,35.0,138.0,0.99114,3.36,0.6,11.5,7,0
6.7,0.54,0.27,7.1,0.049,8.0,178.0,0.99502,3.16,0.38,9.4,4,1
6.4,0.22,0.3,11.2,0.046,53.0,149.0,0.99479,3.21,0.34,10.8,5,0
9.0,0.26,0.34,6.7,0.029,21.0,162.0,0.99497,3.08,0.5,10.6,6,0
6.4,0.15,0.44,1.2,0.043,67.0,150.0,0.9907,3.14,0.73,11.2,7,0
5.7,0.255,0.65,1.2,0.079,17.0,137.0,0.99307,3.2,0.42,9.4,5,0
6.9,0.28,0.22,10.0,0.052,36.0,131.0,0.99696,3.08,0.46,9.6,5,0
6.8,0.26,0.24,1.9,0.043,70.0,154.0,0.99273,3.18,0.52,10.5,5,0
6.4,0.28,0.56,1.7,0.156,49.0,106.0,0.99354,3.1,0.37,9.2,6,0
6.8,0.18,0.3,12.8,0.062,19.0,171.0,0.99808,3.0,0.52,9.0,7,0
6.7,0.34,0.3,8.5,0.059,24.0,152.0,0.99615,3.46,0.64,11.0,7,0
7.8,0.28,0.31,2.1,0.046,28.0,208.0,0.99434,3.23,0.64,9.8,5,0
6.9,0.32,0.27,16.0,0.034,58.0,185.0,0.99938,3.34,0.6,9.0,6,0
6.7,0.3,0.29,2.8,0.025,37.0,107.0,0.99159,3.31,0.63,11.3,7,0
7.1,0.2,0.3,0.9,0.019,4.0,28.0,0.98931,3.2,0.36,12.0,6,0
8.2,0.32,0.26,2.1,0.062,26.0,87.0,0.98974,3.1,0.47,12.8,6,0
7.6,0.23,0.4,5.2,0.066,14.0,91.0,0.99488,3.17,0.8,9.7,5,0
5.9,0.3,0.3,2.0,0.03,38.0,142.0,0.98892,3.41,0.41,12.9,7,0
6.9,0.3,0.25,3.3,0.041,26.0,124.0,0.99428,3.18,0.5,9.3,6,0
6.2,0.28,0.27,10.3,0.03,26.0,108.0,0.99388,3.2,0.36,10.7,6,0
6.7,0.26,0.39,6.4,0.171,64.0,200.0,0.99562,3.19,0.38,9.4,6,0
6.8,0.23,0.42,7.4,0.044,56.0,189.0,0.9958,3.22,0.48,9.3,6,0
6.8,0.24,0.37,7.45,0.043,59.0,188.0,0.99579,3.2,0.5,9.4,6,0
8.2,0.37,0.64,13.9,0.043,22.0,171.0,0.99873,2.99,0.8,9.3,5,0
7.5,0.18,0.31,6.5,0.029,53.0,160.0,0.99276,3.03,0.38,10.9,6,0
6.5,0.17,0.31,1.5,0.041,34.0,121.0,0.99092,3.06,0.46,10.5,6,0
5.9,0.17,0.28,0.7,0.027,5.0,28.0,0.98985,3.13,0.32,10.6,5,0
7.9,0.16,0.3,7.4,0.05,58.0,152.0,0.99612,3.12,0.37,9.5,6,0
7.3,0.32,0.35,1.4,0.05,8.0,163.0,0.99244,3.24,0.42,10.7,5,0
7.1,0.2,0.31,6.85,0.053,32.0,211.0,0.99587,3.31,0.59,10.4,6,0
6.8,0.26,0.44,8.2,0.046,52.0,183.0,0.99584,3.2,0.51,9.4,5,0
6.7,0.16,0.37,1.3,0.036,45.0,125.0,0.98964,3.19,0.51,12.4,7,0
6.4,0.22,0.32,7.2,0.028,15.0,83.0,0.993,3.13,0.55,10.9,8,0
7.3,0.2,0.26,1.6,0.04,36.0,123.0,0.99238,3.34,0.44,10.8,6,0
5.8,0.32,0.31,2.7,0.049,25.0,153.0,0.99067,3.44,0.73,12.2,7,0
7.4,0.3,0.32,1.7,0.03,23.0,128.0,0.9929,3.17,0.66,10.9,5,0
7.2,0.26,0.4,6.3,0.047,52.0,172.0,0.99573,3.18,0.53,9.5,6,0
6.7,0.24,0.29,14.9,0.053,55.0,136.0,0.99839,3.03,0.52,9.0,5,0
6.6,0.41,0.31,1.6,0.042,18.0,101.0,0.99195,3.13,0.41,10.5,5,0
6.2,0.21,0.26,13.1,0.05,59.0,150.0,0.99772,3.31,0.46,9.0,5,0
6.2,0.36,0.14,8.9,0.036,38.0,155.0,0.99622,3.27,0.5,9.4,5,0
6.4,0.16,0.32,8.75,0.038,38.0,118.0,0.99449,3.19,0.41,10.7,5,0
6.9,0.22,0.31,6.3,0.029,41.0,131.0,0.99326,3.08,0.49,10.8,6,0
7.7,0.25,0.3,7.8,0.038,67.0,196.0,0.99555,3.1,0.5,10.1,5,0
5.1,0.29,0.28,8.3,0.026,27.0,107.0,0.99308,3.36,0.37,11.0,6,0
6.0,0.28,0.25,1.8,0.042,8.0,108.0,0.9929,3.08,0.55,9.0,5,0
6.4,0.29,0.3,2.9,0.036,25.0,79.0,0.99037,3.29,0.6,12.4,7,0
7.5,0.38,0.29,4.9,0.021,38.0,113.0,0.99026,3.08,0.48,13.0,7,0
6.7,0.2,0.3,1.4,0.025,17.0,76.0,0.99104,3.11,0.44,11.0,6,0
6.3,0.37,0.28,6.3,0.034,45.0,152.0,0.9921,3.29,0.46,11.6,7,0
6.3,0.18,0.36,1.2,0.034,26.0,111.0,0.99074,3.16,0.51,11.0,6,0
7.0,0.45,0.34,19.8,0.04,12.0,67.0,0.9976,3.07,0.38,11.0,6,0
6.2,0.25,0.54,7.0,0.046,58.0,176.0,0.99454,3.19,0.7,10.4,5,0
6.8,0.28,0.43,7.6,0.03,30.0,110.0,0.99164,3.08,0.59,12.5,8,0
7.5,0.25,0.47,4.1,0.041,95.0,163.0,0.99184,2.92,0.59,11.3,6,0
6.3,0.28,0.3,3.1,0.039,24.0,115.0,0.9942,3.05,0.43,8.6,5,0
6.2,0.25,0.54,7.0,0.046,58.0,176.0,0.99454,3.19,0.7,10.4,5,0
7.6,0.27,0.52,3.2,0.043,28.0,152.0,0.99129,3.02,0.53,11.4,6,0
5.1,0.33,0.27,6.7,0.022,44.0,129.0,0.99221,3.36,0.39,11.0,7,0
6.7,0.14,0.51,4.3,0.028,57.0,124.0,0.99176,2.91,0.54,10.7,7,0
6.1,0.21,0.38,1.5,0.039,37.0,122.0,0.98972,3.2,0.43,12.0,6,0
5.9,0.33,0.32,8.1,0.038,9.0,34.0,0.9911,3.22,0.36,12.7,7,0
6.8,0.39,0.34,7.4,0.02,38.0,133.0,0.99212,3.18,0.44,12.0,7,0
7.1,0.36,0.37,4.8,0.019,39.0,114.0,0.99036,3.08,0.49,12.7,7,0
8.5,0.2,0.4,1.1,0.046,31.0,106.0,0.99194,3.0,0.35,10.5,4,1
5.5,0.12,0.33,1.0,0.038,23.0,131.0,0.99164,3.25,0.45,9.8,5,0
6.5,0.24,0.38,1.0,0.027,31.0,90.0,0.98926,3.24,0.36,12.3,6,0
6.5,0.21,0.4,7.3,0.041,49.0,115.0,0.99268,3.21,0.43,11.0,6,0
7.9,0.34,0.44,6.5,0.027,47.0,126.0,0.99124,2.96,0.37,12.5,6,0
6.4,0.22,0.38,9.1,0.044,35.0,127.0,0.99326,2.97,0.3,11.0,7,0
5.2,0.31,0.36,5.1,0.031,46.0,145.0,0.9897,3.14,0.31,12.4,7,0
6.8,0.27,0.37,8.2,0.055,52.0,192.0,0.99586,3.11,0.52,9.5,6,0
6.8,0.21,0.37,7.0,0.038,27.0,107.0,0.99206,2.98,0.82,11.5,6,0
6.4,0.25,0.37,4.5,0.039,41.0,147.0,0.9921,3.18,0.4,11.1,7,0
7.1,0.26,0.37,5.5,0.025,31.0,105.0,0.99082,3.06,0.33,12.6,8,0
7.4,0.19,0.31,14.5,0.045,39.0,193.0,0.9986,3.1,0.5,9.2,6,0
7.4,0.19,0.31,14.5,0.045,39.0,193.0,0.9986,3.1,0.5,9.2,6,0
6.6,0.38,0.36,9.2,0.061,42.0,214.0,0.9976,3.31,0.56,9.4,5,0
6.5,0.32,0.34,5.7,0.044,27.0,91.0,0.99184,3.28,0.6,12.0,7,0
7.5,0.22,0.32,2.4,0.045,29.0,100.0,0.99135,3.08,0.6,11.3,7,0
6.6,0.2,0.14,4.4,0.184,35.0,168.0,0.99396,2.93,0.45,9.4,6,0
6.6,0.28,0.42,8.2,0.044,60.0,196.0,0.99562,3.14,0.48,9.4,5,0
6.3,0.22,0.34,5.0,0.032,36.0,93.0,0.99012,3.27,0.36,13.5,7,0
6.7,0.46,0.27,5.2,0.039,35.0,96.0,0.99129,3.16,0.44,12.4,7,0
5.8,0.18,0.37,1.2,0.036,19.0,74.0,0.98853,3.09,0.49,12.7,7,0
5.6,0.32,0.32,8.3,0.043,32.0,105.0,0.99266,3.24,0.47,11.2,6,0
6.7,0.23,0.33,8.1,0.048,45.0,176.0,0.99472,3.11,0.52,10.1,6,0
6.9,0.36,0.28,13.55,0.048,51.0,189.0,0.99782,3.0,0.6,9.5,7,0
6.0,0.22,0.28,1.1,0.034,47.0,90.0,0.98862,3.22,0.38,12.6,6,0
6.7,0.36,0.28,8.3,0.034,29.0,81.0,0.99151,2.96,0.39,12.5,6,0
6.7,0.36,0.28,8.3,0.034,29.0,81.0,0.99151,2.96,0.39,12.5,6,0
6.2,0.3,0.21,1.1,0.032,31.0,111.0,0.9889,2.97,0.42,12.2,6,0
6.0,0.29,0.25,1.4,0.033,30.0,114.0,0.98794,3.08,0.43,13.2,6,0
6.2,0.3,0.21,1.1,0.032,31.0,111.0,0.9889,2.97,0.42,12.2,6,0
6.1,0.28,0.27,4.7,0.03,56.0,140.0,0.99042,3.16,0.42,12.5,8,0
8.8,0.39,0.35,1.8,0.096,22.0,80.0,0.99016,2.95,0.54,12.6,6,0
6.0,0.14,0.17,5.6,0.036,37.0,127.0,0.99373,3.05,0.57,9.8,6,0
7.2,0.37,0.4,11.6,0.032,34.0,214.0,0.9963,3.1,0.51,9.8,6,0
6.8,0.17,0.32,1.4,0.04,35.0,106.0,0.99026,3.16,0.66,12.0,5,0
6.6,0.21,0.29,5.35,0.029,43.0,106.0,0.99112,2.93,0.43,11.5,7,0
6.8,0.19,0.4,9.85,0.055,41.0,103.0,0.99532,2.98,0.56,10.5,6,0
6.2,0.3,0.31,1.6,0.035,40.0,106.0,0.98914,3.26,0.39,12.9,7,0
6.2,0.36,0.45,10.4,0.06,22.0,184.0,0.99711,3.31,0.56,9.8,6,0
6.5,0.3,0.27,4.0,0.038,37.0,97.0,0.99026,3.2,0.6,12.6,8,0
7.8,0.2,0.2,1.4,0.036,25.0,83.0,0.99088,3.03,0.46,11.7,6,0
6.7,0.24,0.36,8.4,0.042,42.0,123.0,0.99473,3.34,0.52,10.9,6,0
6.7,0.24,0.36,8.4,0.042,42.0,123.0,0.99473,3.34,0.52,10.9,6,0
6.7,0.29,0.45,14.3,0.054,30.0,181.0,0.99869,3.14,0.57,9.1,5,0
7.5,0.33,0.28,4.9,0.042,21.0,155.0,0.99385,3.36,0.57,10.9,6,0
6.6,0.29,0.29,1.8,0.036,38.0,102.0,0.98819,3.08,0.42,13.7,7,0
7.5,0.2,0.41,1.2,0.05,26.0,131.0,0.99133,3.19,0.52,11.1,5,0
6.9,0.33,0.62,7.5,0.038,46.0,132.0,0.99143,3.23,0.43,13.4,7,0
6.0,0.23,0.15,9.7,0.048,101.0,207.0,0.99571,3.05,0.3,9.1,5,0
6.4,0.28,0.44,7.1,0.048,49.0,179.0,0.99528,3.15,0.48,9.2,5,0
7.2,0.24,0.28,1.9,0.032,30.0,92.0,0.9914,3.1,0.39,10.9,6,0
6.6,0.23,0.37,8.5,0.036,46.0,153.0,0.99576,3.2,0.48,9.4,6,0
6.2,0.47,0.19,8.3,0.029,24.0,142.0,0.992,3.22,0.45,12.3,6,0
5.8,0.14,0.15,6.1,0.042,27.0,123.0,0.99362,3.06,0.6,9.9,6,0
7.6,0.37,0.34,3.2,0.028,42.0,162.0,0.9903,3.01,0.33,12.4,6,0
7.0,0.48,0.12,4.5,0.05,23.0,86.0,0.99398,2.86,0.35,9.0,5,0
6.6,0.64,0.28,4.4,0.032,19.0,78.0,0.99036,3.11,0.62,12.9,6,0
6.9,0.26,0.27,4.2,0.031,20.0,80.0,0.99089,3.12,0.39,11.5,6,0
6.8,0.19,0.71,17.5,0.042,21.0,114.0,0.99784,2.85,0.5,9.5,6,0
6.4,0.28,0.36,1.3,0.053,28.0,186.0,0.99211,3.31,0.45,10.8,5,0
7.0,0.16,0.25,14.3,0.044,27.0,149.0,0.998,2.91,0.46,9.2,6,0
7.0,0.16,0.25,14.3,0.044,27.0,149.0,0.998,2.91,0.46,9.2,6,0
7.7,0.32,0.61,11.8,0.041,66.0,188.0,0.99794,3.0,0.54,9.3,5,0
6.3,0.2,0.26,4.7,0.04,108.0,168.0,0.99278,3.07,0.75,10.7,7,0
6.7,0.13,0.32,3.7,0.017,32.0,99.0,0.99348,3.12,0.44,10.0,6,0
6.2,0.21,0.18,11.6,0.044,61.0,155.0,0.99655,3.14,0.52,9.4,6,0
7.1,0.21,0.35,2.5,0.04,41.0,186.0,0.99128,3.32,0.56,12.5,6,0
7.2,0.23,0.25,18.8,0.085,19.0,111.0,1.00044,3.1,0.51,8.7,5,0
7.0,0.3,0.27,1.5,0.076,24.0,145.0,0.99344,3.1,0.52,10.1,5,0
6.5,0.35,0.38,7.4,0.036,20.0,196.0,0.99712,3.47,0.48,9.1,6,0
6.6,0.26,0.22,18.15,0.05,23.0,139.0,0.99904,3.06,0.5,9.2,5,0
6.6,0.3,0.45,8.0,0.038,54.0,200.0,0.9956,3.18,0.48,9.5,5,0
7.7,0.3,0.23,2.0,0.068,28.0,138.0,0.99382,3.11,0.62,9.8,5,0
7.5,0.28,0.41,1.3,0.044,11.0,126.0,0.99293,3.28,0.45,10.3,5,0
6.2,0.24,0.25,12.5,0.055,47.0,134.0,0.99758,3.3,0.51,9.0,5,0
6.5,0.26,0.34,1.4,0.04,25.0,184.0,0.99216,3.29,0.46,10.7,5,0
6.9,0.4,0.17,12.9,0.033,59.0,186.0,0.99754,3.08,0.49,9.4,5,0
7.4,0.27,0.31,2.4,0.014,15.0,143.0,0.99094,3.03,0.65,12.0,4,1
6.9,0.33,0.31,7.7,0.04,29.0,135.0,0.99226,3.11,0.57,12.3,5,0
6.5,0.26,0.5,8.0,0.051,46.0,197.0,0.99536,3.18,0.47,9.5,5,0
7.0,0.39,0.21,10.7,0.098,13.0,91.0,0.99657,3.03,0.47,9.3,5,0
8.1,0.2,0.3,1.3,0.036,7.0,49.0,0.99242,2.99,0.73,10.3,5,0
6.9,0.21,0.62,6.3,0.042,7.0,109.0,0.99358,2.96,0.59,10.2,6,0
5.1,0.35,0.26,6.8,0.034,36.0,120.0,0.99188,3.38,0.4,11.5,6,0
7.3,0.24,0.3,2.5,0.042,31.0,104.0,0.9911,3.05,0.56,11.3,7,0
8.0,0.27,0.33,1.2,0.05,41.0,103.0,0.99002,3.0,0.45,12.4,6,0
6.5,0.41,0.22,4.8,0.052,49.0,142.0,0.9946,3.14,0.62,9.2,5,0
6.7,0.37,0.25,2.5,0.028,24.0,84.0,0.9909,3.14,0.36,11.7,6,0
6.4,0.32,0.23,16.2,0.055,36.0,176.0,0.9986,3.26,0.54,9.1,5,0
6.7,0.24,0.32,9.0,0.023,20.0,109.0,0.99262,3.34,0.35,12.6,6,0
5.9,0.17,0.29,3.1,0.03,32.0,123.0,0.98913,3.41,0.33,13.7,7,0
6.5,0.27,0.19,6.6,0.045,98.0,175.0,0.99364,3.16,0.34,10.1,6,0
7.3,0.25,0.26,7.2,0.048,52.0,207.0,0.99587,3.12,0.37,9.2,5,0
6.0,0.28,0.24,17.8,0.047,42.0,111.0,0.99896,3.1,0.45,8.9,6,0
7.2,0.24,0.36,2.0,0.029,21.0,63.0,0.99076,3.13,0.63,12.5,6,0
6.0,0.28,0.24,17.8,0.047,42.0,111.0,0.99896,3.1,0.45,8.9,6,0
7.0,0.25,0.33,2.1,0.021,17.0,76.0,0.99021,3.26,0.45,12.3,6,0
6.5,0.33,0.3,3.8,0.036,34.0,88.0,0.99028,3.25,0.63,12.5,7,0
6.7,0.31,0.3,2.4,0.038,30.0,83.0,0.98867,3.09,0.36,12.8,7,0
8.6,0.31,0.3,0.9,0.045,16.0,109.0,0.99249,2.95,0.39,10.1,5,0
6.2,0.3,0.28,1.6,0.036,28.0,106.0,0.988245,3.14,0.41,13.3,6,0
5.7,0.14,0.3,5.4,0.045,26.0,105.0,0.99469,3.32,0.45,9.3,5,0
5.6,0.185,0.19,7.1,0.048,36.0,110.0,0.99438,3.26,0.41,9.5,6,0
7.0,0.32,0.29,7.6,0.025,35.0,124.0,0.99162,3.15,0.65,12.8,7,0
6.9,0.27,0.25,7.5,0.03,18.0,117.0,0.99116,3.09,0.38,13.0,6,0
6.5,0.29,0.52,1.7,0.034,41.0,193.0,0.99223,3.25,0.59,10.4,6,0
6.9,0.2,0.41,1.1,0.06,36.0,104.0,0.99317,2.99,0.39,9.2,5,0
6.7,0.28,0.34,8.9,0.048,32.0,111.0,0.99455,3.25,0.54,11.0,7,0
6.5,0.18,0.48,18.0,0.054,56.0,183.0,1.00038,2.98,0.61,8.5,6,0
6.0,0.28,0.27,4.1,0.046,50.0,147.0,0.99126,3.27,0.56,11.6,6,0
6.2,0.32,0.45,2.9,0.029,37.0,94.0,0.98998,3.25,0.6,12.4,6,0
6.4,0.26,0.26,1.1,0.052,22.0,176.0,0.99304,3.09,0.54,9.3,5,0
6.4,0.29,0.57,1.0,0.06,15.0,120.0,0.9924,3.06,0.41,9.5,5,0
6.8,0.3,0.27,11.6,0.028,22.0,97.0,0.99314,2.96,0.38,11.7,6,0
5.7,0.25,0.21,1.5,0.044,21.0,108.0,0.99142,3.3,0.59,11.0,6,0
6.4,0.5,0.2,2.4,0.059,19.0,112.0,0.99314,3.18,0.4,9.2,6,0
6.0,0.2,0.25,2.0,0.041,30.0,95.0,0.99078,3.27,0.56,11.1,6,0
6.2,0.35,0.2,18.1,0.069,33.0,158.0,0.99908,3.15,0.5,8.8,6,0
6.5,0.43,0.31,3.6,0.046,19.0,143.0,0.99022,3.15,0.34,12.0,8,0
6.6,0.33,0.32,15.6,0.054,62.0,227.0,0.99734,3.25,0.56,10.4,5,0
6.8,0.27,0.28,7.8,0.038,26.0,89.0,0.9915,3.24,0.34,12.5,6,0
5.9,0.65,0.23,5.0,0.035,20.0,128.0,0.99016,3.46,0.48,12.8,6,0
5.9,0.27,0.27,9.0,0.051,43.0,136.0,0.9941,3.25,0.53,10.7,6,0
7.4,0.16,0.3,13.7,0.056,33.0,168.0,0.99825,2.9,0.44,8.7,7,0
5.8,0.23,0.31,3.5,0.044,35.0,158.0,0.98998,3.19,0.37,12.1,7,0
7.5,0.38,0.56,9.7,0.055,15.0,170.0,0.99605,3.13,0.65,9.9,6,0
6.0,0.19,0.29,1.2,0.046,29.0,92.0,0.99033,3.22,0.53,11.3,6,0
5.7,0.26,0.24,17.8,0.059,23.0,124.0,0.99773,3.3,0.5,10.1,5,0
6.0,0.2,0.26,6.8,0.049,22.0,93.0,0.9928,3.15,0.42,11.0,6,0
6.3,0.28,0.3,6.6,0.208,60.0,154.0,0.99478,3.1,0.4,9.4,6,0
6.4,0.27,0.3,1.6,0.04,19.0,86.0,0.99089,3.32,0.65,11.5,6,0
5.9,0.29,0.28,3.2,0.035,16.0,117.0,0.98959,3.26,0.42,12.6,6,0
7.1,0.31,0.25,11.2,0.048,32.0,136.0,0.99663,3.14,0.4,9.5,5,0
6.4,0.29,0.21,9.65,0.041,36.0,119.0,0.99334,2.99,0.34,10.9333333333333,6,0
7.0,0.23,0.28,2.7,0.053,16.0,92.0,0.99372,3.18,0.56,9.3,5,0
6.1,0.26,0.28,1.7,0.043,24.0,98.0,0.98918,3.14,0.44,12.5,6,0
7.4,0.27,0.26,11.8,0.053,55.0,173.0,0.99699,3.11,0.6,9.8,5,0
6.6,0.24,0.22,12.3,0.051,35.0,146.0,0.99676,3.1,0.67,9.4,5,0
7.1,0.38,0.29,13.6,0.041,30.0,137.0,0.99461,3.02,0.96,12.1,6,0
6.3,0.19,0.32,2.8,0.046,18.0,80.0,0.99043,2.92,0.47,11.05,6,0
6.6,0.22,0.23,17.3,0.047,37.0,118.0,0.99906,3.08,0.46,8.8,6,0
6.9,0.44,0.27,5.0,0.038,33.0,166.0,0.99124,3.2,0.42,12.2,6,0
6.7,0.34,0.31,16.4,0.051,20.0,146.0,0.99834,3.06,0.54,9.1,5,0
5.0,0.35,0.25,7.8,0.031,24.0,116.0,0.99241,3.39,0.4,11.3,6,0
6.6,0.35,0.26,2.7,0.045,19.0,129.0,0.98952,3.24,0.48,13.0,7,0
5.9,0.22,0.18,6.4,0.041,28.0,120.0,0.99403,3.27,0.5,9.9,5,0
4.7,0.145,0.29,1.0,0.042,35.0,90.0,0.9908,3.76,0.49,11.3,6,0
7.1,0.36,0.2,1.6,0.271,24.0,140.0,0.99356,3.11,0.63,9.8,5,0
6.8,0.23,0.39,16.1,0.053,71.0,194.0,0.9988,3.18,0.64,10.2,6,0
7.8,0.27,0.33,2.4,0.053,36.0,175.0,0.992,3.2,0.55,11.0,6,0
6.4,0.28,0.23,6.0,0.051,50.0,162.0,0.994,3.15,0.52,10.2,5,0
5.8,0.26,0.3,2.6,0.034,75.0,129.0,0.9902,3.2,0.38,11.5,4,1
6.8,0.33,0.3,2.1,0.047,35.0,147.0,0.9886,3.24,0.56,13.4,6,0
5.8,0.31,0.31,7.5,0.052,55.0,230.0,0.9949,3.19,0.46,9.8,5,0
6.4,0.24,0.27,1.5,0.04,35.0,105.0,0.98914,3.13,0.3,12.4,6,0
7.3,0.28,0.54,12.9,0.049,62.0,152.0,0.9984,3.06,0.45,9.1,6,0
5.8,0.28,0.3,3.9,0.026,36.0,105.0,0.98963,3.26,0.58,12.75,6,0
6.3,0.25,0.53,1.8,0.021,41.0,101.0,0.989315,3.19,0.31,13.0,6,0
5.9,0.21,0.23,7.9,0.033,22.0,130.0,0.9944,3.38,0.59,10.9,6,0
4.8,0.13,0.32,1.2,0.042,40.0,98.0,0.9898,3.42,0.64,11.8,7,0
6.0,0.2,0.26,14.7,0.045,53.0,125.0,0.998365,2.99,0.69,9.4,6,0
7.3,0.28,0.37,1.2,0.039,26.0,99.0,0.99198,3.01,0.62,10.8,5,0
5.2,0.5,0.18,2.0,0.036,23.0,129.0,0.98949,3.36,0.77,13.4,7,0
5.6,0.24,0.34,2.0,0.041,14.0,73.0,0.98981,3.04,0.45,11.6,7,0
6.8,0.29,0.22,3.4,0.035,40.0,122.0,0.99024,3.09,0.47,12.3,6,0
5.8,0.26,0.29,1.0,0.042,35.0,101.0,0.99044,3.36,0.48,11.4,7,0
5.6,0.695,0.06,6.8,0.042,9.0,84.0,0.99432,3.44,0.44,10.2,5,0
6.7,0.16,0.32,12.5,0.035,18.0,156.0,0.99666,2.88,0.36,9.0,6,0
6.9,0.19,0.31,19.25,0.043,38.0,167.0,0.99954,2.93,0.52,9.1,7,0
6.7,0.35,0.32,9.0,0.032,29.0,113.0,0.99188,3.13,0.65,12.9,7,0
6.1,0.22,0.4,1.85,0.031,25.0,111.0,0.98966,3.03,0.3,11.8,7,0
6.7,0.15,0.32,7.9,0.034,17.0,81.0,0.99512,3.29,0.31,10.0,6,0
7.9,0.3,0.6,1.85,0.048,13.0,106.0,0.99331,3.24,0.49,11.85,5,0
5.5,0.16,0.31,1.2,0.026,31.0,68.0,0.9898,3.33,0.44,11.6333333333333,6,0
6.1,0.27,0.31,3.9,0.034,42.0,137.0,0.99218,3.24,0.46,10.9,6,0
6.0,0.14,0.37,1.2,0.032,63.0,148.0,0.99185,3.32,0.44,11.2,5,0
5.0,0.24,0.19,5.0,0.043,17.0,101.0,0.99438,3.67,0.57,10.0,5,0
6.1,0.34,0.24,18.35,0.05,33.0,184.0,0.99943,3.12,0.61,9.3,5,0
6.2,0.35,0.25,18.4,0.051,28.0,182.0,0.99946,3.13,0.62,9.3,6,0
7.3,0.36,0.62,7.1,0.033,48.0,185.0,0.99472,3.14,0.62,10.6,6,0
5.1,0.25,0.36,1.3,0.035,40.0,78.0,0.9891,3.23,0.64,12.1,7,0
6.6,0.29,0.73,2.2,0.027,21.0,92.0,0.99,3.12,0.48,12.4,6,0
5.3,0.4,0.25,3.9,0.031,45.0,130.0,0.99072,3.31,0.58,11.75,7,0
6.8,0.27,0.3,13.0,0.047,69.0,160.0,0.99705,3.16,0.5,9.6,6,0
5.9,0.27,0.32,2.0,0.034,31.0,102.0,0.98952,3.16,0.56,12.3,6,0
6.4,0.105,0.29,1.1,0.035,44.0,140.0,0.99142,3.17,0.55,10.7,7,0
6.0,0.26,0.24,1.3,0.053,66.0,150.0,0.9924,3.21,0.62,10.4,6,0
5.8,0.29,0.27,1.6,0.062,17.0,140.0,0.99138,3.23,0.35,11.1,6,0
5.3,0.275,0.24,7.4,0.038,28.0,114.0,0.99313,3.38,0.51,11.0,6,0
6.2,0.36,0.32,4.0,0.036,44.0,92.0,0.98936,3.2,0.5,13.3,7,0
5.5,0.32,0.13,1.3,0.037,45.0,156.0,0.99184,3.26,0.38,10.7,5,0
6.5,0.23,0.38,1.3,0.032,29.0,112.0,0.99298,3.29,0.54,9.7,5,0
5.5,0.29,0.3,1.1,0.022,20.0,110.0,0.98869,3.34,0.38,12.8,7,0
