7.9,0.18,0.37,1.2,0.04,16.0,75.0,0.992,3.18,0.63,10.8,5,0
6.6,0.16,0.4,1.5,0.044,48.0,143.0,0.9912,3.54,0.52,12.4,7,0
6.8,0.26,0.42,1.7,0.049,41.0,122.0,0.993,3.47,0.48,10.5,8,0
7.0,0.33,0.32,1.2,0.053,38.0,138.0,0.9906,3.13,0.28,11.2,6,0
7.0,0.47,0.07,1.1,0.035,17.0,151.0,0.991,3.02,0.34,10.5,5,0
7.1,0.34,0.2,6.1,0.063,47.0,164.0,0.9946,3.17,0.42,10.0,5,0
6.8,0.25,0.31,13.3,0.05,69.0,202.0,0.9972,3.22,0.48,9.7,6,0
7.1,0.43,0.61,11.8,0.045,54.0,155.0,0.9974,3.11,0.45,8.7,5,0
7.5,0.17,0.32,1.7,0.04,51.0,148.0,0.9916,3.21,0.44,11.5,7,0
6.0,0.34,0.66,15.9,0.046,26.0,164.0,0.9979,3.14,0.5,8.8,6,0
7.2,0.31,0.5,13.3,0.056,68.0,195.0,0.9982,3.01,0.47,9.2,5,0
6.7,0.19,0.36,1.1,0.026,63.0,143.0,0.9912,3.27,0.48,11.0,6,0
7.4,0.39,0.23,7.0,0.033,29.0,126.0,0.994,3.14,0.42,10.5,5,0
6.1,0.3,0.56,2.8,0.044,47.0,179.0,0.9924,3.3,0.57,10.9,7,0
6.8,0.27,0.22,8.1,0.034,55.0,203.0,0.9961,3.19,0.52,8.9,5,0
6.8,0.19,0.36,1.9,0.035,30.0,96.0,0.9917,3.15,0.54,10.8,7,0
6.4,0.22,0.56,14.5,0.055,27.0,159.0,0.998,2.98,0.4,9.1,5,0
6.7,0.24,0.35,13.1,0.05,64.0,205.0,0.997,3.15,0.5,9.5,5,0
6.6,0.28,0.28,8.5,0.052,55.0,211.0,0.9962,3.09,0.55,8.9,6,0
6.8,0.26,0.24,7.8,0.052,54.0,214.0,0.9961,3.13,0.47,8.9,5,0
6.8,0.26,0.24,7.8,0.052,54.0,214.0,0.9961,3.13,0.47,8.9,5,0
7.2,0.23,0.38,14.3,0.058,55.0,194.0,0.9979,3.09,0.44,9.0,6,0
7.7,0.31,0.26,7.8,0.031,23.0,90.0,0.9944,3.13,0.5,10.4,5,0
5.8,0.24,0.44,3.5,0.029,5.0,109.0,0.9913,3.53,0.43,11.7,3,1
6.7,0.26,0.39,1.1,0.04,45.0,147.0,0.9935,3.32,0.58,9.6,8,0
6.3,0.35,0.3,5.7,0.035,8.0,97.0,0.9927,3.27,0.41,11.0,7,0
6.4,0.23,0.39,1.8,0.032,23.0,118.0,0.9912,3.32,0.5,11.8,6,0
6.7,0.2,0.41,9.1,0.044,50.0,166.0,0.9954,3.14,0.58,9.8,6,0
6.7,0.17,0.5,2.1,0.043,27.0,122.0,0.9923,3.15,0.45,10.3,6,0
6.2,0.31,0.26,4.8,0.037,36.0,148.0,0.9928,3.21,0.41,10.4,6,0
6.8,0.28,0.44,9.3,0.031,35.0,137.0,0.9946,3.16,0.36,10.4,6,0
6.3,0.23,0.3,1.8,0.033,16.0,91.0,0.9906,3.28,0.4,11.8,6,0
5.9,0.26,0.4,1.3,0.047,12.0,139.0,0.9945,3.45,0.53,10.4,5,0
7.1,0.145,0.33,4.6,0.05,33.0,131.0,0.9942,3.28,0.4,9.6,6,0
7.1,0.365,0.14,1.2,0.055,24.0,84.0,0.9941,3.15,0.43,8.9,5,0
7.3,0.2,0.44,1.4,0.045,21.0,98.0,0.9924,3.15,0.46,10.0,7,0
5.1,0.33,0.22,1.6,0.027,18.0,89.0,0.9893,3.51,0.38,12.5,7,0
6.5,0.36,0.32,1.1,0.031,13.0,66.0,0.9916,3.1,0.46,10.6,5,0
6.3,0.2,0.4,1.5,0.037,35.0,107.0,0.9917,3.46,0.5,11.4,6,0
7.1,0.27,0.31,18.2,0.046,55.0,252.0,1.0,3.07,0.56,8.7,5,0
7.0,0.21,0.28,8.6,0.045,37.0,221.0,0.9954,3.25,0.54,10.4,6,0
7.0,0.23,0.36,7.1,0.028,31.0,104.0,0.9922,3.35,0.47,12.1,8,0
5.9,0.25,0.19,12.4,0.047,50.0,162.0,0.9973,3.35,0.38,9.5,5,0
7.4,0.28,0.36,1.1,0.028,42.0,105.0,0.9893,2.99,0.39,12.4,7,0
5.9,0.36,0.41,1.3,0.047,45.0,104.0,0.9917,3.33,0.51,10.6,6,0
6.0,0.16,0.37,1.5,0.025,43.0,117.0,0.9928,3.46,0.51,9.7,6,0
6.6,0.34,0.28,1.3,0.035,32.0,90.0,0.9916,3.1,0.42,10.7,6,0
7.4,0.26,0.31,7.6,0.047,52.0,177.0,0.9962,3.13,0.45,8.9,6,0
7.1,0.23,0.39,1.6,0.032,12.0,65.0,0.9898,3.25,0.4,12.7,7,0
5.7,0.44,0.13,7.0,0.025,28.0,173.0,0.9913,3.33,0.48,12.5,6,0
6.8,0.23,0.32,1.6,0.026,43.0,147.0,0.9904,3.29,0.54,12.5,6,0
6.1,0.31,0.26,2.2,0.051,28.0,167.0,0.9926,3.37,0.47,10.4,6,0
5.9,0.13,0.28,1.9,0.05,20.0,78.0,0.9918,3.43,0.64,10.8,6,0
7.2,0.31,0.46,5.0,0.04,3.0,29.0,0.9906,3.04,0.53,12.5,4,1
7.9,0.345,0.51,15.3,0.047,54.0,171.0,0.9987,3.09,0.51,9.1,5,0
9.2,0.25,0.34,1.2,0.026,31.0,93.0,0.9916,2.93,0.37,11.3,7,0
6.1,0.41,0.24,1.6,0.049,16.0,137.0,0.993,3.32,0.5,10.4,6,0
5.9,0.21,0.24,12.1,0.044,53.0,165.0,0.9969,3.25,0.39,9.5,5,0
6.0,0.26,0.5,2.2,0.048,59.0,153.0,0.9928,3.08,0.61,9.8,5,0
6.0,0.38,0.26,6.0,0.034,42.0,134.0,0.9912,3.38,0.38,12.3,7,0
7.1,0.31,0.5,14.5,0.059,6.0,148.0,0.9983,2.94,0.44,9.1,5,0
6.4,0.475,0.06,1.0,0.03,9.0,131.0,0.9904,2.97,0.29,10.8,5,0
5.9,0.27,0.29,11.4,0.036,31.0,115.0,0.9949,3.35,0.48,10.5,8,0
7.5,0.23,0.68,11.0,0.047,37.0,133.0,0.9978,2.99,0.38,8.8,5,0
7.0,0.32,0.24,6.2,0.048,31.0,228.0,0.9957,3.23,0.62,9.4,6,0
6.1,0.17,0.28,4.5,0.033,46.0,150.0,0.9933,3.43,0.49,10.9,6,0
6.2,0.17,0.28,4.7,0.037,39.0,133.0,0.9931,3.41,0.46,10.8,7,0
7.0,0.57,0.1,8.3,0.094,23.0,188.0,0.9972,3.4,0.47,9.2,4,1
5.9,0.29,0.25,12.0,0.057,48.0,224.0,0.9981,3.23,0.41,9.0,6,0
5.7,0.32,0.38,4.75,0.033,23.0,94.0,0.991,3.42,0.42,11.8,7,0
6.7,0.17,0.37,2.0,0.039,34.0,125.0,0.9922,3.26,0.6,10.8,7,0
6.1,0.36,0.16,6.4,0.037,36.0,198.0,0.9944,3.17,0.62,9.9,6,0
7.2,0.18,0.45,4.4,0.046,57.0,166.0,0.9943,3.13,0.62,11.2,6,0
8.2,0.27,0.43,1.6,0.035,31.0,128.0,0.9916,3.1,0.5,12.3,6,0
6.4,0.31,0.39,7.5,0.04,57.0,213.0,0.99475,3.32,0.43,10.0,5,0
6.2,0.21,0.27,1.7,0.038,41.0,150.0,0.9933,3.49,0.71,10.5,7,0
6.9,0.31,0.34,1.6,0.032,23.0,128.0,0.9917,3.37,0.47,11.7,6,0
6.4,0.39,0.21,1.2,0.041,35.0,136.0,0.99225,3.15,0.46,10.2,5,0
5.9,0.26,0.25,12.5,0.034,38.0,152.0,0.9977,3.33,0.43,9.4,5,0
7.3,0.3,0.42,7.35,0.025,51.0,175.0,0.9928,3.04,0.32,11.4,6,0
6.7,0.5,0.63,13.4,0.078,81.0,238.0,0.9988,3.08,0.44,9.2,5,0
7.8,0.29,0.22,9.5,0.056,44.0,213.0,0.99715,3.08,0.61,9.3,6,0
6.4,0.46,0.08,4.9,0.046,34.0,144.0,0.99445,3.1,0.56,10.0,5,0
6.6,0.56,0.22,8.9,0.034,27.0,133.0,0.99675,3.2,0.51,9.1,5,0
7.4,0.17,0.4,5.5,0.037,34.0,161.0,0.9935,3.05,0.62,11.5,4,1
8.7,0.23,0.32,13.4,0.044,35.0,169.0,0.99975,3.12,0.47,8.8,7,0
7.3,0.25,0.42,14.2,0.041,57.0,182.0,0.9996,3.29,0.75,9.1,7,0
6.9,0.12,0.36,2.2,0.037,18.0,111.0,0.9919,3.41,0.82,11.9,8,0
7.4,0.26,0.43,6.0,0.022,22.0,125.0,0.9928,3.13,0.55,11.5,6,0
7.0,0.31,0.29,1.4,0.037,33.0,128.0,0.9896,3.12,0.36,12.2,7,0
6.3,0.34,0.19,5.8,0.041,22.0,145.0,0.9943,3.15,0.63,9.9,5,0
7.7,0.3,0.32,1.6,0.037,23.0,124.0,0.9919,2.93,0.33,11.0,6,0
7.7,0.17,0.52,5.9,0.017,21.0,84.0,0.9929,3.14,0.4,11.9,7,0
6.4,0.26,0.43,12.6,0.033,64.0,230.0,0.9974,3.08,0.38,8.9,5,0
5.9,0.29,0.33,7.4,0.037,58.0,205.0,0.99495,3.26,0.41,9.6,5,0
6.2,0.35,0.29,7.3,0.044,56.0,244.0,0.9956,3.36,0.55,10.0,6,0
6.7,0.15,0.29,5.0,0.058,28.0,105.0,0.9946,3.52,0.44,10.2,7,0
6.8,0.705,0.25,3.2,0.048,10.0,57.0,0.996,3.36,0.52,9.5,4,1
6.5,0.17,0.33,1.4,0.028,14.0,99.0,0.9928,3.23,0.55,10.1,6,0
8.6,0.16,0.38,3.4,0.04,41.0,143.0,0.9932,2.95,0.39,10.2,6,0
6.9,0.24,0.39,1.3,0.063,18.0,136.0,0.9928,3.31,0.48,10.4,7,0
7.6,0.16,0.44,1.4,0.043,25.0,109.0,0.9932,3.11,0.75,10.3,6,0
8.8,0.17,0.38,1.8,0.04,39.0,148.0,0.9942,3.16,0.67,10.2,6,0
7.6,0.29,0.42,1.3,0.035,18.0,86.0,0.9908,2.99,0.39,11.3,5,0
7.5,0.21,0.34,1.2,0.06,26.0,111.0,0.9931,3.51,0.47,10.7,6,0
8.0,0.26,0.36,2.0,0.054,30.0,121.0,0.992,3.09,0.72,11.6,7,0
6.2,0.55,0.45,12.0,0.049,27.0,186.0,0.9974,3.17,0.5,9.3,6,0
6.4,0.4,0.19,3.2,0.033,28.0,124.0,0.9904,3.22,0.54,12.7,7,0
7.2,0.21,0.35,14.5,0.048,35.0,178.0,0.9982,3.05,0.47,8.9,6,0
6.3,0.16,0.4,1.6,0.033,59.0,148.0,0.9914,3.44,0.53,11.4,5,0
5.2,0.24,0.45,3.8,0.027,21.0,128.0,0.992,3.55,0.49,11.2,8,0
6.6,0.25,0.39,1.45,0.04,40.0,89.0,0.9911,3.35,0.4,11.4,7,0
6.3,0.55,0.45,13.0,0.047,33.0,182.0,0.9974,3.2,0.46,9.2,6,0
6.4,0.125,0.29,5.85,0.042,24.0,99.0,0.992,3.23,0.32,12.0,7,0
8.7,0.22,0.42,2.3,0.053,27.0,114.0,0.994,2.99,0.43,10.0,5,0
7.2,0.26,0.26,12.7,0.036,49.0,214.0,0.9986,3.41,0.5,10.0,6,0
9.8,0.44,0.4,2.8,0.036,35.0,167.0,0.9956,2.97,0.39,9.2,5,0
7.2,0.2,0.25,4.5,0.044,31.0,109.0,0.9949,3.23,0.36,9.4,5,0
7.6,0.26,0.47,1.6,0.068,5.0,55.0,0.9944,3.1,0.45,9.6,5,0
6.9,0.25,0.26,5.2,0.024,36.0,135.0,0.9948,3.16,0.72,10.7,7,0
8.9,0.33,0.32,1.5,0.047,11.0,200.0,0.9954,3.19,0.46,9.4,5,0
8.2,0.37,0.36,1.0,0.034,17.0,93.0,0.9906,3.04,0.32,11.7,8,0
7.2,0.23,0.39,2.3,0.033,29.0,102.0,0.9908,3.26,0.54,12.3,7,0
7.9,0.41,0.37,4.5,0.03,40.0,114.0,0.992,3.17,0.54,12.4,7,0
7.3,0.24,0.39,3.6,0.024,35.0,116.0,0.9928,3.17,0.51,10.9,5,0
7.1,0.44,0.37,2.7,0.041,35.0,128.0,0.9896,3.07,0.43,13.5,7,0
7.2,0.21,0.34,1.1,0.046,25.0,80.0,0.992,3.25,0.4,11.3,6,0
6.9,0.29,0.16,6.8,0.034,65.0,212.0,0.9955,3.08,0.39,9.0,6,0
7.3,0.19,0.68,1.5,0.05,31.0,156.0,0.9946,3.32,0.64,9.4,6,0
7.5,0.28,0.34,4.2,0.028,36.0,116.0,0.991,2.99,0.41,12.3,8,0
7.7,0.27,0.34,1.8,0.028,26.0,168.0,0.9911,2.99,0.48,12.1,7,0
7.8,0.16,0.41,1.7,0.026,29.0,140.0,0.991,3.02,0.78,12.5,6,0
8.4,0.16,0.33,1.5,0.033,16.0,98.0,0.994,3.14,0.42,9.7,6,0
7.5,0.38,0.33,5.0,0.045,30.0,131.0,0.9942,3.32,0.44,10.9,6,0
6.3,0.23,0.22,3.75,0.039,37.0,116.0,0.9927,3.23,0.5,10.7,6,0
5.1,0.31,0.3,0.9,0.037,28.0,152.0,0.992,3.54,0.56,10.1,6,0
7.9,0.16,0.64,17.0,0.05,69.0,210.0,1.0004,3.15,0.51,9.3,7,0
8.4,0.58,0.27,12.15,0.033,37.0,116.0,0.9959,2.99,0.39,10.8,6,0
8.2,0.35,0.4,6.3,0.039,35.0,162.0,0.9936,3.15,0.34,11.9,7,0
7.3,0.22,0.41,15.4,0.05,55.0,191.0,1.0,3.32,0.59,8.9,6,0
8.3,0.26,0.41,9.2,0.042,41.0,162.0,0.9944,3.1,0.38,12.0,7,0
6.9,0.46,0.2,0.9,0.054,5.0,126.0,0.992,3.1,0.42,10.4,6,0
5.7,0.43,0.3,5.7,0.039,24.0,98.0,0.992,3.54,0.61,12.3,7,0
6.2,0.33,0.29,1.3,0.042,26.0,138.0,0.9956,3.77,0.64,9.5,5,0
8.1,0.29,0.49,7.1,0.042,22.0,124.0,0.9944,3.14,0.41,10.8,6,0
8.0,0.25,0.49,1.2,0.061,27.0,117.0,0.9938,3.08,0.34,9.4,5,0
6.3,0.27,0.49,1.2,0.063,35.0,92.0,0.9911,3.38,0.42,12.2,6,0
7.2,0.08,0.49,1.3,0.05,18.0,148.0,0.9945,3.46,0.44,10.2,6,0
6.6,0.25,0.24,1.7,0.048,26.0,124.0,0.9942,3.37,0.6,10.1,6,0
7.9,0.16,0.74,17.85,0.037,52.0,187.0,0.9998,2.99,0.41,9.3,5,0
8.0,0.3,0.49,9.4,0.046,47.0,188.0,0.9964,3.14,0.48,10.0,5,0
6.8,0.36,0.24,4.6,0.039,24.0,124.0,0.9909,3.27,0.34,12.6,7,0
7.0,0.17,0.74,12.8,0.045,24.0,126.0,0.9942,3.26,0.38,12.2,8,0
7.3,0.155,0.49,1.3,0.039,34.0,136.0,0.9926,3.14,0.77,10.5,6,0
8.1,0.3,0.49,8.1,0.037,26.0,174.0,0.9943,3.1,0.3,11.2,7,0
8.5,0.15,0.49,1.5,0.031,17.0,122.0,0.9932,3.03,0.4,10.3,6,0
6.7,0.29,0.49,4.7,0.034,35.0,156.0,0.9945,3.13,0.45,9.9,6,0
7.5,0.19,0.49,1.8,0.055,19.0,110.0,0.9946,3.33,0.44,9.9,5,0
6.8,0.17,0.74,2.4,0.053,61.0,182.0,0.9953,3.63,0.76,10.5,6,0
9.8,0.31,0.49,15.4,0.046,13.0,119.0,1.0004,3.18,0.45,9.5,5,0
7.3,0.3,0.74,13.5,0.039,46.0,165.0,0.9982,3.02,0.4,8.7,5,0
9.3,0.31,0.49,1.3,0.042,34.0,147.0,0.9948,3.11,0.46,9.8,5,0
6.6,0.55,0.01,2.7,0.034,56.0,122.0,0.9906,3.15,0.3,11.9,5,0
8.2,0.34,0.49,8.0,0.046,55.0,223.0,0.996,3.08,0.52,10.7,6,0
5.6,0.41,0.24,1.9,0.034,10.0,53.0,0.98815,3.32,0.5,13.5,7,0
6.7,0.41,0.01,2.8,0.048,39.0,137.0,0.9942,3.24,0.35,9.5,5,0
6.9,0.34,0.49,7.3,0.045,61.0,206.0,0.9957,3.09,0.4,9.0,6,0
8.2,0.2,0.49,3.5,0.057,14.0,108.0,0.9928,3.19,0.35,11.5,6,0
6.9,0.25,0.24,1.8,0.053,6.0,121.0,0.993,3.23,0.7,11.4,5,0
7.1,0.3,0.49,1.6,0.045,31.0,100.0,0.9942,3.4,0.59,10.2,5,0
6.6,0.31,0.49,7.7,0.05,52.0,220.0,0.9964,3.12,0.45,8.8,5,0
7.0,0.35,0.3,6.5,0.028,27.0,87.0,0.9936,3.4,0.42,11.4,7,0
7.0,0.35,0.3,6.5,0.028,27.0,87.0,0.9936,3.4,0.42,11.4,7,0
7.2,0.25,0.28,14.4,0.055,55.0,205.0,0.9986,3.12,0.38,9.0,7,0
9.0,0.43,0.3,1.5,0.05,7.0,175.0,0.9951,3.11,0.45,9.7,4,1
6.7,0.265,0.22,8.6,0.048,54.0,198.0,0.9955,3.25,0.41,10.2,5,0
7.7,0.12,0.32,1.4,0.06,47.0,150.0,0.9952,3.37,0.42,9.2,6,0
6.7,0.31,0.42,6.4,0.057,25.0,148.0,0.9955,3.16,0.45,9.6,5,0
6.6,0.25,0.31,1.5,0.035,32.0,127.0,0.9921,3.41,0.47,11.3,6,0
6.8,0.22,0.3,13.6,0.055,50.0,180.0,0.9984,3.44,0.39,9.8,5,0
7.0,0.2,0.3,6.1,0.037,31.0,120.0,0.9939,3.24,0.51,10.8,5,0
7.6,0.445,0.44,14.5,0.045,68.0,212.0,0.9986,3.48,0.36,10.0,6,0
9.2,0.23,0.3,1.1,0.031,40.0,99.0,0.9929,2.94,0.3,10.4,6,0
6.6,0.62,0.2,8.7,0.046,81.0,224.0,0.99605,3.17,0.44,9.3,5,0
6.6,0.32,0.26,7.7,0.054,56.0,209.0,0.9961,3.17,0.45,8.8,5,0
6.5,0.18,0.26,1.4,0.041,40.0,141.0,0.9941,3.34,0.72,9.5,6,0
7.8,0.39,0.26,9.9,0.059,33.0,181.0,0.9955,3.04,0.42,10.9,6,0
7.7,0.49,1.0,19.6,0.03,28.0,135.0,0.9973,3.24,0.4,12.0,6,0
6.5,0.18,0.26,1.4,0.041,40.0,141.0,0.9941,3.34,0.72,9.5,6,0
8.4,0.17,0.31,5.4,0.052,47.0,150.0,0.9953,3.24,0.38,9.8,5,0
7.2,0.26,0.3,2.1,0.033,50.0,158.0,0.9909,3.33,0.43,12.1,7,0
6.6,0.37,0.24,2.0,0.064,23.0,120.0,0.9946,3.32,0.54,9.4,5,0
7.6,0.38,0.2,3.4,0.046,9.0,116.0,0.9944,3.15,0.41,9.4,5,0
8.2,0.42,0.29,4.1,0.03,31.0,100.0,0.9911,3.0,0.32,12.8,7,0
6.0,0.26,0.29,1.0,0.032,27.0,96.0,0.9896,3.38,0.44,12.3,6,0
7.3,0.19,0.24,6.3,0.054,34.0,231.0,0.9964,3.36,0.54,10.0,6,0
7.7,0.44,0.24,11.2,0.031,41.0,167.0,0.9948,3.12,0.43,11.3,7,0
6.8,0.24,0.35,6.4,0.048,44.0,172.0,0.9944,3.29,0.55,10.5,7,0
8.0,0.2,0.36,1.2,0.032,21.0,78.0,0.9921,3.08,0.37,10.4,6,0
7.3,0.24,0.41,13.6,0.05,41.0,178.0,0.9988,3.37,0.43,9.7,5,0
7.7,0.3,0.42,14.3,0.045,45.0,213.0,0.9991,3.18,0.63,9.2,5,0
7.5,0.29,0.67,8.1,0.037,53.0,166.0,0.9966,2.9,0.41,8.9,6,0
7.4,0.21,0.3,7.9,0.039,14.0,118.0,0.9942,2.96,0.34,10.4,5,0
7.8,0.34,0.27,1.2,0.04,25.0,106.0,0.9932,3.01,0.55,10.4,5,0
8.3,0.23,0.3,2.1,0.049,21.0,153.0,0.9953,3.09,0.5,9.6,6,0
7.0,0.12,0.19,4.9,0.055,27.0,127.0,0.9953,3.29,0.41,9.4,5,0
7.4,0.32,0.55,16.6,0.056,53.0,238.0,1.0017,2.96,0.58,8.7,6,0
7.4,0.21,0.3,8.1,0.047,13.0,114.0,0.9941,3.12,0.35,10.5,6,0
7.6,0.2,0.3,14.2,0.056,53.0,212.5,0.999,3.14,0.46,8.9,8,0
8.0,0.22,0.32,10.4,0.043,63.0,201.0,0.997,3.11,0.53,9.5,6,0
6.4,0.43,0.27,1.1,0.054,5.0,110.0,0.9939,3.24,0.52,9.1,4,1
7.0,0.28,0.33,14.6,0.043,47.0,168.0,0.9994,3.34,0.67,8.8,6,0
7.6,0.17,0.35,1.6,0.047,43.0,154.0,0.9934,3.36,0.69,11.1,6,0
5.6,0.18,0.31,1.5,0.038,16.0,84.0,0.9924,3.34,0.58,10.1,6,0
9.0,0.55,0.3,8.1,0.026,14.0,71.0,0.993,2.94,0.36,11.8,5,0
7.6,0.34,0.39,7.6,0.04,45.0,215.0,0.9965,3.11,0.53,9.2,6,0
7.6,0.29,0.26,6.5,0.042,32.0,160.0,0.9944,3.14,0.47,10.7,5,0
8.8,0.2,0.28,1.1,0.018,18.0,72.0,0.9926,2.97,0.35,10.4,5,0
8.7,0.24,0.35,0.6,0.042,11.0,71.0,0.9926,3.08,0.38,10.6,5,0
7.4,0.18,0.34,2.7,0.03,30.0,107.0,0.992,2.97,0.53,11.0,6,0
11.8,0.23,0.38,11.1,0.034,15.0,123.0,0.9997,2.93,0.55,9.7,3,1
6.9,0.17,0.25,1.6,0.047,34.0,132.0,0.9914,3.16,0.48,11.4,5,0
6.6,0.23,0.27,5.6,0.043,43.0,164.0,0.9953,3.27,0.76,9.5,5,0
6.6,0.22,0.53,15.1,0.052,22.0,136.0,0.9986,2.94,0.35,9.4,5,0
6.8,0.28,0.35,2.3,0.042,16.0,85.0,0.9906,3.19,0.56,12.4,6,0
6.9,0.26,0.33,12.6,0.051,59.0,173.0,0.998,3.39,0.38,9.9,5,0
7.1,0.33,0.64,13.2,0.056,12.0,105.0,0.9972,3.05,0.39,9.2,5,0
7.5,0.26,0.52,13.2,0.047,64.0,179.0,0.9982,3.1,0.46,9.0,5,0
6.4,0.29,0.2,15.6,0.04,20.0,142.0,0.9962,3.1,0.54,10.6,5,0
7.7,0.28,0.35,15.3,0.056,31.0,117.0,0.9998,3.27,0.5,9.6,5,0
8.5,0.25,0.27,4.7,0.031,31.0,92.0,0.9922,3.01,0.33,12.0,6,0
7.4,0.18,0.27,1.3,0.048,26.0,105.0,0.994,3.52,0.66,10.6,6,0
9.9,0.49,0.23,2.4,0.087,19.0,115.0,0.9948,2.77,0.44,9.4,6,0
7.6,0.32,0.58,16.75,0.05,43.0,163.0,0.9999,3.15,0.54,9.2,5,0
7.5,0.18,0.31,11.7,0.051,24.0,94.0,0.997,3.19,0.44,9.5,7,0
6.5,0.39,0.81,1.2,0.217,14.0,74.0,0.9936,3.08,0.53,9.5,5,0
7.1,0.18,0.32,12.2,0.048,36.0,125.0,0.9967,2.92,0.54,9.4,6,0
7.1,0.26,0.19,8.2,0.051,53.0,187.0,0.996,3.16,0.52,9.7,5,0
6.9,0.21,0.33,1.4,0.056,35.0,136.0,0.9938,3.63,0.78,10.3,6,0
7.4,0.17,0.29,1.4,0.047,23.0,107.0,0.9939,3.52,0.65,10.4,6,0
6.5,0.24,0.36,2.2,0.027,36.0,134.0,0.9898,3.28,0.36,12.5,7,0
7.1,0.2,0.36,11.6,0.042,45.0,124.0,0.997,2.92,0.59,9.5,7,0
6.9,0.44,0.42,8.5,0.048,10.0,147.0,0.9974,3.32,0.46,9.5,6,0
7.2,0.29,0.18,8.2,0.042,41.0,180.0,0.99644,3.16,0.49,9.1,5,0
6.2,0.26,0.19,3.4,0.049,47.0,172.0,0.9924,3.14,0.43,10.4,6,0
6.7,0.31,0.18,7.7,0.043,57.0,200.0,0.99566,3.17,0.44,9.4,6,0
7.1,0.4,0.52,1.3,0.148,45.0,149.0,0.99468,3.08,0.56,8.7,5,0
7.4,0.33,0.26,15.6,0.049,67.0,210.0,0.99907,3.06,0.68,9.5,5,0
7.3,0.4,0.28,6.5,0.037,26.0,97.0,0.99148,3.16,0.58,12.6,7,0
7.5,0.24,0.62,10.6,0.045,51.0,153.0,0.99779,3.16,0.44,8.8,5,0
7.5,0.26,0.59,11.8,0.046,58.0,164.0,0.99814,3.17,0.46,8.9,4,1
7.0,0.35,0.17,1.1,0.049,7.0,119.0,0.99297,3.13,0.36,9.7,6,0
7.5,0.23,0.35,17.8,0.058,128.0,212.0,1.00241,3.44,0.43,8.9,5,0
7.6,0.21,0.35,1.2,0.041,7.0,106.0,0.9914,3.06,0.45,11.3,4,1
7.0,0.27,0.29,3.9,0.059,28.0,199.0,0.9961,3.54,0.59,10.3,5,0
7.9,0.44,0.26,4.45,0.033,23.0,100.0,0.99117,3.17,0.52,12.7,6,0
7.1,0.21,0.28,2.7,0.034,23.0,111.0,0.99405,3.35,0.64,10.2,4,1
7.0,0.16,0.26,6.85,0.047,30.0,220.0,0.99622,3.38,0.58,10.1,6,0
7.3,0.815,0.09,11.4,0.044,45.0,204.0,0.99713,3.15,0.46,9.0,5,0
6.3,0.29,0.14,7.05,0.045,50.0,177.0,0.99564,3.23,0.42,9.0,5,0
8.1,0.33,0.36,7.4,0.037,36.0,156.0,0.99592,3.19,0.54,10.6,6,0
6.0,0.26,0.15,1.2,0.053,35.0,124.0,0.99347,3.08,0.46,8.8,5,0
5.2,0.16,0.34,0.8,0.029,26.0,77.0,0.99155,3.25,0.51,10.1,6,0
6.3,0.27,0.37,7.9,0.047,58.0,215.0,0.99542,3.19,0.48,9.5,6,0
6.0,0.2,0.24,5.3,0.075,49.0,201.0,0.99466,3.21,0.43,9.5,5,0
7.6,0.31,0.23,12.7,0.054,20.0,139.0,0.99836,3.16,0.5,9.7,4,1
7.1,0.34,0.31,5.2,0.032,36.0,140.0,0.99166,3.35,0.47,12.3,7,0
7.3,0.51,0.29,11.3,0.034,61.0,224.0,0.99683,3.14,0.56,9.5,6,0
7.5,0.41,0.23,14.8,0.054,28.0,174.0,0.99898,3.18,0.49,9.7,5,0
5.9,0.28,0.14,8.6,0.032,30.0,142.0,0.99542,3.28,0.44,9.5,6,0
7.3,0.37,0.16,14.9,0.048,59.0,240.0,0.99902,3.13,0.45,8.9,5,0
6.9,0.21,0.24,1.8,0.021,17.0,80.0,0.98992,3.15,0.46,12.3,7,0
6.3,0.34,0.36,4.9,0.035,31.0,185.0,0.9946,3.15,0.49,9.7,5,0
6.2,0.26,0.32,15.3,0.031,64.0,185.0,0.99835,3.31,0.61,9.4,5,0
6.7,0.3,0.29,2.8,0.025,37.0,107.0,0.99159,3.31,0.63,11.3,7,0
6.5,0.3,0.39,7.8,0.038,61.0,219.0,0.9959,3.19,0.5,9.4,5,0
6.6,0.36,0.52,10.1,0.05,29.0,140.0,0.99628,3.07,0.4,9.4,5,0
6.6,0.36,0.52,10.1,0.05,29.0,140.0,0.99628,3.07,0.4,9.4,5,0
7.5,0.13,0.38,1.1,0.023,42.0,104.0,0.99112,3.28,0.53,11.8,6,0
5.8,0.15,0.28,0.8,0.037,43.0,127.0,0.99198,3.24,0.51,9.3,5,0
6.7,0.23,0.25,1.6,0.036,28.0,143.0,0.99256,3.3,0.54,10.3,6,0
7.5,0.28,0.39,10.2,0.045,59.0,209.0,0.9972,3.16,0.63,9.6,6,0
7.8,0.25,0.34,13.7,0.044,66.0,184.0,0.99976,3.22,0.75,8.9,5,0
6.5,0.17,0.31,1.5,0.041,34.0,121.0,0.99092,3.06,0.46,10.5,6,0
6.5,0.35,0.28,12.4,0.051,86.0,213.0,0.9962,3.16,0.51,9.9,6,0
7.3,0.26,0.33,11.8,0.057,48.0,127.0,0.99693,3.1,0.55,10.0,6,0
7.3,0.26,0.33,11.8,0.057,48.0,127.0,0.99693,3.1,0.55,10.0,6,0
7.6,0.2,0.36,1.9,0.043,24.0,111.0,0.99237,3.29,0.54,11.3,6,0
7.1,0.2,0.31,7.4,0.053,32.0,211.0,0.99587,3.31,0.59,10.4,6,0
6.9,0.4,0.43,6.2,0.065,42.0,178.0,0.99552,3.11,0.53,9.4,5,0
6.0,0.11,0.47,10.6,0.052,69.0,148.0,0.9958,2.91,0.34,9.3,4,1
6.5,0.22,0.45,8.0,0.053,52.0,196.0,0.9959,3.23,0.48,9.1,6,0
6.4,0.14,0.31,1.2,0.034,53.0,138.0,0.99084,3.38,0.35,11.5,7,0
6.4,0.14,0.31,1.2,0.034,53.0,138.0,0.99084,3.38,0.35,11.5,7,0
6.5,0.22,0.29,7.4,0.028,16.0,87.0,0.99311,3.15,0.56,10.9,7,0
7.9,0.2,0.39,1.0,0.041,37.0,154.0,0.99093,3.08,0.43,11.9,5,0
6.9,0.33,0.26,5.0,0.027,46.0,143.0,0.9924,3.25,0.43,11.2,7,0
6.9,0.33,0.26,5.0,0.027,46.0,143.0,0.9924,3.25,0.43,11.2,7,0
6.7,0.48,0.32,1.4,0.021,22.0,121.0,0.9889,3.15,0.53,12.7,7,0
6.7,0.48,0.32,1.4,0.021,22.0,121.0,0.9889,3.15,0.53,12.7,7,0
7.2,0.21,0.28,2.7,0.033,38.0,94.0,0.99075,2.99,0.43,11.8,7,0
6.1,0.16,0.37,1.1,0.031,37.0,97.0,0.9922,3.4,0.58,10.5,6,0
6.4,0.25,0.32,0.9,0.034,40.0,114.0,0.99114,3.31,0.58,10.8,7,0
5.7,0.28,0.28,2.2,0.019,15.0,65.0,0.9902,3.06,0.52,11.2,6,0
6.5,0.44,0.47,5.45,0.014,44.0,137.0,0.98984,3.13,0.32,13.0,8,0
5.6,0.21,0.4,1.3,0.041,81.0,147.0,0.9901,3.22,0.95,11.6,8,0
6.4,0.25,0.32,11.3,0.038,69.0,192.0,0.99573,3.14,0.5,10.2,6,0
5.3,0.21,0.29,0.7,0.028,11.0,66.0,0.99215,3.3,0.4,9.8,5,0
7.0,0.12,0.29,10.3,0.039,41.0,98.0,0.99564,3.19,0.38,9.8,8,0
7.2,0.3,0.3,8.7,0.022,14.0,111.0,0.99576,3.11,0.61,10.6,5,0
7.1,0.29,0.34,7.8,0.036,49.0,128.0,0.99397,3.21,0.4,10.7,6,0
8.1,0.12,0.38,0.9,0.034,36.0,86.0,0.99026,2.8,0.55,12.0,6,0
7.3,0.4,0.26,5.45,0.016,26.0,90.0,0.98951,2.84,0.54,13.2,7,0
8.4,0.31,0.31,0.95,0.021,52.0,148.0,0.99038,2.93,0.32,11.5,5,0
6.6,0.2,0.27,10.9,0.038,29.0,130.0,0.99496,3.11,0.44,10.5,7,0
6.7,0.25,0.31,1.35,0.061,30.5,218.0,0.99388,3.16,0.53,9.5,5,0
7.0,0.13,0.37,12.85,0.042,36.0,105.0,0.99581,3.05,0.55,10.7,6,0
8.4,0.32,0.35,11.7,0.029,3.0,46.0,0.99439,3.02,0.34,11.8,6,0
8.4,0.22,0.3,8.9,0.024,17.0,118.0,0.99456,2.99,0.34,10.5,6,0
6.3,0.33,0.42,17.2,0.037,57.0,170.0,0.99884,3.26,0.57,9.4,6,0
6.2,0.25,0.54,7.0,0.046,58.0,176.0,0.99454,3.19,0.7,10.4,5,0
6.4,0.15,0.4,1.5,0.042,23.0,87.0,0.98972,3.11,0.46,12.2,7,0
8.5,0.19,0.48,1.1,0.026,23.0,58.0,0.99184,2.9,0.5,10.5,6,0
7.0,0.25,0.45,2.3,0.045,40.0,118.0,0.99064,3.16,0.48,11.9,7,0
6.3,0.17,0.32,4.2,0.04,37.0,117.0,0.99182,3.24,0.43,11.3,6,0
5.5,0.18,0.22,5.5,0.037,10.0,86.0,0.99156,3.46,0.44,12.2,5,0
5.0,0.24,0.21,2.2,0.039,31.0,100.0,0.99098,3.69,0.62,11.7,6,0
6.3,0.17,0.32,4.2,0.04,37.0,117.0,0.99182,3.24,0.43,11.3,6,0
6.2,0.19,0.29,4.3,0.045,33.0,126.0,0.99658,3.18,0.42,9.3,6,0
6.2,0.23,0.36,17.2,0.039,37.0,130.0,0.99946,3.23,0.43,8.8,6,0
7.6,0.25,1.23,4.6,0.035,51.0,294.0,0.99018,3.03,0.43,13.1,6,0
6.5,0.34,0.46,1.0,0.023,6.0,80.0,0.98865,3.15,0.54,12.9,6,0
6.1,0.68,0.52,1.4,0.037,32.0,123.0,0.99022,3.24,0.45,12.0,6,0
5.6,0.41,0.22,7.1,0.05,44.0,154.0,0.9931,3.3,0.4,10.5,5,0
7.6,0.24,0.44,3.8,0.037,49.0,146.0,0.9911,3.06,0.37,11.6,6,0
6.4,0.22,0.38,9.1,0.044,35.0,127.0,0.99326,2.97,0.3,11.0,7,0
5.8,0.33,0.23,5.0,0.053,29.0,106.0,0.99458,3.13,0.52,9.0,5,0
6.7,0.13,0.57,6.6,0.056,60.0,150.0,0.99548,2.96,0.43,9.4,6,0
7.0,0.29,0.35,1.4,0.036,42.0,109.0,0.99119,3.31,0.62,11.6,6,0
6.6,0.34,0.24,3.3,0.034,29.0,99.0,0.99031,3.1,0.4,12.3,7,0
6.7,0.24,0.37,11.3,0.043,64.0,173.0,0.99632,3.08,0.53,9.9,6,0
7.1,0.38,0.4,2.2,0.042,54.0,201.0,0.99177,3.03,0.5,11.4,5,0
6.4,0.15,0.29,1.8,0.044,21.0,115.0,0.99166,3.1,0.38,10.2,5,0
6.8,0.21,0.31,2.9,0.046,40.0,121.0,0.9913,3.07,0.65,10.9,7,0
7.1,0.17,0.31,1.6,0.037,15.0,103.0,0.991,3.14,0.5,12.0,6,0
7.2,0.27,0.28,15.2,0.046,6.0,41.0,0.99665,3.17,0.39,10.9,6,0
6.9,0.28,0.24,2.1,0.034,49.0,121.0,0.98882,2.98,0.43,13.2,7,0
6.7,0.21,0.48,14.8,0.05,31.0,195.0,0.99942,2.95,0.75,8.8,6,0
6.7,0.64,0.3,1.2,0.03,18.0,76.0,0.9892,3.16,0.6,12.9,4,1
7.6,0.28,0.49,20.15,0.06,30.0,145.0,1.00196,3.01,0.44,8.5,5,0
5.6,0.34,0.3,6.9,0.038,23.0,89.0,0.99266,3.25,0.49,11.1,6,0
6.5,0.3,0.27,4.0,0.038,37.0,97.0,0.99026,3.2,0.6,12.6,8,0
6.5,0.19,0.28,1.4,0.046,22.0,90.0,0.99038,3.18,0.51,11.7,7,0
7.7,0.38,0.23,10.8,0.03,28.0,95.0,0.99164,2.93,0.41,13.6,6,0
7.2,0.33,0.34,2.0,0.044,61.0,171.0,0.98947,3.25,0.53,13.3,7,0
5.3,0.36,0.27,6.3,0.028,40.0,132.0,0.99186,3.37,0.4,11.6,6,0
7.2,0.31,0.35,7.2,0.046,45.0,178.0,0.9955,3.14,0.53,9.7,5,0
8.1,0.26,0.27,4.3,0.03,43.0,123.0,0.99212,3.16,0.33,11.2,6,0
6.0,0.33,0.2,1.8,0.031,49.0,159.0,0.9919,3.41,0.53,11.0,6,0
5.7,0.22,0.22,16.65,0.044,39.0,110.0,0.99855,3.24,0.48,9.0,6,0
5.7,0.22,0.22,16.65,0.044,39.0,110.0,0.99855,3.24,0.48,9.0,6,0
7.8,0.31,0.4,1.6,0.027,20.0,87.0,0.9911,3.15,0.48,11.9,6,0
7.7,0.24,0.3,1.4,0.041,15.0,102.0,0.9929,3.26,0.53,10.4,6,0
6.8,0.19,0.71,17.5,0.042,21.0,114.0,0.99784,2.85,0.5,9.5,6,0
6.6,0.39,0.38,9.7,0.053,49.0,226.0,0.99787,3.3,0.57,9.4,6,0
6.4,0.38,0.24,7.2,0.047,41.0,151.0,0.99604,3.11,0.6,9.2,5,0
6.8,0.14,0.18,1.4,0.047,30.0,90.0,0.99164,3.27,0.54,11.2,6,0
6.8,0.19,0.33,4.9,0.047,42.0,130.0,0.99283,3.12,0.56,11.0,6,0
6.8,0.18,0.32,7.2,0.047,17.0,109.0,0.99498,3.42,0.44,10.4,6,0
5.8,0.32,0.28,4.3,0.032,46.0,115.0,0.98946,3.16,0.57,13.0,8,0
6.5,0.26,0.31,1.3,0.034,59.0,145.0,0.98944,3.16,0.54,12.4,6,0
6.4,0.16,0.44,1.2,0.051,39.0,122.0,0.99058,3.11,0.75,11.3,7,0
6.8,0.15,0.41,12.9,0.044,79.5,182.0,0.99742,3.24,0.78,10.2,6,0
6.3,0.22,0.34,1.2,0.036,32.0,96.0,0.98961,3.06,0.74,11.6,6,0
6.3,0.18,0.24,3.4,0.053,20.0,119.0,0.99373,3.11,0.52,9.2,6,0
7.0,0.15,0.28,14.7,0.051,29.0,149.0,0.99792,2.96,0.39,9.0,7,0
6.6,0.27,0.33,1.4,0.042,24.0,183.0,0.99215,3.29,0.46,10.7,5,0
7.8,0.2,0.32,5.0,0.016,31.0,101.0,0.99186,2.99,0.39,11.0,6,0
6.4,0.27,0.45,8.3,0.05,52.0,196.0,0.9955,3.18,0.48,9.5,5,0
7.9,0.21,0.39,2.0,0.057,21.0,138.0,0.99176,3.05,0.52,10.9,5,0
7.2,0.28,0.38,2.0,0.052,23.0,156.0,0.9912,3.13,0.52,11.1,5,0
7.0,0.3,0.28,2.2,0.042,21.0,177.0,0.99166,3.2,0.57,11.4,5,0
6.3,0.43,0.32,8.8,0.042,18.0,106.0,0.99172,3.28,0.33,12.9,7,0
6.8,0.31,0.19,3.5,0.086,30.0,130.0,0.993,2.83,0.44,9.6,5,0
6.2,0.31,0.23,3.3,0.052,34.0,113.0,0.99429,3.16,0.48,8.4,5,0
5.9,0.2,0.23,1.5,0.037,38.0,93.0,0.99021,3.36,0.49,12.0,6,0
5.9,0.12,0.27,4.8,0.03,40.0,110.0,0.99226,3.55,0.68,12.1,6,0
5.9,0.2,0.23,1.5,0.037,38.0,93.0,0.99021,3.36,0.49,12.0,6,0
7.6,0.37,0.51,11.7,0.094,58.0,181.0,0.99776,2.91,0.51,9.0,5,0
7.2,0.24,0.36,2.0,0.029,21.0,63.0,0.99076,3.13,0.63,12.5,6,0
7.0,0.34,0.1,3.5,0.044,17.0,63.0,0.9937,3.01,0.39,9.2,5,0
6.5,0.33,0.3,3.8,0.036,34.0,88.0,0.99028,3.25,0.63,12.5,7,0
6.2,0.39,0.24,4.8,0.037,45.0,138.0,0.99174,3.23,0.43,11.2,7,0
6.4,0.35,0.28,1.6,0.037,31.0,113.0,0.98779,3.12,0.4,14.2,7,0
6.6,0.31,0.28,1.4,0.035,28.0,107.0,0.98836,3.0,0.4,13.2,6,0
5.7,0.23,0.25,7.95,0.042,16.0,108.0,0.99486,3.44,0.61,10.3,6,0
4.9,0.345,0.34,1.0,0.068,32.0,143.0,0.99138,3.24,0.4,10.1,5,0
6.1,0.27,0.32,6.2,0.048,47.0,161.0,0.99281,3.22,0.6,11.0,6,0
6.0,0.3,0.33,2.1,0.042,31.0,127.0,0.98964,3.32,0.42,12.5,6,0
6.1,0.3,0.32,2.2,0.042,41.0,142.0,0.98952,3.31,0.44,12.7,7,0
5.4,0.185,0.19,7.1,0.048,36.0,110.0,0.99438,3.26,0.41,9.5,6,0
6.3,0.27,0.51,7.6,0.049,35.0,200.0,0.99548,3.16,0.54,9.4,4,1
6.3,0.27,0.51,7.6,0.049,35.0,200.0,0.99548,3.16,0.54,9.4,4,1
7.3,0.23,0.41,14.6,0.048,73.0,223.0,0.99863,3.16,0.71,9.4,6,0
6.1,0.25,0.48,15.8,0.052,25.0,94.0,0.99782,3.07,0.45,9.2,6,0
6.1,0.25,0.48,15.8,0.052,25.0,94.0,0.99782,3.07,0.45,9.2,6,0
6.5,0.46,0.24,11.5,0.051,56.0,171.0,0.99588,3.08,0.56,9.8,6,0
6.4,0.18,0.48,18.0,0.054,56.0,183.0,1.00038,2.98,0.61,8.5,6,0
6.2,0.32,0.12,4.8,0.054,6.0,97.0,0.99424,3.16,0.5,9.3,5,0
6.8,0.27,0.22,17.8,0.034,16.0,116.0,0.9989,3.07,0.53,9.2,5,0
6.9,0.19,0.35,13.5,0.038,49.0,118.0,0.99546,3.0,0.63,10.7,6,0
6.1,0.17,0.21,1.9,0.09,44.0,130.0,0.99255,3.07,0.41,9.7,5,0
6.1,0.28,0.27,8.0,0.048,41.0,162.0,0.99498,3.21,0.51,9.9,5,0
7.4,0.37,0.26,9.6,0.05,33.0,134.0,0.99608,3.13,0.46,10.4,5,0
7.3,0.26,0.32,1.2,0.041,29.0,94.0,0.98978,3.07,0.45,12.0,6,0
6.3,0.18,0.22,5.6,0.047,45.0,147.0,0.99383,3.09,0.54,10.0,5,0
6.3,0.34,0.31,6.0,0.02,18.0,68.0,0.98981,3.22,0.29,13.4,7,0
6.8,0.26,0.29,11.9,0.052,54.0,160.0,0.99546,3.03,0.58,10.4,6,0
6.2,0.2,0.25,15.0,0.055,8.0,120.0,0.99767,3.19,0.53,9.6,6,0
6.8,0.34,0.27,5.2,0.06,14.0,169.0,0.99252,3.27,0.57,11.6,6,0
5.8,0.19,0.33,4.2,0.038,49.0,133.0,0.99107,3.16,0.42,11.3,7,0
6.2,0.3,0.3,2.5,0.041,29.0,82.0,0.99065,3.31,0.61,11.8,7,0
6.7,0.2,0.24,6.5,0.044,28.0,100.0,0.99348,3.12,0.33,10.2,6,0
6.4,0.29,0.18,15.0,0.04,21.0,116.0,0.99736,3.14,0.5,9.2,5,0
6.5,0.26,0.24,10.8,0.042,47.0,130.0,0.996,3.08,0.4,10.1,6,0
5.7,0.18,0.26,2.2,0.023,21.0,95.0,0.9893,3.07,0.54,12.3,6,0
6.7,0.11,0.26,14.8,0.053,44.0,95.0,0.99676,3.2,0.35,9.8,6,0
6.0,0.33,0.26,5.1,0.051,16.0,119.0,0.99416,3.15,0.41,9.2,5,0
5.7,0.22,0.2,16.0,0.044,41.0,113.0,0.99862,3.22,0.46,8.9,6,0
5.2,0.31,0.2,2.4,0.027,27.0,117.0,0.98886,3.56,0.45,13.0,7,0
7.2,0.22,0.35,5.5,0.054,37.0,183.0,0.99474,3.08,0.5,10.3,5,0
7.0,0.2,0.33,4.7,0.03,25.0,76.0,0.99202,2.88,0.54,10.5,6,0
6.9,0.22,0.32,5.8,0.041,20.0,119.0,0.99296,3.17,0.55,11.2,6,0
6.5,0.22,0.27,1.6,0.039,36.0,116.0,0.99178,3.38,0.57,11.0,7,0
6.4,0.24,0.26,8.2,0.054,47.0,182.0,0.99538,3.12,0.5,9.5,5,0
7.4,0.38,0.34,8.3,0.052,44.0,168.0,0.99627,3.11,0.52,9.2,5,0
7.3,0.19,0.27,13.9,0.057,45.0,155.0,0.99807,2.94,0.41,8.8,8,0
7.6,0.31,0.52,13.2,0.042,61.0,148.0,0.99839,2.98,0.47,9.1,6,0
7.0,0.36,0.25,5.7,0.015,14.0,73.0,0.98963,2.82,0.59,13.2,6,0
6.4,0.31,0.28,2.5,0.039,34.0,137.0,0.98946,3.22,0.38,12.7,6,0
6.5,0.22,0.19,4.5,0.096,16.0,115.0,0.9937,3.02,0.44,9.6,5,0
6.5,0.315,0.2,6.6,0.041,9.0,126.0,0.99494,2.94,0.51,8.8,5,0
7.4,0.27,0.26,11.8,0.053,55.0,173.0,0.99699,3.11,0.6,9.8,5,0
5.2,0.22,0.46,6.2,0.066,41.0,187.0,0.99362,3.19,0.42,9.73333333333333,5,0
6.4,0.28,0.22,12.8,0.039,51.0,150.0,0.99535,3.23,0.43,10.7,6,0
6.0,0.28,0.29,19.3,0.051,36.0,174.0,0.99911,3.14,0.5,9.0,5,0
6.6,0.18,0.26,17.3,0.051,17.0,149.0,0.9984,3.0,0.43,9.4,6,0
7.7,0.28,0.24,2.4,0.044,29.0,157.0,0.99312,3.27,0.56,10.6,6,0
6.6,0.26,0.56,15.4,0.053,32.0,141.0,0.9981,3.11,0.49,9.3,5,0
5.9,0.22,0.45,22.6,0.12,55.0,122.0,0.99636,3.1,0.35,12.8,5,0
5.8,0.28,0.18,1.2,0.058,7.0,108.0,0.99288,3.23,0.58,9.55,4,1
6.7,0.48,0.49,2.9,0.03,28.0,122.0,0.98926,3.13,0.4,13.0,6,0
7.5,0.24,0.29,1.1,0.046,34.0,84.0,0.9902,3.04,0.39,11.45,6,0
7.5,0.24,0.29,1.1,0.046,34.0,84.0,0.9902,3.04,0.39,11.45,6,0
5.2,0.38,0.26,7.7,0.053,20.0,103.0,0.9925,3.27,0.45,12.2,6,0
7.1,0.25,0.31,2.3,0.05,32.0,156.0,0.9914,3.14,0.51,11.4,6,0
6.1,0.25,0.18,10.5,0.049,41.0,124.0,0.9963,3.14,0.35,10.5,5,0
6.9,0.28,0.37,9.1,0.037,16.0,76.0,0.9948,3.05,0.54,11.1,5,0
5.8,0.28,0.66,9.1,0.039,26.0,159.0,0.9965,3.66,0.55,10.8,5,0
6.8,0.32,0.23,3.3,0.026,31.0,99.0,0.9896,3.1,0.4,12.4,6,0
5.7,0.2,0.24,13.8,0.047,44.0,112.0,0.99837,2.97,0.66,8.8,6,0
8.0,0.33,0.35,10.0,0.035,22.0,108.0,0.99457,3.12,0.36,11.6,6,0
5.4,0.29,0.38,1.2,0.029,31.0,132.0,0.98895,3.28,0.36,12.4,6,0
6.4,0.33,0.3,7.2,0.041,42.0,168.0,0.99331,3.22,0.49,11.1,6,0
8.3,0.22,0.34,1.1,0.043,20.0,116.0,0.9927,3.0,0.47,10.2,6,0
6.2,0.36,0.27,3.2,0.032,13.0,73.0,0.98942,2.9,0.69,12.6,7,0
6.0,0.29,0.41,10.8,0.048,55.0,149.0,0.9937,3.09,0.59,10.9666666666667,7,0
6.6,0.25,0.25,1.3,0.04,28.0,85.0,0.98984,2.87,0.48,11.2,6,0
8.0,0.23,0.41,1.1,0.048,35.0,150.0,0.99168,3.09,0.47,11.2,5,0
6.1,0.16,0.34,6.1,0.034,31.0,114.0,0.99365,3.32,0.58,10.1333333333333,7,0
4.9,0.335,0.14,1.3,0.036,69.0,168.0,0.99212,3.47,0.46,10.4666666666667,5,0
6.0,0.28,0.52,6.2,0.028,37.0,104.0,0.99161,3.28,0.51,11.8,7,0
6.5,0.25,0.32,9.9,0.045,41.0,128.0,0.99636,3.18,0.52,9.6,6,0
6.7,0.16,0.32,12.5,0.035,18.0,156.0,0.99666,2.88,0.36,9.0,6,0
6.1,0.15,0.4,1.2,0.03,19.0,84.0,0.98926,3.19,0.96,13.0,6,0
6.0,0.25,0.28,7.7,0.053,37.0,132.0,0.99489,3.06,0.5,9.4,6,0
6.0,0.16,0.36,1.6,0.042,13.0,61.0,0.99143,3.22,0.54,10.8,6,0
6.6,0.17,0.26,7.4,0.052,45.0,128.0,0.99388,3.16,0.37,10.0,6,0
6.4,0.31,0.31,12.9,0.045,55.0,161.0,0.99546,3.02,0.59,10.2,5,0
6.4,0.105,0.29,1.1,0.035,44.0,140.0,0.99142,3.17,0.55,10.7,7,0
6.0,0.27,0.4,1.7,0.021,18.0,82.0,0.9891,3.24,0.95,13.1333333333333,6,0
6.8,0.23,0.48,1.5,0.036,35.0,165.0,0.99162,3.18,0.45,11.3,6,0
6.4,0.23,0.35,10.3,0.042,54.0,140.0,0.9967,3.23,0.47,9.2,5,0
6.7,0.5,0.36,11.5,0.096,18.0,92.0,0.99642,3.11,0.49,9.6,5,0
6.2,0.28,0.57,1.0,0.043,50.0,92.0,0.99004,3.17,0.36,11.5,6,0
4.4,0.54,0.09,5.1,0.038,52.0,97.0,0.99022,3.41,0.4,12.2,7,0
5.9,0.22,0.3,1.3,0.052,42.0,86.0,0.99069,3.31,0.47,11.55,6,0
6.2,0.53,0.02,0.9,0.035,6.0,81.0,0.99234,3.24,0.35,9.5,4,1
5.0,0.235,0.27,11.75,0.03,34.0,118.0,0.9954,3.07,0.5,9.4,6,0
