5.8,0.27,0.2,14.95,0.044,22.0,179.0,0.9962,3.37,0.37,10.2,5,0
7.3,0.28,0.43,1.7,0.08,21.0,123.0,0.9905,3.19,0.42,12.8,5,0
7.3,0.24,0.39,17.95,0.057,45.0,149.0,0.9999,3.21,0.36,8.6,5,0
6.2,0.16,0.33,1.1,0.057,21.0,82.0,0.991,3.32,0.46,10.9,7,0
7.2,0.24,0.27,1.4,0.038,31.0,122.0,0.9927,3.15,0.46,10.3,6,0
6.7,0.25,0.13,1.2,0.041,81.0,174.0,0.992,3.14,0.42,9.8,5,0
7.4,0.24,0.29,10.1,0.05,21.0,105.0,0.9962,3.13,0.35,9.5,5,0
7.4,0.18,0.3,8.8,0.064,26.0,103.0,0.9961,2.94,0.56,9.3,5,0
7.1,0.2,0.34,16.0,0.05,51.0,166.0,0.9985,3.21,0.6,9.2,6,0
7.1,0.43,0.61,11.8,0.045,54.0,155.0,0.9974,3.11,0.45,8.7,5,0
7.4,0.25,0.37,13.5,0.06,52.0,192.0,0.9975,3.0,0.44,9.1,5,0
7.1,0.12,0.32,9.6,0.054,64.0,162.0,0.9962,3.4,0.41,9.4,5,0
7.9,0.21,0.4,1.2,0.039,38.0,107.0,0.992,3.21,0.54,10.8,6,0
6.9,0.25,0.3,4.1,0.054,23.0,116.0,0.994,2.99,0.38,9.4,6,0
7.4,0.24,0.42,14.0,0.066,48.0,198.0,0.9979,2.89,0.42,8.9,6,0
6.7,0.46,0.18,2.4,0.034,25.0,98.0,0.9896,3.08,0.44,12.6,7,0
9.8,0.42,0.48,9.85,0.034,5.0,110.0,0.9958,2.87,0.29,10.0,5,0
7.9,0.19,0.45,1.5,0.045,17.0,96.0,0.9917,3.13,0.39,11.0,6,0
6.3,0.22,0.43,4.55,0.038,31.0,130.0,0.9918,3.35,0.33,11.5,7,0
6.8,0.26,0.56,11.9,0.043,64.0,226.0,0.997,3.02,0.63,9.3,5,0
6.5,0.28,0.28,8.5,0.047,54.0,210.0,0.9962,3.09,0.54,8.9,4,1
6.8,0.26,0.34,13.9,0.034,39.0,134.0,0.9949,3.33,0.53,12.0,6,0
7.0,0.16,0.32,8.3,0.045,38.0,126.0,0.9958,3.21,0.34,9.2,5,0
6.2,0.25,0.25,1.4,0.03,35.0,105.0,0.9912,3.3,0.44,11.1,7,0
5.7,0.28,0.24,17.5,0.044,60.0,167.0,0.9989,3.31,0.44,9.4,5,0
8.2,0.27,0.39,7.8,0.039,49.0,208.0,0.9976,3.31,0.51,9.5,6,0
5.8,0.2,0.27,1.4,0.031,12.0,77.0,0.9905,3.25,0.36,10.9,7,0
5.4,0.59,0.07,7.0,0.045,36.0,147.0,0.9944,3.34,0.57,9.7,6,0
6.1,0.31,0.58,5.0,0.039,36.0,114.0,0.9909,3.3,0.6,12.3,8,0
6.7,0.34,0.3,15.6,0.054,51.0,196.0,0.9982,3.19,0.49,9.3,5,0
6.8,0.25,0.34,4.7,0.031,34.0,134.0,0.9927,3.21,0.38,10.6,6,0
7.4,0.2,0.43,7.8,0.045,27.0,153.0,0.9964,3.19,0.55,9.0,7,0
5.4,0.29,0.47,3.0,0.052,47.0,145.0,0.993,3.29,0.75,10.0,6,0
6.0,0.26,0.32,3.5,0.028,29.0,113.0,0.9912,3.4,0.71,12.3,7,0
6.0,0.36,0.39,3.2,0.027,20.0,125.0,0.991,3.38,0.39,11.3,7,0
6.3,0.14,0.39,1.2,0.044,26.0,116.0,0.992,3.26,0.53,10.3,6,0
5.8,0.28,0.27,2.6,0.054,30.0,156.0,0.9914,3.53,0.42,12.4,5,0
7.0,0.25,0.29,15.2,0.047,40.0,171.0,0.9982,3.22,0.45,9.3,5,0
6.8,0.32,0.21,2.2,0.044,15.0,68.0,0.9932,3.17,0.39,9.4,6,0
8.6,0.37,0.7,12.15,0.039,21.0,158.0,0.9983,3.0,0.73,9.3,6,0
6.6,0.24,0.29,2.0,0.023,19.0,86.0,0.99,3.25,0.45,12.5,6,0
7.0,0.28,0.36,1.0,0.035,8.0,70.0,0.9899,3.09,0.46,12.1,6,0
6.4,0.3,0.3,2.25,0.038,8.0,210.0,0.9937,3.2,0.62,9.9,6,0
6.5,0.3,0.29,2.25,0.037,8.0,210.0,0.9937,3.19,0.62,9.9,5,0
7.8,0.28,0.32,9.0,0.036,34.0,115.0,0.9952,3.17,0.39,10.3,7,0
5.6,0.35,0.37,1.0,0.038,6.0,72.0,0.9902,3.37,0.34,11.4,5,0
6.1,0.28,0.22,1.8,0.034,32.0,116.0,0.9898,3.36,0.44,12.6,6,0
6.4,0.1,0.35,4.9,0.048,31.0,103.0,0.9947,3.43,0.79,9.7,6,0
6.4,0.16,0.22,1.4,0.04,41.0,149.0,0.9933,3.49,0.58,10.0,6,0
7.8,0.28,0.34,1.6,0.028,32.0,118.0,0.9901,3.0,0.38,12.1,7,0
7.8,0.28,0.34,1.6,0.028,32.0,118.0,0.9901,3.0,0.38,12.1,7,0
8.4,0.35,0.71,12.2,0.046,22.0,160.0,0.9982,2.98,0.65,9.4,5,0
7.3,0.3,0.22,6.4,0.056,44.0,168.0,0.9947,3.13,0.35,10.1,6,0
7.4,0.24,0.22,10.7,0.042,26.0,81.0,0.9954,2.86,0.36,9.7,6,0
7.4,0.26,0.3,7.9,0.049,38.0,157.0,0.9963,3.13,0.48,8.9,6,0
7.0,0.23,0.42,18.05,0.05,35.0,144.0,0.9999,3.22,0.42,8.8,5,0
5.9,0.14,0.25,4.5,0.027,34.0,140.0,0.9934,3.49,0.51,10.8,6,0
7.5,0.31,0.51,14.8,0.039,62.0,204.0,0.9982,3.06,0.6,9.5,5,0
6.2,0.31,0.21,6.3,0.041,50.0,218.0,0.9941,3.15,0.6,10.0,5,0
6.0,0.3,0.44,1.5,0.046,15.0,182.0,0.99455,3.5,0.52,10.4,5,0
6.4,0.25,0.3,5.5,0.038,15.0,129.0,0.9948,3.14,0.49,9.6,6,0
7.0,0.21,0.34,8.5,0.033,31.0,253.0,0.9953,3.22,0.56,10.5,6,0
7.1,0.13,0.4,1.2,0.047,54.0,134.0,0.9932,3.3,0.97,9.8,7,0
7.0,0.2,0.38,8.1,0.05,42.0,173.0,0.99585,3.3,0.54,9.8,6,0
6.3,0.3,0.28,5.0,0.042,36.0,168.0,0.99505,3.22,0.69,9.5,6,0
6.7,0.11,0.34,8.8,0.043,41.0,113.0,0.9962,3.42,0.4,9.3,7,0
6.6,0.16,0.57,1.1,0.13,58.0,140.0,0.9927,3.12,0.39,9.3,7,0
7.7,0.34,0.28,11.0,0.04,31.0,117.0,0.99815,3.27,0.29,9.2,6,0
7.6,0.3,0.27,10.6,0.039,31.0,119.0,0.99815,3.27,0.3,9.3,6,0
7.8,0.27,0.58,11.2,0.036,44.0,161.0,0.9977,3.06,0.41,8.9,6,0
7.3,0.32,0.34,6.6,0.032,24.0,112.0,0.99505,3.22,0.46,9.8,6,0
6.0,0.28,0.49,6.8,0.048,61.0,222.0,0.9953,3.19,0.47,9.3,5,0
4.8,0.34,0.0,6.5,0.028,33.0,163.0,0.9939,3.36,0.61,9.9,6,0
6.0,0.28,0.34,1.6,0.119,33.0,104.0,0.9921,3.19,0.38,10.2,6,0
7.1,0.21,0.32,2.2,0.037,28.0,141.0,0.993,3.2,0.57,10.0,7,0
5.9,0.26,0.3,1.0,0.036,38.0,114.0,0.9928,3.58,0.48,9.4,5,0
7.0,0.29,0.26,1.6,0.044,12.0,87.0,0.9923,3.08,0.46,10.5,6,0
6.9,0.21,0.28,2.4,0.056,49.0,159.0,0.9944,3.02,0.47,8.8,8,0
6.5,0.25,0.35,12.0,0.055,47.0,179.0,0.998,3.58,0.47,10.0,5,0
6.1,0.36,0.58,15.0,0.044,42.0,115.0,0.9978,3.15,0.51,9.0,5,0
5.4,0.415,0.19,1.6,0.039,27.0,88.0,0.99265,3.54,0.41,10.0,7,0
6.9,0.48,0.36,3.5,0.03,31.0,135.0,0.9904,3.14,0.38,12.2,7,0
7.3,0.25,0.39,6.4,0.034,8.0,84.0,0.9942,3.18,0.46,11.5,5,0
8.2,0.23,0.37,1.3,0.042,39.0,117.0,0.9928,2.99,0.36,10.0,5,0
7.5,0.32,0.26,1.8,0.042,13.0,133.0,0.9938,3.07,0.38,9.5,5,0
6.6,0.23,0.32,0.9,0.041,25.0,79.0,0.9926,3.39,0.54,10.2,7,0
7.6,0.3,0.25,4.3,0.054,22.0,111.0,0.9956,3.12,0.49,9.2,5,0
7.8,0.27,0.34,1.6,0.046,27.0,154.0,0.9927,3.05,0.45,10.5,6,0
6.4,0.28,0.41,6.8,0.045,61.0,216.0,0.9952,3.09,0.46,9.4,5,0
6.6,0.18,0.28,3.3,0.044,18.0,91.0,0.993,3.42,0.64,10.8,6,0
8.6,0.2,0.42,1.5,0.041,35.0,125.0,0.9925,3.11,0.49,11.4,7,0
6.6,0.14,0.44,1.6,0.042,47.0,140.0,0.993,3.32,0.51,10.2,6,0
8.2,0.68,0.3,2.1,0.047,17.0,138.0,0.995,3.22,0.71,10.8,4,1
6.5,0.19,0.1,1.3,0.046,23.0,107.0,0.9937,3.29,0.45,10.0,5,0
6.9,0.21,0.81,1.1,0.137,52.0,123.0,0.9932,3.03,0.39,9.2,6,0
5.3,0.3,0.2,1.1,0.077,48.0,166.0,0.9944,3.3,0.54,8.7,4,1
8.3,0.22,0.38,14.8,0.054,32.0,126.0,1.0002,3.22,0.5,9.7,5,0
6.4,0.3,0.51,5.5,0.048,62.0,172.0,0.9942,3.08,0.45,9.1,6,0
8.8,0.33,0.44,6.35,0.024,9.0,87.0,0.9917,2.96,0.4,12.6,7,0
8.3,0.22,0.38,14.8,0.054,32.0,126.0,1.0002,3.22,0.5,9.7,5,0
6.3,0.34,0.29,6.2,0.046,29.0,227.0,0.9952,3.29,0.53,10.1,6,0
6.3,0.23,0.21,5.1,0.035,29.0,142.0,0.9942,3.36,0.33,10.1,7,0
7.1,0.21,0.4,1.2,0.069,24.0,156.0,0.9928,3.42,0.43,10.6,6,0
6.5,0.29,0.25,10.6,0.039,32.0,120.0,0.9962,3.31,0.34,10.1,6,0
7.2,0.37,0.15,2.0,0.029,27.0,87.0,0.9903,3.3,0.59,12.6,7,0
6.5,0.52,0.17,1.4,0.047,5.0,26.0,0.9932,3.26,0.32,10.0,4,1
8.1,0.45,0.34,8.3,0.037,33.0,216.0,0.9976,3.31,0.64,9.7,5,0
6.0,0.4,0.3,1.6,0.047,30.0,117.0,0.9931,3.17,0.48,10.1,6,0
6.9,0.2,0.28,1.2,0.048,36.0,159.0,0.9936,3.19,0.43,9.1,6,0
6.8,0.39,0.31,14.35,0.043,28.0,162.0,0.9988,3.17,0.54,9.1,5,0
6.7,0.25,0.23,7.2,0.038,61.0,220.0,0.9952,3.14,0.35,9.5,5,0
6.1,0.6,0.0,1.3,0.042,24.0,79.0,0.9937,3.31,0.38,9.4,4,1
6.0,0.24,0.32,6.3,0.03,34.0,129.0,0.9946,3.52,0.41,10.4,5,0
7.4,0.23,0.43,1.4,0.044,22.0,113.0,0.9938,3.22,0.62,10.6,6,0
6.4,0.25,0.41,8.6,0.042,57.0,173.0,0.9965,3.0,0.44,9.1,5,0
6.2,0.37,0.22,8.3,0.025,36.0,216.0,0.9964,3.33,0.6,9.6,6,0
6.8,0.18,0.37,1.5,0.027,37.0,93.0,0.992,3.3,0.45,10.8,6,0
6.4,0.3,0.38,7.8,0.046,35.0,192.0,0.9955,3.1,0.37,9.0,5,0
9.7,0.24,0.45,1.2,0.033,11.0,59.0,0.9926,2.74,0.47,10.8,6,0
8.0,0.28,0.42,7.1,0.045,41.0,169.0,0.9959,3.17,0.43,10.6,5,0
7.1,0.44,0.37,2.7,0.041,35.0,128.0,0.9896,3.07,0.43,13.5,7,0
7.2,0.18,0.31,1.1,0.045,20.0,73.0,0.9925,3.32,0.4,10.8,7,0
6.9,0.31,0.34,7.4,0.059,36.0,174.0,0.9963,3.46,0.62,11.1,7,0
7.4,0.31,0.74,10.7,0.039,51.0,147.0,0.9977,3.02,0.43,8.7,5,0
8.0,0.45,0.36,8.8,0.026,50.0,151.0,0.9927,3.07,0.25,12.7,8,0
8.0,0.59,0.71,17.35,0.038,61.0,228.0,1.0,2.95,0.75,9.3,5,0
9.2,0.15,0.68,1.6,0.046,22.0,130.0,0.9948,3.02,0.45,10.4,6,0
5.2,0.365,0.08,13.5,0.041,37.0,142.0,0.997,3.46,0.39,9.9,6,0
7.0,0.15,0.34,1.4,0.039,21.0,177.0,0.9927,3.32,0.62,10.8,5,0
8.4,0.58,0.27,12.15,0.033,37.0,116.0,0.9959,2.99,0.39,10.8,6,0
7.0,0.46,0.39,6.2,0.039,46.0,163.0,0.9928,3.21,0.35,12.2,7,0
7.8,0.29,0.36,7.0,0.042,38.0,161.0,0.9941,3.26,0.37,11.2,8,0
7.6,0.19,0.41,1.1,0.04,38.0,143.0,0.9907,2.92,0.42,11.4,5,0
6.4,0.25,0.33,1.4,0.04,42.0,115.0,0.9906,3.19,0.48,11.3,7,0
7.6,0.19,0.41,1.1,0.04,38.0,143.0,0.9907,2.92,0.42,11.4,5,0
6.7,0.13,0.28,1.2,0.046,35.0,140.0,0.9927,3.33,0.33,10.1,7,0
7.6,0.27,0.24,3.8,0.058,19.0,115.0,0.9958,3.15,0.45,8.9,5,0
6.9,0.27,0.41,1.7,0.047,6.0,134.0,0.9929,3.15,0.69,11.4,6,0
6.6,0.42,0.33,2.8,0.034,15.0,85.0,0.99,3.28,0.51,13.4,6,0
8.1,0.19,0.4,0.9,0.037,73.0,180.0,0.9926,3.06,0.34,10.0,6,0
7.3,0.25,0.36,13.1,0.05,35.0,200.0,0.9986,3.04,0.46,8.9,7,0
9.0,0.31,0.48,6.6,0.043,11.0,73.0,0.9938,2.9,0.38,11.6,5,0
8.2,0.22,0.36,6.8,0.034,12.0,90.0,0.9944,3.01,0.38,10.5,8,0
7.6,0.14,0.74,1.6,0.04,27.0,103.0,0.9916,3.07,0.4,10.8,7,0
6.3,0.23,0.49,7.1,0.05,67.0,210.0,0.9951,3.23,0.34,9.5,5,0
7.8,0.43,0.49,13.0,0.033,37.0,158.0,0.9955,3.14,0.35,11.3,6,0
7.8,0.43,0.49,13.0,0.033,37.0,158.0,0.9955,3.14,0.35,11.3,6,0
8.5,0.17,0.74,3.6,0.05,29.0,128.0,0.9928,3.28,0.4,12.4,6,0
7.0,0.2,0.74,0.8,0.044,19.0,163.0,0.9931,3.46,0.53,10.2,5,0
7.6,0.52,0.49,14.0,0.034,37.0,156.0,0.9958,3.14,0.38,11.8,7,0
7.8,0.21,0.49,1.35,0.052,6.0,48.0,0.9911,3.15,0.28,11.4,5,0
7.9,0.22,0.24,4.6,0.044,39.0,159.0,0.9927,2.99,0.28,11.5,6,0
6.9,0.25,0.24,3.6,0.057,13.0,85.0,0.9942,2.99,0.48,9.5,4,1
6.7,0.25,0.74,19.4,0.054,44.0,169.0,1.0004,3.51,0.45,9.8,6,0
6.7,0.62,0.24,1.1,0.039,6.0,62.0,0.9934,3.41,0.32,10.4,5,0
8.3,0.2,0.49,1.7,0.04,34.0,169.0,0.9938,3.05,0.37,10.1,5,0
6.8,0.21,0.49,14.5,0.06,50.0,170.0,0.9991,3.55,0.44,9.8,6,0
7.2,0.27,0.74,12.5,0.037,47.0,156.0,0.9981,3.04,0.44,8.7,5,0
7.3,0.26,0.49,5.0,0.028,32.0,107.0,0.9936,3.24,0.54,10.8,6,0
7.1,0.18,0.74,15.6,0.044,44.0,176.0,0.9996,3.38,0.67,9.0,6,0
7.1,0.53,0.24,0.8,0.029,29.0,86.0,0.993,3.16,0.32,9.1,4,1
8.5,0.15,0.49,1.5,0.031,17.0,122.0,0.9932,3.03,0.4,10.3,6,0
7.6,0.23,0.49,10.0,0.036,45.0,182.0,0.9967,3.08,0.58,9.6,6,0
6.2,0.27,0.49,1.4,0.05,20.0,74.0,0.9931,3.32,0.44,9.8,6,0
6.4,0.18,0.74,11.9,0.046,54.0,168.0,0.9978,3.58,0.68,10.1,5,0
9.0,0.3,0.49,7.2,0.039,32.0,84.0,0.9938,2.94,0.32,11.5,6,0
6.4,0.27,0.49,7.3,0.046,53.0,206.0,0.9956,3.24,0.43,9.2,6,0
7.5,0.19,0.49,1.6,0.047,42.0,140.0,0.9932,3.4,0.47,10.7,6,0
6.2,0.2,0.49,1.6,0.065,17.0,143.0,0.9937,3.22,0.52,9.2,6,0
6.2,0.22,0.49,6.0,0.029,31.0,128.0,0.9928,3.41,0.36,11.3,8,0
7.8,0.26,0.49,3.2,0.027,28.0,87.0,0.9919,3.03,0.32,11.3,7,0
8.2,0.2,0.49,3.5,0.057,14.0,108.0,0.9928,3.19,0.35,11.5,6,0
6.4,0.22,0.49,7.5,0.054,42.0,151.0,0.9948,3.27,0.52,10.1,6,0
7.3,0.19,0.49,15.55,0.058,50.0,134.0,0.9998,3.42,0.36,9.1,7,0
8.8,0.39,0.34,5.9,0.055,33.0,128.0,0.9927,2.95,0.51,11.8,6,0
7.8,0.24,0.18,6.7,0.046,33.0,160.0,0.9963,3.2,0.56,9.8,6,0
6.6,0.27,0.31,5.3,0.137,35.0,163.0,0.9951,3.2,0.38,9.3,5,0
6.3,0.31,0.3,10.0,0.046,49.0,212.0,0.9962,3.74,0.55,11.9,6,0
6.7,0.25,0.26,1.55,0.041,118.5,216.0,0.9949,3.55,0.63,9.4,3,1
7.0,0.24,0.3,4.2,0.04,41.0,213.0,0.9927,3.28,0.49,11.8,6,0
6.7,0.33,0.42,6.4,0.058,27.0,151.0,0.9954,3.16,0.44,9.6,5,0
6.6,0.34,0.27,6.2,0.059,23.0,136.0,0.9957,3.3,0.49,10.1,6,0
7.0,0.13,0.3,5.0,0.056,31.0,122.0,0.9945,3.47,0.42,10.5,6,0
6.8,0.3,0.24,6.6,0.123,35.0,116.0,0.9953,3.07,0.48,9.4,5,0
6.6,0.37,0.47,6.5,0.061,23.0,150.0,0.9954,3.14,0.45,9.6,6,0
6.3,0.25,0.23,14.9,0.039,47.0,142.0,0.99705,3.14,0.35,9.7,6,0
9.6,0.21,0.28,1.2,0.038,12.0,53.0,0.9926,2.8,0.46,10.6,5,0
7.7,0.43,0.28,4.5,0.046,33.0,102.0,0.9918,3.16,0.56,12.2,7,0
8.5,0.21,0.26,9.25,0.034,73.0,142.0,0.9945,3.05,0.37,11.4,6,0
6.9,0.25,0.27,9.05,0.039,37.0,128.0,0.9936,3.27,0.34,11.3,8,0
7.4,0.29,0.31,1.7,0.035,23.0,110.0,0.9926,3.07,0.38,10.9,5,0
7.4,0.49,0.24,15.1,0.03,34.0,153.0,0.9953,3.13,0.51,12.0,7,0
6.5,0.34,0.36,11.0,0.052,53.0,247.0,0.9984,3.44,0.55,9.3,6,0
7.4,0.44,0.2,11.5,0.049,44.0,157.0,0.998,3.27,0.44,9.0,5,0
7.1,0.25,0.25,1.6,0.046,50.0,181.0,0.9925,3.2,0.42,11.0,7,0
8.0,0.22,0.28,14.0,0.053,83.0,197.0,0.9981,3.14,0.45,9.8,6,0
6.8,0.24,0.31,18.3,0.046,40.0,142.0,1.0,3.3,0.41,8.7,5,0
7.2,0.31,0.41,8.6,0.053,15.0,89.0,0.9976,3.29,0.64,9.9,6,0
7.9,0.3,0.27,8.5,0.036,20.0,112.0,0.9939,2.96,0.46,11.7,6,0
8.1,0.26,0.33,11.1,0.052,52.5,158.0,0.9976,3.03,0.49,10.2,7,0
8.2,0.37,0.27,1.7,0.028,10.0,59.0,0.9923,2.97,0.48,10.4,5,0
6.3,0.2,0.58,1.4,0.204,15.0,97.0,0.9931,3.16,0.43,10.0,6,0
8.8,0.34,0.33,9.7,0.036,46.0,172.0,0.9966,3.08,0.4,10.2,5,0
6.3,0.25,0.44,11.6,0.041,48.0,195.0,0.9968,3.18,0.52,9.5,5,0
5.7,0.45,0.42,1.1,0.051,61.0,197.0,0.9932,3.02,0.4,9.0,5,0
7.2,0.15,0.33,1.1,0.027,16.0,63.0,0.9937,3.37,0.4,9.9,5,0
7.6,0.2,0.26,4.5,0.086,37.0,133.0,0.9963,3.15,0.42,9.2,5,0
8.4,0.2,0.27,6.3,0.048,30.0,143.0,0.9966,3.25,0.5,9.1,6,0
8.1,0.19,0.58,16.65,0.049,48.0,181.0,1.0006,3.2,0.62,9.1,6,0
8.4,0.2,0.38,11.8,0.055,51.0,170.0,1.0004,3.34,0.82,8.9,6,0
8.4,0.2,0.38,11.8,0.055,51.0,170.0,1.0004,3.34,0.82,8.9,6,0
6.6,0.32,0.22,16.7,0.046,38.0,133.0,0.9979,3.22,0.67,10.4,6,0
6.6,0.32,0.22,16.7,0.046,38.0,133.0,0.9979,3.22,0.67,10.4,6,0
6.3,0.21,0.28,1.5,0.051,46.0,142.0,0.9928,3.23,0.42,10.1,6,0
7.9,0.35,0.36,1.6,0.038,11.0,124.0,0.9928,3.25,0.48,11.0,5,0
6.3,0.28,0.24,8.45,0.031,32.0,172.0,0.9958,3.39,0.57,9.7,7,0
7.3,0.34,0.3,1.3,0.057,25.0,173.0,0.9948,3.26,0.51,9.1,6,0
7.5,0.42,0.14,10.7,0.046,18.0,95.0,0.9959,3.22,0.33,10.7,5,0
5.3,0.76,0.03,2.7,0.043,27.0,93.0,0.9932,3.34,0.38,9.2,5,0
6.8,0.32,0.34,6.0,0.05,5.0,129.0,0.9953,3.19,0.4,9.1,5,0
6.0,0.16,0.3,6.7,0.043,43.0,153.0,0.9951,3.63,0.46,10.6,5,0
6.0,0.16,0.3,6.7,0.043,43.0,153.0,0.9951,3.63,0.46,10.6,5,0
8.3,0.24,0.27,2.1,0.03,22.0,162.0,0.9914,2.99,0.68,11.9,6,0
7.5,0.18,0.39,1.9,0.054,23.0,91.0,0.9941,3.27,0.45,10.3,6,0
7.4,0.19,0.3,12.8,0.053,48.5,229.0,0.9986,3.14,0.49,9.1,7,0
7.4,0.29,0.25,3.8,0.044,30.0,114.0,0.992,3.11,0.4,11.0,6,0
7.6,0.27,0.42,2.6,0.044,29.0,110.0,0.9912,3.31,0.51,12.7,6,0
8.9,0.24,0.33,15.75,0.035,16.0,132.0,0.996,3.0,0.37,12.1,6,0
6.6,0.23,0.24,3.9,0.045,36.0,138.0,0.9922,3.15,0.64,11.3,7,0
7.7,0.28,0.29,6.9,0.041,29.0,163.0,0.9952,3.44,0.6,10.5,6,0
6.9,0.23,0.33,12.8,0.056,44.0,169.0,0.998,3.42,0.42,9.8,6,0
7.6,0.23,0.26,15.3,0.067,32.0,166.0,0.9986,3.03,0.44,9.2,4,1
7.1,0.28,0.19,7.8,0.04,48.0,184.0,0.99579,3.16,0.5,9.4,5,0
7.4,0.33,0.26,15.6,0.049,67.0,210.0,0.99907,3.06,0.68,9.5,5,0
7.4,0.18,0.24,1.4,0.047,21.0,106.0,0.99383,3.52,0.64,10.5,7,0
7.0,0.32,0.31,6.4,0.031,38.0,115.0,0.99235,3.38,0.58,12.2,7,0
7.0,0.32,0.31,6.4,0.031,38.0,115.0,0.99235,3.38,0.58,12.2,7,0
7.0,0.22,0.26,2.8,0.036,44.0,132.0,0.99078,3.34,0.41,12.0,7,0
7.7,0.42,0.38,8.1,0.061,49.0,144.0,0.9966,3.4,0.58,11.0,6,0
7.6,0.48,0.33,7.0,0.024,14.0,130.0,0.9918,3.25,0.45,12.5,7,0
8.9,0.21,0.37,1.2,0.028,20.0,93.0,0.99244,3.2,0.37,11.5,5,0
6.1,0.16,0.29,6.0,0.03,29.0,144.0,0.99474,3.68,0.46,10.7,6,0
6.3,0.1,0.24,6.0,0.039,25.0,107.0,0.99511,3.59,0.49,10.5,7,0
6.4,0.27,0.19,2.0,0.084,21.0,191.0,0.99516,3.49,0.63,9.6,4,1
7.6,0.2,0.68,12.9,0.042,56.0,160.0,0.99841,3.05,0.41,8.7,5,0
6.9,0.3,0.3,1.3,0.053,24.0,186.0,0.99361,3.29,0.54,9.9,4,1
7.5,0.705,0.1,13.0,0.044,44.0,214.0,0.99741,3.1,0.5,9.1,5,0
6.5,0.27,0.26,8.2,0.042,21.0,133.0,0.99612,3.43,0.64,9.8,6,0
7.3,0.19,0.27,1.6,0.027,35.0,136.0,0.99248,3.38,0.54,11.0,7,0
7.1,0.29,0.3,16.0,0.036,58.0,201.0,0.99954,3.3,0.67,9.0,5,0
8.1,0.33,0.36,7.4,0.037,36.0,156.0,0.99592,3.19,0.54,10.6,6,0
8.8,0.24,0.23,10.3,0.032,12.0,97.0,0.99571,3.13,0.4,10.7,6,0
6.2,0.26,0.37,7.1,0.047,54.0,201.0,0.99523,3.19,0.48,9.5,6,0
6.9,0.26,0.31,7.0,0.039,37.0,175.0,0.99376,3.32,0.49,11.4,6,0
6.8,0.21,0.36,18.1,0.046,32.0,133.0,1.0,3.27,0.48,8.8,5,0
6.4,0.31,0.4,6.4,0.039,39.0,191.0,0.99513,3.14,0.52,9.8,5,0
6.6,0.42,0.13,12.8,0.044,26.0,158.0,0.99772,3.24,0.47,9.0,5,0
6.5,0.23,0.25,17.3,0.046,15.0,110.0,0.99828,3.15,0.42,9.2,6,0
6.2,0.33,0.14,4.8,0.052,27.0,128.0,0.99475,3.21,0.48,9.4,5,0
6.9,0.32,0.26,2.3,0.03,11.0,103.0,0.99106,3.06,0.42,11.1,6,0
6.6,0.24,0.24,8.6,0.034,25.0,135.0,0.99582,3.33,0.59,10.3,6,0
7.7,0.3,0.26,18.95,0.053,36.0,174.0,0.99976,3.2,0.5,10.4,5,0
6.8,0.18,0.3,12.8,0.062,19.0,171.0,0.99808,3.0,0.52,9.0,7,0
6.8,0.18,0.3,12.8,0.062,19.0,171.0,0.99808,3.0,0.52,9.0,7,0
5.1,0.14,0.25,0.7,0.039,15.0,89.0,0.9919,3.22,0.43,9.2,6,0
7.3,0.32,0.29,1.5,0.038,32.0,144.0,0.99296,3.2,0.55,10.8,5,0
6.8,0.11,0.42,1.1,0.042,51.0,132.0,0.99059,3.18,0.74,11.3,7,0
6.5,0.18,0.41,14.2,0.039,47.0,129.0,0.99678,3.28,0.72,10.3,7,0
8.0,0.24,0.26,1.7,0.033,36.0,136.0,0.99316,3.44,0.51,10.4,7,0
5.8,0.6,0.0,1.3,0.044,72.0,197.0,0.99202,3.56,0.43,10.9,5,0
5.9,0.445,0.26,1.4,0.027,23.0,109.0,0.99148,3.3,0.36,10.5,6,0
7.4,0.2,0.37,1.2,0.028,28.0,89.0,0.99132,3.14,0.61,11.8,6,0
6.9,0.4,0.22,5.95,0.081,76.0,303.0,0.99705,3.4,0.57,9.4,5,0
7.1,0.23,0.24,5.4,0.039,60.0,196.0,0.9948,3.19,0.78,10.0,4,1
9.6,0.655,0.21,2.0,0.039,21.0,120.0,0.99188,3.0,1.0,12.6,6,0
5.9,0.34,0.31,2.0,0.03,38.0,142.0,0.98892,3.4,0.41,12.9,7,0
7.1,0.31,0.17,1.0,0.042,21.0,144.0,0.99304,3.13,0.4,9.6,5,0
8.0,0.17,0.29,2.4,0.029,52.0,119.0,0.98944,3.03,0.33,12.9,6,0
7.6,0.18,0.28,7.1,0.041,29.0,110.0,0.99652,3.2,0.42,9.2,6,0
6.9,0.3,0.25,3.3,0.041,26.0,124.0,0.99428,3.18,0.5,9.3,6,0
6.5,0.46,0.31,5.0,0.027,15.0,72.0,0.99165,3.26,0.6,11.5,7,0
7.8,0.25,0.28,7.2,0.04,46.0,179.0,0.99541,3.14,0.6,10.1,6,0
7.8,0.25,0.34,13.7,0.044,66.0,184.0,0.99976,3.22,0.75,8.9,5,0
6.5,0.29,0.31,1.7,0.035,24.0,79.0,0.99053,3.27,0.69,11.4,7,0
6.8,0.3,0.22,6.2,0.06,41.0,190.0,0.99858,3.18,0.51,9.2,5,0
7.9,0.51,0.34,2.6,0.049,13.0,135.0,0.99335,3.09,0.51,10.0,5,0
6.9,0.615,0.42,12.0,0.067,24.0,131.0,0.99727,3.19,0.34,9.3,5,0
7.0,0.36,0.32,10.05,0.045,37.0,131.0,0.99352,3.09,0.33,11.7,8,0
6.4,0.24,0.25,20.2,0.083,35.0,157.0,0.99976,3.17,0.5,9.1,5,0
8.0,0.3,0.36,11.0,0.034,8.0,70.0,0.99354,3.05,0.41,12.2,6,0
6.6,0.25,0.51,8.0,0.047,61.0,189.0,0.99604,3.22,0.49,9.2,5,0
6.8,0.26,0.44,8.2,0.046,52.0,183.0,0.99584,3.2,0.51,9.4,5,0
5.6,0.15,0.31,5.3,0.038,8.0,79.0,0.9923,3.3,0.39,10.5,6,0
7.8,0.26,0.31,3.6,0.025,22.0,100.0,0.99066,2.99,0.47,12.1,7,0
6.7,0.19,0.39,1.0,0.032,14.0,71.0,0.98912,3.31,0.38,13.0,7,0
6.3,0.25,0.22,3.3,0.048,41.0,161.0,0.99256,3.16,0.5,10.5,6,0
6.6,0.31,0.07,1.5,0.033,55.0,144.0,0.99208,3.16,0.42,10.0,5,0
7.0,0.28,0.32,7.75,0.032,30.0,114.0,0.99158,3.12,0.64,12.8,7,0
6.4,0.2,0.28,2.5,0.032,24.0,84.0,0.99168,3.31,0.55,11.5,5,0
8.5,0.22,0.34,0.7,0.04,5.0,25.0,0.9918,3.04,0.37,10.5,4,1
8.4,0.36,0.36,11.1,0.032,21.0,132.0,0.99313,2.95,0.39,13.0,6,0
5.2,0.285,0.29,5.15,0.035,64.0,138.0,0.9895,3.19,0.34,12.4,8,0
6.5,0.22,0.32,2.2,0.028,36.0,92.0,0.99076,3.27,0.59,11.9,7,0
6.6,0.26,0.46,6.9,0.047,59.0,183.0,0.99594,3.2,0.45,9.3,5,0
5.7,0.21,0.25,1.1,0.035,26.0,81.0,0.9902,3.31,0.52,11.4,6,0
6.9,0.14,0.38,1.0,0.041,22.0,81.0,0.99043,3.03,0.54,11.4,6,0
6.0,0.44,0.26,3.1,0.053,57.0,128.0,0.98982,3.22,0.39,12.7,6,0
6.9,0.22,0.31,6.3,0.029,41.0,131.0,0.99326,3.08,0.49,10.8,6,0
6.4,0.12,0.3,1.1,0.031,37.0,94.0,0.98986,3.01,0.56,11.7,6,0
7.2,0.2,0.22,1.6,0.044,17.0,101.0,0.99471,3.37,0.53,10.0,5,0
6.9,0.23,0.41,8.0,0.03,30.0,114.0,0.99368,3.22,0.54,11.0,6,0
5.5,0.34,0.26,2.2,0.021,31.0,119.0,0.98919,3.55,0.49,13.0,8,0
6.6,0.23,0.2,11.4,0.044,45.0,131.0,0.99604,2.96,0.51,9.7,6,0
6.8,0.18,0.28,9.8,0.039,29.0,113.0,0.99406,3.11,0.45,10.9,7,0
7.0,0.13,0.37,12.85,0.042,36.0,105.0,0.99581,3.05,0.55,10.7,6,0
5.4,0.22,0.29,1.2,0.045,69.0,152.0,0.99178,3.76,0.63,11.0,7,0
7.1,0.47,0.29,14.8,0.024,22.0,142.0,0.99518,3.12,0.48,12.0,8,0
7.6,0.17,0.36,4.5,0.042,26.0,102.0,0.99427,3.09,0.47,9.5,5,0
7.3,0.28,0.42,1.2,0.033,29.0,142.0,0.99205,3.17,0.43,10.7,4,1
6.1,0.18,0.38,2.3,0.033,28.0,111.0,0.98962,3.16,0.49,12.4,6,0
6.5,0.36,0.38,10.2,0.028,20.0,82.0,0.99274,3.1,0.43,12.1,7,0
6.0,0.35,0.51,1.2,0.029,10.0,102.0,0.9903,3.46,0.42,11.9,6,0
7.7,0.26,0.51,2.6,0.045,26.0,159.0,0.99126,3.0,0.5,11.2,6,0
7.6,0.27,0.52,3.2,0.043,28.0,152.0,0.99129,3.02,0.53,11.4,6,0
6.7,0.21,0.37,2.5,0.034,35.0,89.0,0.9913,3.25,0.5,11.0,7,0
6.5,0.24,0.39,17.3,0.052,22.0,126.0,0.99888,3.11,0.47,9.2,6,0
5.6,0.19,0.27,0.9,0.04,52.0,103.0,0.99026,3.5,0.39,11.2,5,0
5.5,0.19,0.27,0.9,0.04,52.0,103.0,0.99026,3.5,0.39,11.2,5,0
7.2,0.4,0.38,2.2,0.03,40.0,109.0,0.99075,3.27,0.46,12.6,6,0
6.1,0.17,0.42,15.1,0.033,28.0,124.0,0.99684,2.87,0.47,9.5,5,0
6.2,0.19,0.38,5.1,0.019,22.0,82.0,0.98961,3.05,0.36,12.5,6,0
6.4,0.24,0.32,0.95,0.041,23.0,131.0,0.99033,3.25,0.35,11.8,5,0
6.7,0.31,0.32,14.5,0.038,6.0,79.0,0.99412,3.14,0.34,12.5,5,0
6.2,0.2,0.29,11.8,0.035,21.0,93.0,0.99364,3.18,0.34,11.9,6,0
6.4,0.23,0.35,4.6,0.039,43.0,147.0,0.99216,3.18,0.4,11.0,7,0
7.4,0.19,0.31,14.5,0.045,39.0,193.0,0.9986,3.1,0.5,9.2,6,0
7.6,0.19,0.32,18.75,0.047,32.0,193.0,1.00014,3.1,0.5,9.3,7,0
6.6,0.38,0.36,9.2,0.061,42.0,214.0,0.9976,3.31,0.56,9.4,5,0
6.6,0.28,0.41,7.0,0.046,59.0,194.0,0.99558,3.14,0.48,9.4,5,0
6.0,0.32,0.3,1.9,0.033,41.0,142.0,0.98912,3.29,0.42,12.8,7,0
6.3,0.19,0.29,2.0,0.022,33.0,96.0,0.98902,3.04,0.54,12.8,7,0
6.4,0.35,0.28,12.6,0.039,19.0,124.0,0.99539,3.2,0.43,10.6,6,0
6.6,0.16,0.35,1.8,0.042,26.0,105.0,0.98962,3.19,0.75,12.4,7,0
6.9,0.38,0.29,13.65,0.048,52.0,189.0,0.99784,3.0,0.6,9.5,6,0
6.9,0.38,0.29,13.65,0.048,52.0,189.0,0.99784,3.0,0.6,9.5,6,0
7.6,0.17,0.27,4.6,0.05,23.0,98.0,0.99422,3.08,0.47,9.5,6,0
6.7,0.18,0.24,10.3,0.057,64.0,185.0,0.99519,3.12,0.5,10.6,6,0
6.5,0.43,0.28,11.25,0.032,31.0,87.0,0.9922,3.02,0.38,12.4,6,0
7.1,0.18,0.49,1.3,0.033,12.0,72.0,0.99072,3.05,0.53,11.3,7,0
6.0,0.2,0.26,1.1,0.033,38.0,67.0,0.98954,3.14,0.38,11.5,6,0
6.6,0.18,0.28,1.7,0.041,53.0,161.0,0.99207,3.13,0.45,10.2,6,0
8.8,0.19,0.3,5.0,0.028,34.0,120.0,0.99242,2.94,0.47,11.2,5,0
6.1,0.3,0.3,2.1,0.031,50.0,163.0,0.9895,3.39,0.43,12.7,7,0
7.1,0.18,0.39,14.5,0.051,48.0,156.0,0.99947,3.35,0.78,9.1,5,0
7.3,0.23,0.24,0.9,0.031,29.0,86.0,0.98926,2.9,0.38,12.2,6,0
6.8,0.17,0.34,2.0,0.04,38.0,111.0,0.99,3.24,0.45,12.9,6,0
6.2,0.37,0.24,6.1,0.032,19.0,86.0,0.98934,3.04,0.26,13.4,8,0
5.4,0.45,0.27,6.4,0.033,20.0,102.0,0.98944,3.22,0.27,13.4,8,0
8.0,0.2,0.44,1.0,0.057,24.0,111.0,0.99158,3.09,0.32,11.2,6,0
6.0,0.28,0.27,15.5,0.036,31.0,134.0,0.99408,3.19,0.44,13.0,7,0
6.3,0.22,0.28,2.4,0.042,38.0,102.0,0.98998,3.14,0.37,11.6,7,0
6.0,0.28,0.27,15.5,0.036,31.0,134.0,0.99408,3.19,0.44,13.0,7,0
6.9,0.75,0.13,6.3,0.036,19.0,50.0,0.99312,3.09,0.25,11.1,4,1
7.1,0.35,0.27,3.1,0.034,28.0,134.0,0.9897,3.26,0.38,13.1,7,0
6.2,0.27,0.47,1.2,0.146,28.0,105.0,0.99224,3.23,0.51,10.1,5,0
7.8,0.28,0.25,3.4,0.024,27.0,99.0,0.98959,2.98,0.37,13.0,6,0
7.8,0.15,0.34,1.1,0.035,31.0,93.0,0.99096,3.07,0.72,11.3,7,0
7.6,0.38,0.28,4.2,0.029,7.0,112.0,0.9906,3.0,0.41,12.6,6,0
7.3,0.23,0.27,2.6,0.035,39.0,120.0,0.99138,3.04,0.59,11.3,7,0
5.6,0.28,0.27,3.9,0.043,52.0,158.0,0.99202,3.35,0.44,10.7,7,0
6.6,0.19,0.28,11.8,0.042,54.0,137.0,0.99492,3.18,0.37,10.8,6,0
7.1,0.27,0.24,12.6,0.044,48.0,118.0,0.99726,3.04,0.56,10.0,7,0
6.3,0.32,0.17,17.75,0.06,51.0,190.0,0.99916,3.13,0.48,8.8,6,0
6.8,0.15,0.41,12.9,0.044,79.5,183.0,0.99742,3.24,0.78,10.2,6,0
7.5,0.24,0.31,13.1,0.05,26.0,180.0,0.99884,3.05,0.53,9.1,6,0
7.7,0.35,0.46,11.8,0.088,61.0,183.0,0.99786,2.86,0.47,9.0,5,0
5.4,0.255,0.33,1.2,0.051,29.0,122.0,0.99048,3.37,0.66,11.3,6,0
6.5,0.19,0.34,1.6,0.029,39.0,116.0,0.98954,3.21,0.68,12.5,6,0
6.5,0.32,0.48,8.0,0.026,18.0,88.0,0.99144,3.22,0.79,12.7,4,1
5.4,0.46,0.15,2.1,0.026,29.0,130.0,0.98953,3.39,0.77,13.4,8,0
6.9,0.4,0.17,12.9,0.033,59.0,186.0,0.99754,3.08,0.49,9.4,5,0
7.4,0.25,0.29,6.8,0.02,31.0,113.0,0.99338,3.13,0.29,10.8,6,0
6.4,0.27,0.45,8.3,0.05,52.0,196.0,0.9955,3.18,0.48,9.5,5,0
4.8,0.26,0.23,10.6,0.034,23.0,111.0,0.99274,3.46,0.28,11.5,7,0
8.0,0.27,0.33,1.2,0.05,41.0,103.0,0.99002,3.0,0.45,12.4,6,0
6.6,0.21,0.5,8.7,0.036,41.0,191.0,0.99294,2.96,0.56,11.0,6,0
7.5,0.26,0.31,1.6,0.032,36.0,109.0,0.99044,2.97,0.43,11.9,6,0
8.4,0.23,0.32,1.3,0.048,59.0,113.0,0.99178,3.1,0.55,11.0,6,0
6.4,0.38,0.26,8.2,0.043,28.0,98.0,0.99234,2.99,0.31,11.4,6,0
7.0,0.34,0.1,3.5,0.044,17.0,63.0,0.9937,3.01,0.39,9.2,5,0
7.3,0.36,0.34,14.8,0.057,46.0,173.0,0.99751,3.14,0.57,10.2,5,0
6.7,0.31,0.3,2.4,0.038,30.0,83.0,0.98867,3.09,0.36,12.8,7,0
8.6,0.22,0.33,1.2,0.031,38.0,95.0,0.99239,2.83,0.31,10.3,5,0
6.2,0.27,0.32,6.3,0.048,47.0,159.0,0.99282,3.21,0.6,11.0,6,0
6.9,0.4,0.37,8.9,0.053,36.0,148.0,0.996,3.16,0.5,9.3,5,0
6.3,0.33,0.2,17.9,0.066,36.0,161.0,0.9991,3.14,0.51,8.8,5,0
6.1,0.24,0.26,1.7,0.033,61.0,134.0,0.9903,3.19,0.81,11.9,7,0
7.3,0.23,0.41,14.6,0.048,73.0,223.0,0.99863,3.16,0.71,9.4,6,0
6.4,0.24,0.49,5.8,0.053,25.0,120.0,0.9942,3.01,0.98,10.5,6,0
6.8,0.14,0.35,1.5,0.047,40.0,117.0,0.99111,3.07,0.72,11.1,6,0
7.2,0.4,0.24,8.5,0.055,45.0,151.0,0.99626,3.2,0.52,9.2,5,0
7.3,0.34,0.22,1.4,0.044,43.0,176.0,0.99286,3.14,0.46,9.9,5,0
7.4,0.16,0.27,15.5,0.05,25.0,135.0,0.9984,2.9,0.43,8.7,7,0
6.9,0.19,0.35,13.5,0.038,49.0,118.0,0.99546,3.0,0.63,10.7,6,0
6.8,0.16,0.36,1.3,0.034,32.0,98.0,0.99058,3.02,0.58,11.3,6,0
6.5,0.36,0.16,1.3,0.054,11.0,107.0,0.99398,3.19,0.39,8.5,5,0
5.4,0.265,0.28,7.8,0.052,27.0,91.0,0.99432,3.19,0.38,10.4,6,0
7.4,0.26,0.29,3.7,0.048,14.0,73.0,0.9915,3.06,0.45,11.4,6,0
6.7,0.24,0.3,10.2,0.07,44.0,179.0,0.99666,2.86,0.46,8.9,6,0
6.4,0.25,0.28,4.9,0.03,29.0,98.0,0.99024,3.09,0.58,12.8,7,0
6.4,0.14,0.28,7.9,0.057,21.0,82.0,0.99425,3.26,0.36,10.0,6,0
6.1,0.17,0.29,1.1,0.041,32.0,92.0,0.99036,3.26,0.57,11.2,6,0
6.3,0.23,0.22,17.45,0.054,42.0,151.0,0.99853,3.12,0.6,9.3,6,0
6.2,0.34,0.25,12.1,0.059,33.0,171.0,0.99769,3.14,0.56,8.7,6,0
5.9,0.26,0.24,2.4,0.046,27.0,132.0,0.99234,3.63,0.73,11.3,5,0
6.8,0.18,0.35,5.4,0.054,53.0,143.0,0.99287,3.1,0.54,11.0,7,0
5.8,0.24,0.28,1.4,0.038,40.0,76.0,0.98711,3.1,0.29,13.9,7,0
7.4,0.16,0.3,13.7,0.056,33.0,168.0,0.99825,2.9,0.44,8.7,7,0
6.9,0.35,0.39,2.4,0.048,25.0,157.0,0.99133,3.2,0.54,11.1,7,0
6.4,0.33,0.28,4.0,0.04,24.0,81.0,0.9903,3.26,0.64,12.6,7,0
5.3,0.33,0.3,1.2,0.048,25.0,119.0,0.99045,3.32,0.62,11.3,6,0
5.3,0.43,0.11,1.1,0.029,6.0,51.0,0.99076,3.51,0.48,11.2,4,1
6.4,0.29,0.18,15.0,0.04,21.0,116.0,0.99736,3.14,0.5,9.2,5,0
7.5,0.23,0.3,1.2,0.03,27.0,80.0,0.99192,3.05,0.68,10.5,5,0
5.9,0.14,0.2,1.6,0.04,26.0,114.0,0.99105,3.25,0.45,11.4,6,0
7.5,0.29,0.24,9.9,0.058,25.0,115.0,0.99567,3.15,0.46,10.9,5,0
6.0,0.31,0.27,2.3,0.042,19.0,120.0,0.98952,3.32,0.41,12.7,7,0
7.1,0.46,0.23,13.7,0.045,44.0,192.0,0.9981,3.11,0.53,9.4,5,0
7.2,0.34,0.23,8.9,0.105,22.0,155.0,0.99692,3.01,0.58,9.5,5,0
6.9,0.26,0.29,4.2,0.043,33.0,114.0,0.9902,3.16,0.31,12.5,6,0
6.7,0.41,0.24,5.4,0.035,33.0,115.0,0.9901,3.12,0.44,12.8933333333333,7,0
6.3,0.28,0.22,11.5,0.036,27.0,150.0,0.99445,3.0,0.33,10.6,6,0
7.4,0.16,0.33,1.2,0.042,47.0,121.0,0.99198,3.04,0.68,10.5,7,0
6.4,0.23,0.26,8.1,0.054,47.0,181.0,0.9954,3.12,0.49,9.4,5,0
7.3,0.19,0.27,13.9,0.057,45.0,155.0,0.99807,2.94,0.41,8.8,8,0
5.7,0.28,0.35,1.2,0.052,39.0,141.0,0.99108,3.44,0.69,11.3,6,0
7.1,0.2,0.35,3.2,0.034,21.0,107.0,0.99195,3.11,0.54,11.1,6,0
6.1,0.34,0.21,5.0,0.042,17.0,133.0,0.99373,3.02,0.53,9.4,5,0
6.0,0.27,0.31,5.0,0.043,54.0,170.0,0.9924,3.28,0.52,11.0,6,0
6.3,0.29,0.29,3.3,0.037,32.0,140.0,0.9895,3.17,0.36,12.8,7,0
6.3,0.29,0.29,3.3,0.037,32.0,140.0,0.9895,3.17,0.36,12.8,7,0
5.8,0.3,0.38,4.9,0.039,22.0,86.0,0.98963,3.23,0.58,13.1,7,0
5.7,0.24,0.47,6.3,0.069,35.0,182.0,0.99391,3.11,0.46,9.75,5,0
6.6,0.22,0.23,17.3,0.047,37.0,118.0,0.99906,3.08,0.46,8.8,6,0
6.2,0.21,0.52,6.5,0.047,28.0,123.0,0.99418,3.22,0.49,9.9,6,0
6.6,0.38,0.29,2.9,0.035,15.0,101.0,0.98916,3.04,0.37,12.5,6,0
6.6,0.26,0.56,15.4,0.053,32.0,141.0,0.9981,3.11,0.49,9.3,5,0
6.4,0.32,0.26,7.9,0.05,53.0,180.0,0.99514,3.14,0.5,9.6,5,0
6.4,0.15,0.25,7.8,0.05,13.0,68.0,0.99394,3.16,0.4,9.9,6,0
5.8,0.61,0.01,8.4,0.041,31.0,104.0,0.9909,3.26,0.72,14.05,7,0
5.1,0.305,0.13,1.75,0.036,17.0,73.0,0.99,3.4,0.51,12.3333333333333,5,0
9.0,0.2,0.33,3.5,0.049,10.0,40.0,0.9944,3.14,0.36,9.8,6,0
5.8,0.13,0.22,12.7,0.058,24.0,183.0,0.9956,3.32,0.42,11.7,6,0
8.3,0.18,0.37,1.2,0.049,6.0,94.0,0.9937,3.18,0.52,10.1,5,0
6.9,0.28,0.37,9.1,0.037,16.0,76.0,0.9948,3.05,0.54,11.1,5,0
6.8,0.23,0.33,1.9,0.047,20.0,101.0,0.9914,3.1,0.46,11.1,6,0
6.2,0.2,0.26,9.7,0.03,39.0,102.0,0.9908,3.08,0.56,12.9,7,0
5.8,0.42,0.3,2.2,0.035,26.0,129.0,0.989,3.32,0.47,12.9,6,0
6.5,0.29,0.32,3.0,0.036,38.0,93.0,0.9906,3.16,0.59,12.0,6,0
5.8,0.27,0.2,7.3,0.04,42.0,145.0,0.99442,3.15,0.48,9.8,5,0
6.7,0.61,0.21,1.65,0.117,40.0,240.0,0.9938,3.11,0.57,9.3,5,0
6.0,0.29,0.41,10.8,0.048,55.0,149.0,0.9937,3.09,0.59,10.9666666666667,7,0
5.8,0.35,0.29,3.2,0.034,41.0,151.0,0.9912,3.35,0.58,11.6333333333333,7,0
5.7,0.21,0.37,4.5,0.04,58.0,140.0,0.99332,3.29,0.62,10.6,6,0
6.0,0.28,0.52,6.2,0.028,37.0,104.0,0.99161,3.28,0.51,11.8,7,0
6.5,0.33,0.32,1.0,0.041,39.0,120.0,0.99004,3.06,0.37,12.2,6,0
6.7,0.35,0.32,9.0,0.032,29.0,113.0,0.99188,3.13,0.65,12.9,7,0
5.9,0.12,0.28,1.4,0.037,36.0,83.0,0.99074,3.33,0.42,10.9,7,0
6.3,0.36,0.5,8.3,0.053,51.0,202.0,0.9955,3.2,0.51,9.6,6,0
5.7,0.27,0.16,9.0,0.053,32.0,111.0,0.99474,3.36,0.37,10.4,6,0
5.3,0.31,0.38,10.5,0.031,53.0,140.0,0.99321,3.34,0.46,11.7,6,0
5.2,0.185,0.22,1.0,0.03,47.0,123.0,0.99218,3.55,0.44,10.15,6,0
6.0,0.27,0.32,3.6,0.035,36.0,133.0,0.99215,3.23,0.46,10.8,6,0
5.6,0.26,0.5,11.4,0.029,25.0,93.0,0.99428,3.23,0.49,10.5,6,0
5.2,0.3,0.34,1.5,0.038,18.0,96.0,0.98942,3.56,0.48,13.0,8,0
6.4,0.32,0.25,5.0,0.055,28.0,138.0,0.99171,3.27,0.5,12.4,8,0
6.4,0.28,0.45,8.6,0.057,47.0,223.0,0.99654,3.16,0.51,9.1,5,0
5.8,0.315,0.19,19.4,0.031,28.0,106.0,0.99704,2.97,0.4,10.55,6,0
6.7,0.3,0.5,12.1,0.045,38.0,127.0,0.9974,3.04,0.53,8.9,6,0
6.7,0.3,0.5,12.1,0.045,38.0,127.0,0.9974,3.04,0.53,8.9,6,0
6.4,0.31,0.31,12.9,0.045,55.0,161.0,0.99546,3.02,0.59,10.2,5,0
5.7,0.33,0.32,1.4,0.043,28.0,93.0,0.9897,3.31,0.5,12.3,6,0
6.0,0.35,0.46,0.9,0.033,9.0,65.0,0.98934,3.24,0.35,12.1,4,1
5.8,0.36,0.5,1.0,0.127,63.0,178.0,0.99212,3.1,0.45,9.7,5,0
5.6,0.295,0.26,1.1,0.035,40.0,102.0,0.99154,3.47,0.56,10.6,6,0
5.6,0.34,0.25,2.5,0.046,47.0,182.0,0.99093,3.21,0.4,11.3,5,0
7.0,0.36,0.35,2.5,0.048,67.0,161.0,0.99146,3.05,0.56,11.1,6,0
6.2,0.355,0.35,2.0,0.046,31.0,95.0,0.98822,3.06,0.46,13.6,6,0
6.0,0.42,0.41,12.4,0.032,50.0,179.0,0.99622,3.14,0.6,9.7,5,0
6.8,0.22,0.36,1.2,0.052,38.0,127.0,0.9933,3.04,0.54,9.2,5,0
