8.1,0.27,0.41,1.45,0.033,11.0,63.0,0.9908,2.99,0.56,12.0,5,0
6.4,0.31,0.38,2.9,0.038,19.0,102.0,0.9912,3.17,0.35,11.0,7,0
6.7,0.23,0.26,1.4,0.06,33.0,154.0,0.9934,3.24,0.56,9.5,6,0
6.8,0.2,0.59,0.9,0.147,38.0,132.0,0.993,3.05,0.38,9.1,6,0
6.8,0.22,0.31,1.4,0.053,34.0,114.0,0.9929,3.39,0.77,10.6,6,0
7.2,0.39,0.63,11.0,0.044,55.0,156.0,0.9974,3.09,0.44,8.7,6,0
7.2,0.39,0.63,11.0,0.044,55.0,156.0,0.9974,3.09,0.44,8.7,6,0
7.2,0.27,0.46,18.75,0.052,45.0,255.0,1.0,3.04,0.52,8.9,5,0
5.5,0.485,0.0,1.5,0.065,8.0,103.0,0.994,3.63,0.4,9.7,4,1
7.3,0.32,0.48,13.3,0.06,57.0,196.0,0.9982,3.04,0.5,9.2,5,0
5.9,0.36,0.04,5.7,0.046,21.0,87.0,0.9934,3.22,0.51,10.2,5,0
8.1,0.2,0.4,2.0,0.037,19.0,87.0,0.9921,3.12,0.54,11.2,6,0
6.4,0.595,0.14,5.2,0.058,15.0,97.0,0.9951,3.38,0.36,9.0,4,1
7.5,0.27,0.31,17.7,0.051,33.0,173.0,0.999,3.09,0.64,10.2,5,0
6.9,0.23,0.4,7.5,0.04,50.0,151.0,0.9927,3.11,0.27,11.4,6,0
6.8,0.29,0.56,11.9,0.043,66.0,230.0,0.9972,3.02,0.63,9.3,5,0
6.4,0.29,0.44,3.6,0.2,75.0,181.0,0.9942,3.02,0.41,9.1,5,0
6.4,0.3,0.45,3.5,0.197,76.0,180.0,0.9942,3.02,0.39,9.1,6,0
6.8,0.27,0.26,16.1,0.049,55.0,196.0,0.9984,3.15,0.5,9.3,5,0
6.8,0.24,0.34,2.7,0.047,64.5,218.5,0.9934,3.3,0.58,9.7,6,0
8.5,0.26,0.21,16.2,0.074,41.0,197.0,0.998,3.02,0.5,9.8,3,1
6.9,0.29,0.4,19.45,0.043,36.0,156.0,0.9996,2.93,0.47,8.9,5,0
5.3,0.585,0.07,7.1,0.044,34.0,145.0,0.9945,3.34,0.57,9.7,6,0
6.6,0.58,0.3,5.1,0.057,30.0,123.0,0.9949,3.24,0.38,9.0,5,0
8.3,0.39,0.7,10.6,0.045,33.0,169.0,0.9976,3.09,0.57,9.4,5,0
7.2,0.19,0.46,3.8,0.041,82.0,187.0,0.9932,3.19,0.6,11.2,7,0
7.5,0.17,0.44,11.3,0.046,65.0,146.0,0.997,3.17,0.45,10.0,6,0
6.1,0.41,0.0,1.6,0.063,36.0,87.0,0.9914,3.27,0.67,10.8,6,0
6.0,0.29,0.21,1.3,0.055,42.0,168.0,0.9914,3.32,0.43,11.1,6,0
7.2,0.43,0.24,6.7,0.058,40.0,163.0,0.995,3.2,0.41,9.9,5,0
6.4,0.32,0.35,4.8,0.03,34.0,101.0,0.9912,3.36,0.6,12.5,8,0
6.3,0.12,0.36,2.1,0.044,47.0,146.0,0.9914,3.27,0.74,11.4,7,0
7.3,0.33,0.4,6.85,0.038,32.0,138.0,0.992,3.03,0.3,11.9,7,0
6.6,0.905,0.19,0.8,0.048,17.0,204.0,0.9934,3.34,0.56,10.0,5,0
7.2,0.28,0.26,12.5,0.046,48.0,179.0,0.9975,3.1,0.52,9.0,6,0
7.5,0.35,0.28,9.6,0.051,26.0,157.0,0.9969,3.12,0.53,9.2,6,0
6.8,0.37,0.51,11.8,0.044,62.0,163.0,0.9976,3.19,0.44,8.8,5,0
6.8,0.37,0.51,11.8,0.044,62.0,163.0,0.9976,3.19,0.44,8.8,5,0
7.0,0.21,0.28,8.7,0.045,37.0,222.0,0.9954,3.25,0.54,10.4,6,0
7.8,0.21,0.27,1.2,0.051,20.0,89.0,0.9936,3.06,0.46,9.1,5,0
7.4,0.155,0.34,2.3,0.045,73.5,214.0,0.9934,3.18,0.61,9.9,7,0
6.7,0.22,0.37,1.6,0.028,24.0,102.0,0.9913,3.29,0.59,11.6,7,0
6.1,0.38,0.2,6.6,0.033,25.0,137.0,0.9938,3.3,0.69,10.4,6,0
7.2,0.6,0.2,9.9,0.07,21.0,174.0,0.9971,3.03,0.54,9.1,5,0
6.4,0.28,0.29,1.6,0.052,34.0,127.0,0.9929,3.48,0.56,10.5,7,0
6.3,0.23,0.31,1.5,0.022,11.0,82.0,0.9892,3.3,0.4,12.9,7,0
7.1,0.21,0.27,8.6,0.056,26.0,111.0,0.9956,2.95,0.52,9.5,5,0
7.1,0.21,0.27,8.6,0.056,26.0,111.0,0.9956,2.95,0.52,9.5,5,0
5.5,0.16,0.22,4.5,0.03,30.0,102.0,0.9938,3.24,0.36,9.4,6,0
7.0,0.22,0.28,1.5,0.037,29.0,115.0,0.9927,3.11,0.55,10.5,6,0
7.8,0.19,0.26,8.9,0.039,42.0,182.0,0.996,3.18,0.46,9.9,6,0
5.7,0.335,0.34,1.0,0.04,13.0,174.0,0.992,3.27,0.66,10.0,5,0
6.0,0.24,0.27,1.9,0.048,40.0,170.0,0.9938,3.64,0.54,10.0,7,0
7.2,0.34,0.34,12.6,0.048,7.0,41.0,0.9942,3.19,0.4,11.7,5,0
5.8,0.36,0.32,1.7,0.033,22.0,96.0,0.9898,3.03,0.38,11.2,6,0
7.0,0.3,0.51,13.6,0.05,40.0,168.0,0.9976,3.07,0.52,9.6,7,0
9.2,0.25,0.34,1.2,0.026,31.0,93.0,0.9916,2.93,0.37,11.3,7,0
6.5,0.28,0.27,5.2,0.04,44.0,179.0,0.9948,3.19,0.69,9.4,6,0
7.2,0.2,0.34,2.7,0.032,49.0,151.0,0.99,3.16,0.39,12.7,7,0
8.2,0.22,0.3,1.8,0.047,47.0,185.0,0.9933,3.13,0.5,10.2,6,0
7.4,0.41,0.66,10.8,0.051,77.0,194.0,0.9976,3.05,0.46,8.7,5,0
7.4,0.24,0.22,10.7,0.042,26.0,81.0,0.9954,2.86,0.36,9.7,6,0
6.6,0.25,0.3,1.6,0.046,32.0,134.0,0.993,3.42,0.51,10.1,7,0
6.4,0.45,0.07,1.1,0.03,10.0,131.0,0.9905,2.97,0.28,10.8,5,0
6.1,0.28,0.25,17.75,0.044,48.0,161.0,0.9993,3.34,0.48,9.5,5,0
7.8,0.26,0.27,1.9,0.051,52.0,195.0,0.9928,3.23,0.5,10.9,6,0
7.7,0.24,0.27,1.8,0.051,52.0,190.0,0.9928,3.23,0.5,10.8,6,0
6.0,0.29,0.2,12.6,0.045,45.0,187.0,0.9972,3.33,0.42,9.5,5,0
7.4,0.28,0.25,11.9,0.053,25.0,148.0,0.9976,3.1,0.62,9.2,5,0
6.3,0.26,0.25,7.8,0.058,44.0,166.0,0.9961,3.24,0.41,9.0,5,0
7.1,0.26,0.34,14.4,0.067,35.0,189.0,0.9986,3.07,0.53,9.1,7,0
8.2,0.27,0.43,1.6,0.035,31.0,128.0,0.9916,3.1,0.5,12.3,6,0
7.8,0.3,0.4,1.8,0.028,23.0,122.0,0.9914,3.14,0.39,10.9,7,0
6.0,0.33,0.27,0.8,0.185,12.0,188.0,0.9924,3.12,0.62,9.4,5,0
8.8,0.28,0.45,6.0,0.022,14.0,49.0,0.9934,3.01,0.33,11.1,7,0
6.9,0.38,0.25,9.8,0.04,28.0,191.0,0.9971,3.28,0.61,9.2,5,0
7.1,0.21,0.31,3.8,0.021,40.0,142.0,0.99215,3.17,0.39,10.8,7,0
6.9,0.39,0.4,4.6,0.022,5.0,19.0,0.9915,3.31,0.37,12.6,3,1
6.8,0.24,0.49,19.3,0.057,55.0,247.0,1.00055,3.0,0.56,8.7,5,0
6.8,0.2,0.36,1.6,0.028,7.0,46.0,0.99175,3.21,0.6,10.9,6,0
6.4,0.225,0.48,2.2,0.115,29.0,104.0,0.9918,3.24,0.58,12.1,6,0
7.7,0.34,0.28,11.0,0.04,31.0,117.0,0.99815,3.27,0.29,9.2,6,0
5.9,0.24,0.3,2.0,0.033,28.0,92.0,0.99225,3.39,0.69,10.9,7,0
7.8,0.42,0.23,8.8,0.054,42.0,215.0,0.9971,3.02,0.58,9.2,6,0
6.8,0.39,0.35,11.6,0.044,57.0,220.0,0.99775,3.07,0.53,9.3,5,0
6.0,0.41,0.05,1.5,0.063,17.0,120.0,0.9932,3.21,0.56,9.2,6,0
6.5,0.26,0.32,16.5,0.045,44.0,166.0,1.0,3.38,0.46,9.5,6,0
6.2,0.3,0.17,2.8,0.04,24.0,125.0,0.9939,3.01,0.46,9.0,5,0
6.8,0.18,0.21,5.4,0.053,34.0,104.0,0.99445,3.3,0.43,9.4,5,0
8.4,0.18,0.42,5.1,0.036,7.0,77.0,0.9939,3.16,0.52,11.7,5,0
6.0,0.2,0.24,1.8,0.03,30.0,105.0,0.9909,3.31,0.47,11.5,6,0
6.9,0.18,0.36,1.3,0.036,40.0,117.0,0.9934,3.27,0.95,9.5,7,0
8.2,0.4,0.48,13.7,0.042,59.0,169.0,0.9986,3.1,0.52,9.4,5,0
6.9,0.18,0.36,1.3,0.036,40.0,117.0,0.9934,3.27,0.95,9.5,7,0
7.3,0.28,0.42,14.4,0.04,49.0,173.0,0.9994,3.28,0.82,9.0,7,0
6.0,0.45,0.65,9.7,0.08,11.0,159.0,0.9956,3.04,0.48,9.4,5,0
5.8,0.26,0.18,1.2,0.031,40.0,114.0,0.9908,3.42,0.4,11.0,7,0
7.1,0.25,0.39,2.1,0.036,30.0,124.0,0.9908,3.28,0.43,12.2,8,0
7.9,0.28,0.41,2.0,0.044,50.0,152.0,0.9934,3.45,0.49,10.7,8,0
6.1,0.36,0.58,15.0,0.044,42.0,115.0,0.9978,3.15,0.51,9.0,5,0
6.6,0.2,0.32,1.1,0.039,25.0,78.0,0.9926,3.39,0.54,10.2,7,0
7.3,0.24,0.34,15.4,0.05,38.0,174.0,0.9983,3.03,0.42,9.0,6,0
6.0,0.19,0.71,1.5,0.152,9.0,55.0,0.9927,3.12,0.46,9.8,6,0
7.4,0.28,0.3,5.3,0.054,44.0,161.0,0.9941,3.12,0.48,10.3,6,0
5.8,0.36,0.26,3.3,0.038,40.0,153.0,0.9911,3.34,0.55,11.3,6,0
7.7,0.16,0.41,1.7,0.048,60.0,173.0,0.9932,3.24,0.66,11.2,7,0
7.1,0.3,0.36,6.8,0.055,44.5,234.0,0.9972,3.49,0.64,10.2,6,0
7.5,0.17,0.37,1.5,0.06,18.0,75.0,0.9936,3.54,0.88,10.7,5,0
7.1,0.47,0.24,6.0,0.044,11.0,77.0,0.9956,3.21,0.56,9.7,5,0
9.4,0.29,0.55,2.2,0.05,17.0,119.0,0.9962,3.12,0.69,10.3,4,1
7.0,0.31,0.52,1.7,0.029,5.0,61.0,0.9918,3.07,0.43,10.4,5,0
6.7,0.26,0.26,4.0,0.079,35.5,216.0,0.9956,3.31,0.68,9.5,5,0
7.7,0.34,0.3,8.0,0.048,25.0,192.0,0.9951,2.97,0.47,10.9,5,0
7.0,0.24,0.32,1.3,0.037,39.0,123.0,0.992,3.17,0.42,11.2,8,0
7.4,0.24,0.31,8.4,0.045,52.0,183.0,0.9963,3.09,0.32,8.8,5,0
6.3,0.27,0.25,5.8,0.038,52.0,155.0,0.995,3.28,0.38,9.4,6,0
6.5,0.115,0.29,1.95,0.038,73.0,166.0,0.989,3.12,0.25,12.9,7,0
6.1,0.31,0.37,8.4,0.031,70.0,170.0,0.9934,3.42,0.4,11.7,8,0
9.1,0.27,0.32,1.1,0.031,15.0,151.0,0.9936,3.03,0.41,10.6,5,0
7.1,0.21,0.3,1.4,0.037,45.0,143.0,0.9932,3.13,0.33,9.9,6,0
7.4,0.25,0.37,6.9,0.02,14.0,93.0,0.9939,3.0,0.48,10.7,7,0
5.0,0.33,0.16,1.5,0.049,10.0,97.0,0.9917,3.48,0.44,10.7,6,0
8.0,0.61,0.38,12.1,0.301,24.0,220.0,0.9993,2.94,0.48,9.2,5,0
5.7,0.245,0.33,1.1,0.049,28.0,150.0,0.9927,3.13,0.42,9.3,5,0
7.6,0.31,0.29,10.5,0.04,21.0,145.0,0.9966,3.04,0.35,9.4,5,0
7.6,0.31,0.29,10.5,0.04,21.0,145.0,0.9966,3.04,0.35,9.4,5,0
7.5,0.23,0.32,9.2,0.038,54.0,191.0,0.9966,3.04,0.56,9.7,6,0
8.2,0.2,0.36,8.1,0.035,60.0,163.0,0.9952,3.05,0.3,10.3,6,0
6.8,0.24,0.4,1.8,0.047,34.0,105.0,0.99,3.13,0.49,12.8,8,0
9.0,0.24,0.5,1.2,0.048,26.0,107.0,0.9918,3.21,0.34,12.4,6,0
7.2,0.16,0.32,0.8,0.04,50.0,121.0,0.9922,3.27,0.33,10.0,6,0
6.5,0.37,0.33,3.9,0.027,40.0,130.0,0.9906,3.28,0.39,12.7,7,0
7.3,0.22,0.41,15.4,0.05,55.0,191.0,1.0,3.32,0.59,8.9,6,0
6.5,0.19,0.32,1.4,0.04,31.0,132.0,0.9922,3.36,0.54,10.8,7,0
7.6,0.28,0.39,1.9,0.052,23.0,116.0,0.9941,3.25,0.4,10.4,6,0
6.6,0.42,0.33,2.8,0.034,15.0,85.0,0.99,3.28,0.51,13.4,6,0
5.7,0.135,0.3,4.6,0.042,19.0,101.0,0.9946,3.31,0.42,9.3,6,0
5.6,0.49,0.13,4.5,0.039,17.0,116.0,0.9907,3.42,0.9,13.7,7,0
5.9,0.415,0.02,0.8,0.038,22.0,63.0,0.9932,3.36,0.36,9.3,5,0
5.3,0.165,0.24,1.1,0.051,25.0,105.0,0.9925,3.32,0.47,9.1,5,0
7.1,0.29,0.49,1.2,0.031,32.0,99.0,0.9893,3.07,0.33,12.2,6,0
8.3,0.2,0.74,4.45,0.044,33.0,130.0,0.9924,3.25,0.42,12.2,6,0
6.9,0.19,0.49,6.6,0.036,49.0,172.0,0.9932,3.2,0.27,11.5,6,0
7.2,0.4,0.49,1.1,0.048,11.0,138.0,0.9929,3.01,0.42,9.3,5,0
7.1,0.85,0.49,8.7,0.028,40.0,184.0,0.9962,3.22,0.36,10.7,5,0
7.4,0.19,0.49,9.3,0.03,26.0,132.0,0.994,2.99,0.32,11.0,7,0
7.9,0.2,0.49,1.6,0.053,15.0,144.0,0.993,3.16,0.47,10.5,5,0
7.3,0.22,0.49,9.4,0.034,29.0,134.0,0.9939,2.99,0.32,11.0,7,0
8.4,0.23,0.49,7.8,0.035,22.0,95.0,0.9935,3.04,0.34,12.0,6,0
7.2,0.27,0.74,12.5,0.037,47.0,156.0,0.9981,3.04,0.44,8.7,5,0
6.6,0.21,0.49,18.15,0.042,41.0,158.0,0.9997,3.28,0.39,8.7,6,0
8.1,0.28,0.49,1.0,0.04,32.0,148.0,0.9936,3.13,0.41,10.0,6,0
6.7,0.3,0.49,4.8,0.034,36.0,158.0,0.9945,3.12,0.45,9.9,6,0
7.9,0.42,0.49,8.2,0.056,32.0,164.0,0.9965,3.29,0.6,11.2,7,0
7.8,0.3,0.74,1.8,0.033,33.0,156.0,0.991,3.29,0.52,12.8,6,0
7.8,0.26,0.49,3.1,0.045,21.0,116.0,0.9931,3.16,0.35,10.3,5,0
7.0,0.29,0.49,3.8,0.047,37.0,136.0,0.9938,2.95,0.4,9.4,6,0
7.0,0.29,0.49,3.8,0.047,37.0,136.0,0.9938,2.95,0.4,9.4,6,0
7.8,0.26,0.49,3.2,0.027,28.0,87.0,0.9919,3.03,0.32,11.3,7,0
7.8,0.49,0.49,7.0,0.043,29.0,149.0,0.9952,3.21,0.33,10.0,5,0
7.9,0.22,0.49,3.8,0.042,26.0,105.0,0.993,3.1,0.39,10.5,5,0
6.4,0.22,0.49,7.5,0.054,42.0,151.0,0.9948,3.27,0.52,10.1,6,0
6.3,0.26,0.29,2.2,0.043,35.0,175.0,0.9918,3.38,0.43,11.6,6,0
6.8,0.26,0.29,16.95,0.056,48.0,179.0,0.9998,3.45,0.4,9.6,5,0
8.2,0.15,0.48,2.7,0.052,24.0,190.0,0.995,3.5,0.45,10.9,7,0
6.1,0.34,0.31,12.0,0.053,46.0,238.0,0.9977,3.16,0.48,8.6,5,0
8.0,0.27,0.24,1.2,0.044,20.0,102.0,0.9929,3.28,0.42,10.9,5,0
6.3,0.25,0.23,14.9,0.039,47.0,142.0,0.99705,3.14,0.35,9.7,6,0
8.0,0.3,0.28,5.7,0.044,31.0,124.0,0.9948,3.16,0.51,10.2,6,0
6.4,0.17,0.27,1.5,0.037,20.0,98.0,0.9916,3.46,0.42,11.0,7,0
6.4,0.15,0.36,1.8,0.034,43.0,150.0,0.9922,3.42,0.69,11.0,8,0
8.7,0.45,0.4,1.5,0.067,17.0,100.0,0.9957,3.27,0.57,10.1,6,0
7.4,0.33,0.26,2.6,0.04,29.0,115.0,0.9913,3.07,0.52,11.8,7,0
7.5,0.33,0.39,12.4,0.065,29.0,119.0,0.9974,3.16,0.39,9.4,5,0
7.2,0.15,0.38,1.2,0.038,18.0,110.0,0.9917,3.19,0.43,11.1,6,0
6.8,0.33,0.28,1.2,0.032,38.0,131.0,0.9889,3.19,0.41,13.0,6,0
7.2,0.24,0.29,2.2,0.037,37.0,102.0,0.992,3.27,0.64,11.0,7,0
7.4,0.44,0.2,11.5,0.049,44.0,157.0,0.998,3.27,0.44,9.0,5,0
6.4,0.18,0.31,1.6,0.049,36.0,127.0,0.9934,3.6,0.67,10.4,7,0
8.0,0.22,0.28,14.0,0.053,83.0,197.0,0.9981,3.14,0.45,9.8,6,0
7.3,0.13,0.31,2.3,0.054,22.0,104.0,0.9924,3.24,0.92,11.5,7,0
6.9,0.37,0.28,13.8,0.031,34.0,137.0,0.9948,3.1,0.37,11.6,6,0
7.2,0.2,0.61,16.2,0.043,14.0,103.0,0.9987,3.06,0.36,9.2,6,0
7.2,0.2,0.61,16.2,0.043,14.0,103.0,0.9987,3.06,0.36,9.2,6,0
6.7,0.44,0.31,1.9,0.03,41.0,104.0,0.99,3.29,0.62,12.6,7,0
7.2,0.36,0.36,5.7,0.038,26.0,98.0,0.9914,2.93,0.59,12.5,7,0
6.8,0.28,0.36,1.6,0.04,25.0,87.0,0.9924,3.23,0.66,10.3,6,0
7.2,0.16,0.35,1.2,0.031,27.0,84.0,0.9928,3.33,0.34,9.9,5,0
6.8,0.31,0.32,7.6,0.052,35.0,143.0,0.9959,3.14,0.38,9.0,5,0
6.0,0.45,0.42,1.1,0.051,61.0,197.0,0.9932,3.02,0.4,9.0,5,0
7.2,0.19,0.31,1.4,0.046,37.0,135.0,0.9939,3.34,0.57,10.2,7,0
7.4,0.26,0.31,2.4,0.043,58.0,178.0,0.9941,3.42,0.68,10.6,6,0
9.5,0.42,0.41,2.3,0.034,22.0,145.0,0.9951,3.06,0.52,11.0,6,0
6.7,0.3,0.45,10.6,0.032,56.0,212.0,0.997,3.22,0.59,9.5,6,0
7.3,0.29,0.29,4.6,0.029,27.0,155.0,0.9931,3.07,0.26,10.6,6,0
7.1,0.33,0.25,1.6,0.03,25.0,126.0,0.9901,3.22,0.34,12.1,7,0
6.8,0.36,0.32,1.6,0.039,10.0,124.0,0.9948,3.3,0.67,9.6,5,0
7.4,0.45,0.32,7.1,0.044,17.0,117.0,0.9962,3.32,0.41,10.4,4,1
7.9,0.17,0.32,1.6,0.053,47.0,150.0,0.9948,3.29,0.76,9.6,6,0
7.4,0.18,0.36,13.1,0.056,72.0,163.0,1.0,3.42,0.35,9.1,6,0
7.4,0.18,0.36,13.1,0.056,72.0,163.0,1.0,3.42,0.35,9.1,6,0
7.7,0.23,0.31,10.7,0.038,59.0,186.0,0.9969,3.12,0.55,9.5,6,0
6.8,0.2,0.27,1.2,0.034,19.0,68.0,0.9902,3.14,0.37,11.7,4,1
6.0,0.28,0.22,12.15,0.048,42.0,163.0,0.9957,3.2,0.46,10.1,5,0
7.0,0.35,0.24,1.9,0.04,21.0,144.0,0.9923,3.35,0.38,11.0,5,0
7.9,0.18,0.36,5.9,0.058,31.0,132.0,0.995,3.25,0.52,10.9,6,0
7.7,0.28,0.35,15.3,0.056,31.0,117.0,0.9998,3.27,0.5,9.6,5,0
7.2,0.115,0.3,6.8,0.056,26.0,105.0,0.9954,3.44,0.4,9.6,6,0
6.8,0.24,0.34,5.1,0.038,31.0,99.0,0.9921,3.24,0.46,11.8,6,0
7.6,0.32,0.58,16.75,0.05,43.0,163.0,0.9999,3.15,0.54,9.2,5,0
6.3,0.3,0.24,6.6,0.04,38.0,141.0,0.995,3.22,0.47,9.5,5,0
6.4,0.33,0.24,9.8,0.041,29.0,109.0,0.9956,3.29,0.47,10.1,6,0
7.0,0.32,0.35,1.5,0.039,24.0,125.0,0.9918,3.17,0.64,12.2,6,0
7.1,0.26,0.3,2.0,0.031,13.0,128.0,0.9917,3.19,0.49,11.4,5,0
8.0,0.45,0.28,10.8,0.051,25.0,157.0,0.9957,3.06,0.47,11.4,7,0
7.1,0.2,0.36,11.6,0.042,45.0,124.0,0.997,2.92,0.59,9.5,7,0
6.9,0.25,0.35,9.2,0.034,42.0,150.0,0.9947,3.21,0.36,11.5,6,0
6.9,0.44,0.42,8.5,0.048,10.0,147.0,0.9974,3.32,0.46,9.5,6,0
7.0,0.36,0.14,11.6,0.043,35.0,228.0,0.9977,3.13,0.51,8.9,5,0
7.3,0.21,0.21,1.6,0.046,35.0,133.0,0.99466,3.38,0.46,10.0,6,0
7.6,0.48,0.28,10.4,0.049,57.0,205.0,0.99748,3.24,0.45,9.3,5,0
8.5,0.19,0.56,17.3,0.055,47.0,169.0,1.00047,3.07,0.67,9.3,6,0
6.7,0.31,0.18,7.7,0.043,57.0,200.0,0.99566,3.17,0.44,9.4,6,0
7.5,0.42,0.2,1.4,0.06,15.0,168.0,0.9944,3.06,0.4,9.4,6,0
6.6,0.4,0.32,1.7,0.035,39.0,84.0,0.99096,3.59,0.48,12.7,7,0
7.2,0.34,0.3,8.4,0.051,40.0,167.0,0.99756,3.48,0.62,9.7,5,0
7.0,0.23,0.26,7.2,0.041,21.0,90.0,0.99509,3.22,0.55,9.5,6,0
7.7,0.28,0.63,11.1,0.039,58.0,179.0,0.9979,3.08,0.44,8.8,4,1
8.3,0.26,0.31,2.0,0.029,14.0,141.0,0.99077,2.95,0.77,12.2,6,0
7.9,0.46,0.4,10.1,0.168,19.0,184.0,0.99782,3.06,0.62,9.5,5,0
6.5,0.21,0.28,1.4,0.046,26.0,66.0,0.99199,3.43,0.48,11.1,6,0
6.7,0.24,0.26,12.6,0.053,44.0,182.0,0.99802,3.42,0.42,9.7,5,0
7.0,0.32,0.29,4.9,0.036,41.0,150.0,0.99168,3.38,0.43,12.2,6,0
7.0,0.22,0.29,8.9,0.05,24.0,90.0,0.99556,3.29,0.46,9.8,6,0
6.4,0.27,0.19,1.9,0.085,21.0,196.0,0.99516,3.49,0.64,9.5,4,1
6.9,0.15,0.28,4.4,0.029,14.0,107.0,0.99347,3.24,0.46,10.4,8,0
6.5,0.24,0.29,8.2,0.043,32.0,156.0,0.99453,3.13,0.7,10.1,6,0
6.3,0.695,0.55,12.9,0.056,58.0,252.0,0.99806,3.29,0.49,8.7,5,0
8.8,0.33,0.36,2.1,0.034,19.0,125.0,0.99166,2.96,0.98,12.7,6,0
8.1,0.34,0.28,7.5,0.04,70.0,230.0,0.99558,3.14,0.55,9.8,6,0
6.9,0.43,0.28,9.4,0.056,29.0,183.0,0.99594,3.17,0.43,9.4,5,0
6.9,0.43,0.28,9.4,0.056,29.0,183.0,0.99594,3.17,0.43,9.4,5,0
7.6,0.285,0.32,14.6,0.063,32.0,201.0,0.998,3.0,0.45,9.2,5,0
6.6,0.56,0.15,10.0,0.037,38.0,157.0,0.99642,3.28,0.52,9.4,5,0
7.0,0.26,0.26,10.8,0.039,37.0,184.0,0.99787,3.47,0.58,10.3,7,0
7.9,0.27,0.27,1.7,0.034,25.0,122.0,0.99088,2.97,0.51,11.9,6,0
8.5,0.3,0.28,3.1,0.054,54.0,174.0,0.99543,3.21,0.43,9.4,6,0
6.6,0.26,0.25,11.6,0.045,45.0,178.0,0.99691,3.33,0.43,9.8,6,0
5.6,0.175,0.29,0.8,0.043,20.0,67.0,0.99112,3.28,0.48,9.9,6,0
6.3,0.24,0.55,8.1,0.04,67.0,216.0,0.99596,3.24,0.5,9.2,5,0
7.3,0.16,0.35,1.5,0.036,29.0,108.0,0.99342,3.27,0.51,10.2,6,0
6.3,0.26,0.42,7.1,0.045,62.0,209.0,0.99544,3.2,0.53,9.5,6,0
6.4,0.15,0.44,1.2,0.043,67.0,150.0,0.9907,3.14,0.73,11.2,7,0
6.9,0.32,0.26,2.3,0.03,11.0,103.0,0.99106,3.06,0.42,11.1,6,0
6.6,0.24,0.28,1.8,0.028,39.0,132.0,0.99182,3.34,0.46,11.4,5,0
5.4,0.5,0.13,5.0,0.028,12.0,107.0,0.99079,3.48,0.88,13.5,7,0
6.4,0.22,0.34,1.4,0.023,56.0,115.0,0.98958,3.18,0.7,11.7,6,0
7.8,0.28,0.31,2.1,0.046,28.0,208.0,0.99434,3.23,0.64,9.8,5,0
7.2,0.2,0.36,2.5,0.028,22.0,157.0,0.9938,3.48,0.49,10.6,6,0
6.3,0.27,0.46,11.1,0.053,44.0,177.0,0.99691,3.18,0.67,9.4,5,0
6.15,0.21,0.37,3.2,0.021,20.0,80.0,0.99076,3.39,0.47,12.0,5,0
6.5,0.18,0.41,14.2,0.039,47.0,129.0,0.99678,3.28,0.72,10.3,7,0
6.5,0.18,0.41,14.2,0.039,47.0,129.0,0.99678,3.28,0.72,10.3,7,0
6.15,0.21,0.37,3.2,0.021,20.0,80.0,0.99076,3.39,0.47,12.0,5,0
4.5,0.19,0.21,0.95,0.033,89.0,159.0,0.99332,3.34,0.42,8.0,5,0
9.2,0.14,0.37,1.1,0.034,36.0,84.0,0.99136,3.05,0.55,11.6,6,0
6.4,0.28,0.27,11.0,0.042,45.0,148.0,0.99786,3.14,0.46,8.7,5,0
6.7,0.33,0.34,6.6,0.067,35.0,156.0,0.99542,3.11,0.48,9.3,6,0
6.2,0.21,0.34,6.6,0.03,36.0,91.0,0.9914,3.32,0.45,12.5,7,0
8.3,0.4,0.41,8.2,0.05,15.0,122.0,0.9979,3.39,0.49,9.3,5,0
6.8,0.26,0.4,7.5,0.046,45.0,179.0,0.99583,3.2,0.49,9.3,5,0
7.0,0.15,0.3,13.3,0.049,46.0,120.0,0.99704,3.2,0.36,9.5,7,0
7.9,0.37,0.31,2.85,0.037,5.0,24.0,0.9911,3.19,0.36,11.9,6,0
6.6,0.24,0.38,8.0,0.042,56.0,187.0,0.99577,3.21,0.46,9.2,5,0
7.2,0.19,0.27,11.2,0.061,46.0,149.0,0.99772,2.99,0.59,9.3,6,0
6.5,0.23,0.36,16.3,0.038,43.0,133.0,0.99924,3.26,0.41,8.8,5,0
6.6,0.26,0.38,6.5,0.17,68.0,201.0,0.9956,3.19,0.38,9.4,6,0
6.5,0.23,0.36,16.3,0.038,43.0,133.0,0.99924,3.26,0.41,8.8,5,0
7.5,0.18,0.31,6.5,0.029,53.0,160.0,0.99276,3.03,0.38,10.9,6,0
6.8,0.17,0.36,1.4,0.036,38.0,108.0,0.99006,3.19,0.66,12.0,6,0
7.1,0.43,0.3,6.6,0.025,15.0,138.0,0.99126,3.18,0.46,12.6,6,0
5.8,0.315,0.27,1.55,0.026,15.0,70.0,0.98994,3.37,0.4,11.9,8,0
7.7,0.3,0.34,1.2,0.048,4.0,119.0,0.99084,3.18,0.34,12.1,6,0
7.8,0.965,0.6,65.8,0.074,8.0,160.0,1.03898,3.39,0.69,11.7,6,0
6.8,0.35,0.53,10.1,0.053,37.0,151.0,0.9963,3.07,0.4,9.4,5,0
6.5,0.37,0.3,2.2,0.033,39.0,107.0,0.98894,3.22,0.53,13.5,7,0
7.1,0.26,0.32,16.2,0.044,31.0,170.0,0.99644,3.17,0.37,11.2,5,0
6.5,0.22,0.45,8.0,0.053,52.0,196.0,0.9959,3.23,0.48,9.1,6,0
6.4,0.22,0.31,13.9,0.04,57.0,135.0,0.99672,3.21,0.38,10.7,5,0
5.7,0.37,0.3,1.1,0.029,24.0,88.0,0.98883,3.18,0.39,11.7,6,0
6.8,0.475,0.33,3.95,0.047,16.0,81.0,0.98988,3.23,0.53,13.4,7,0
6.4,0.125,0.36,1.4,0.044,22.0,68.0,0.99014,3.15,0.5,11.7,7,0
7.0,0.31,0.31,9.1,0.036,45.0,140.0,0.99216,2.98,0.31,12.0,7,0
7.0,0.12,0.29,10.3,0.039,41.0,98.0,0.99564,3.19,0.38,9.8,8,0
7.7,0.11,0.34,14.05,0.04,41.0,114.0,0.99634,3.07,0.59,11.0,7,0
7.5,0.19,0.4,7.1,0.056,50.0,110.0,0.9954,3.06,0.52,9.9,6,0
7.0,0.2,0.31,8.0,0.05,29.0,213.0,0.99596,3.28,0.57,10.4,6,0
6.7,0.18,0.28,10.2,0.039,29.0,115.0,0.99469,3.11,0.45,10.9,7,0
7.2,0.19,0.31,6.3,0.034,17.0,103.0,0.99305,3.15,0.52,11.4,7,0
6.7,0.18,0.28,10.2,0.039,29.0,115.0,0.99469,3.11,0.45,10.9,7,0
6.8,0.25,0.37,3.1,0.026,29.0,93.0,0.99035,3.14,0.45,12.2,6,0
7.2,0.32,0.3,8.25,0.02,14.0,104.0,0.99362,2.99,0.44,11.4,6,0
6.8,0.27,0.29,4.6,0.046,6.0,88.0,0.99458,3.34,0.48,10.6,4,1
8.0,0.74,0.21,4.0,0.05,24.0,133.0,0.99418,3.06,0.38,9.7,5,0
6.7,0.14,0.46,1.6,0.036,15.0,92.0,0.99264,3.37,0.49,10.9,5,0
6.0,0.24,0.33,2.5,0.026,31.0,85.0,0.99014,3.13,0.5,11.3,7,0
6.5,0.23,0.45,2.1,0.027,43.0,104.0,0.99054,3.02,0.52,11.3,6,0
6.2,0.25,0.38,7.9,0.045,54.0,208.0,0.99572,3.17,0.46,9.1,5,0
7.0,0.53,0.43,6.1,0.029,6.0,76.0,0.99118,3.08,0.5,12.5,8,0
6.6,0.35,0.34,4.9,0.032,9.0,125.0,0.99253,3.32,0.81,12.0,5,0
6.6,0.17,0.35,2.6,0.03,33.0,78.0,0.99146,3.22,0.72,11.3,6,0
5.8,0.31,0.32,4.5,0.024,28.0,94.0,0.98906,3.25,0.52,13.7,7,0
6.6,0.78,0.5,1.5,0.045,30.0,133.0,0.99104,3.25,0.48,11.7,5,0
7.0,0.26,0.34,10.9,0.038,25.0,84.0,0.99432,3.11,0.34,10.9,6,0
6.5,0.29,0.26,7.0,0.04,18.0,113.0,0.99366,3.17,0.38,10.2,6,0
7.6,0.35,0.46,14.7,0.047,33.0,151.0,0.99709,3.03,0.53,10.3,5,0
6.9,0.3,0.36,4.5,0.054,31.0,203.0,0.99513,3.4,0.57,10.4,4,1
6.5,0.23,0.39,1.9,0.036,41.0,98.0,0.99,3.19,0.43,11.9,7,0
5.9,0.19,0.37,0.8,0.027,3.0,21.0,0.9897,3.09,0.31,10.8,5,0
6.6,0.25,0.35,2.9,0.034,38.0,121.0,0.99008,3.19,0.4,12.8,6,0
6.5,0.16,0.33,4.8,0.043,45.0,114.0,0.992,3.18,0.44,11.2,6,0
6.2,0.23,0.36,17.2,0.039,37.0,130.0,0.99946,3.23,0.43,8.8,6,0
6.2,0.23,0.36,17.2,0.039,37.0,130.0,0.99946,3.23,0.43,8.8,6,0
5.8,0.29,0.33,3.7,0.029,30.0,88.0,0.98994,3.25,0.42,12.3,6,0
7.1,0.36,0.37,4.8,0.019,39.0,114.0,0.99036,3.08,0.49,12.7,7,0
7.8,0.3,0.36,4.6,0.024,20.0,198.0,0.99222,3.06,0.66,11.9,6,0
5.7,0.16,0.26,6.3,0.043,28.0,113.0,0.9936,3.06,0.58,9.9,6,0
7.6,0.17,0.46,0.9,0.036,63.0,147.0,0.99126,3.02,0.41,10.7,6,0
6.4,0.23,0.35,4.6,0.039,43.0,147.0,0.99216,3.18,0.4,11.0,7,0
5.3,0.3,0.16,4.2,0.029,37.0,100.0,0.9905,3.3,0.36,11.8,8,0
7.4,0.19,0.31,14.5,0.045,39.0,193.0,0.9986,3.1,0.5,9.2,6,0
4.2,0.215,0.23,5.1,0.041,64.0,157.0,0.99688,3.42,0.44,8.0,3,1
6.4,0.23,0.32,1.9,0.038,40.0,118.0,0.99074,3.32,0.53,11.8,7,0
6.6,0.435,0.38,9.2,0.058,66.0,243.0,0.99833,3.23,0.54,9.1,6,0
6.2,0.3,0.31,1.2,0.048,19.0,125.0,0.98999,3.32,0.54,12.6,6,0
6.9,0.38,0.29,13.65,0.048,52.0,189.0,0.99784,3.0,0.6,9.5,6,0
5.9,0.2,0.28,12.8,0.038,29.0,132.0,0.99426,3.31,0.57,11.8,7,0
5.9,0.19,0.21,1.7,0.045,57.0,135.0,0.99341,3.32,0.44,9.5,5,0
6.9,0.19,0.35,6.9,0.045,51.0,125.0,0.9933,3.1,0.44,10.7,7,0
6.1,0.28,0.27,4.7,0.03,56.0,140.0,0.99042,3.16,0.42,12.5,8,0
6.9,0.29,0.3,8.2,0.026,35.0,112.0,0.99144,3.0,0.37,12.3,6,0
6.5,0.25,0.45,7.8,0.048,52.0,188.0,0.99576,3.2,0.53,9.1,5,0
6.1,0.3,0.3,2.1,0.031,50.0,163.0,0.9895,3.39,0.43,12.7,7,0
7.1,0.17,0.4,14.55,0.047,47.0,156.0,0.99945,3.34,0.78,9.1,6,0
6.9,0.24,0.23,7.1,0.041,20.0,97.0,0.99246,3.1,0.85,11.4,6,0
7.3,0.34,0.3,9.4,0.057,34.0,178.0,0.99554,3.15,0.44,10.4,6,0
6.7,0.24,0.3,3.85,0.042,105.0,179.0,0.99189,3.04,0.59,11.3,8,0
6.6,0.24,0.27,10.3,0.047,54.0,219.0,0.99742,3.04,0.45,8.8,5,0
6.5,0.22,0.19,1.1,0.064,36.0,191.0,0.99297,3.05,0.5,9.5,6,0
6.1,0.36,0.26,8.15,0.035,14.0,88.0,0.99031,3.06,0.27,13.0,7,0
6.2,0.37,0.24,6.1,0.032,19.0,86.0,0.98934,3.04,0.26,13.4,8,0
6.0,0.28,0.27,15.5,0.036,31.0,134.0,0.99408,3.19,0.44,13.0,7,0
6.8,0.19,0.33,1.3,0.031,22.0,87.0,0.98987,3.08,0.62,12.3,7,0
5.9,0.23,0.24,3.8,0.038,61.0,152.0,0.99139,3.31,0.5,11.3,7,0
6.0,0.23,0.15,9.7,0.048,101.0,207.0,0.99571,3.05,0.3,9.1,5,0
6.6,0.22,0.3,14.7,0.045,50.0,136.0,0.99704,3.14,0.37,10.6,6,0
6.5,0.28,0.25,4.8,0.029,54.0,128.0,0.99074,3.17,0.44,12.2,7,0
7.5,0.34,0.24,3.85,0.031,5.0,34.0,0.99098,3.01,0.36,11.8,4,1
8.0,0.25,0.27,9.7,0.036,15.0,85.0,0.99406,2.99,0.36,11.2,6,0
5.9,0.655,0.0,5.6,0.033,8.0,31.0,0.9936,3.32,0.51,10.5,4,1
6.8,0.45,0.28,26.05,0.031,27.0,122.0,1.00295,3.06,0.42,10.6,6,0
6.6,0.3,0.25,8.0,0.036,21.0,124.0,0.99362,3.06,0.38,10.8,6,0
6.4,0.29,0.32,2.4,0.014,34.0,89.0,0.99008,3.24,0.66,12.5,7,0
6.0,0.25,0.4,5.7,0.052,56.0,152.0,0.99398,3.16,0.88,10.5,6,0
5.9,0.18,0.28,5.1,0.039,50.0,139.0,0.99165,3.16,0.44,11.3,6,0
7.3,0.31,0.25,6.65,0.032,30.0,138.0,0.99244,2.9,0.37,11.1,5,0
6.6,0.085,0.33,1.4,0.036,17.0,109.0,0.99306,3.27,0.61,9.5,6,0
7.1,0.28,0.28,8.5,0.03,25.0,191.0,0.99338,3.16,0.46,12.2,7,0
6.8,0.21,0.26,11.7,0.038,61.0,152.0,0.99523,3.02,0.56,10.5,7,0
6.5,0.27,0.26,11.0,0.03,2.0,82.0,0.99402,3.07,0.36,11.2,5,0
6.8,0.3,0.29,6.2,0.025,29.0,95.0,0.99071,3.03,0.32,12.9,7,0
6.8,0.15,0.41,12.9,0.044,79.5,183.0,0.99742,3.24,0.78,10.2,6,0
7.0,0.22,0.26,9.2,0.027,37.0,122.0,0.99228,3.06,0.34,12.5,8,0
6.8,0.31,0.3,8.0,0.028,33.0,122.0,0.99164,3.13,0.63,12.6,7,0
6.6,0.26,0.22,18.15,0.05,23.0,139.0,0.99904,3.06,0.5,9.2,5,0
6.7,0.31,0.09,1.4,0.039,53.0,141.0,0.99206,3.12,0.44,10.1,5,0
6.6,0.28,0.23,10.4,0.049,45.0,190.0,0.99754,3.12,0.51,8.8,5,0
7.0,0.34,0.26,10.3,0.041,51.0,166.0,0.99382,3.08,0.35,11.6,6,0
7.5,0.28,0.41,1.3,0.044,11.0,126.0,0.99293,3.28,0.45,10.3,5,0
7.4,0.27,0.28,1.8,0.04,45.0,121.0,0.99043,3.02,0.4,11.9,5,0
5.5,0.17,0.23,2.9,0.039,10.0,108.0,0.99243,3.28,0.5,10.0,5,0
6.7,0.42,0.39,12.1,0.04,61.0,248.0,0.99794,3.31,0.58,9.7,5,0
6.6,0.26,0.52,8.2,0.047,52.0,191.0,0.99541,3.16,0.47,9.5,6,0
6.8,0.25,0.3,11.8,0.043,53.0,133.0,0.99524,3.03,0.58,10.4,6,0
6.6,0.13,0.29,13.9,0.056,33.0,95.0,0.99702,3.17,0.39,9.4,6,0
8.3,0.18,0.3,1.1,0.033,20.0,57.0,0.99109,3.02,0.51,11.0,6,0
7.0,0.39,0.21,10.7,0.098,13.0,91.0,0.99657,3.03,0.47,9.3,5,0
6.8,0.21,0.62,6.4,0.041,7.0,113.0,0.99358,2.96,0.59,10.2,5,0
7.9,0.21,0.39,2.0,0.057,21.0,138.0,0.99176,3.05,0.52,10.9,5,0
6.3,0.4,0.24,5.1,0.036,43.0,131.0,0.99186,3.24,0.44,11.3,6,0
6.5,0.27,0.19,6.6,0.045,98.0,175.0,0.99364,3.16,0.34,10.1,6,0
6.5,0.27,0.19,6.6,0.045,98.0,175.0,0.99364,3.16,0.34,10.1,6,0
7.4,0.22,0.27,1.6,0.057,45.0,98.0,0.99299,3.29,0.44,9.9,7,0
7.1,0.2,0.37,1.5,0.049,28.0,129.0,0.99226,3.15,0.52,10.8,5,0
6.8,0.33,0.31,7.4,0.045,34.0,143.0,0.99226,3.06,0.55,12.2,6,0
6.0,0.21,0.3,8.7,0.036,47.0,127.0,0.99368,3.18,0.39,10.6,5,0
6.7,0.26,0.29,7.7,0.038,40.0,179.0,0.99479,3.23,0.56,10.4,6,0
4.8,0.65,0.12,1.1,0.013,4.0,10.0,0.99246,3.32,0.36,13.5,4,1
7.1,0.37,0.3,6.2,0.04,49.0,139.0,0.99021,3.17,0.27,13.6,6,0
6.2,0.39,0.24,4.8,0.037,45.0,138.0,0.99174,3.23,0.43,11.2,7,0
7.0,0.16,0.3,2.6,0.043,34.0,90.0,0.99047,2.88,0.47,11.2,6,0
7.2,0.58,0.27,5.8,0.032,40.0,118.0,0.99088,3.17,0.53,13.0,7,0
6.4,0.17,0.3,2.8,0.034,33.0,125.0,0.99152,3.03,0.49,10.4,6,0
6.1,0.2,0.17,1.6,0.048,46.0,129.0,0.991,3.3,0.43,11.4,6,0
6.7,0.28,0.34,8.9,0.048,32.0,111.0,0.99455,3.25,0.54,11.0,7,0
5.4,0.15,0.32,2.5,0.037,10.0,51.0,0.98878,3.04,0.58,12.6,6,0
6.0,0.26,0.29,3.1,0.041,37.0,144.0,0.98944,3.22,0.39,12.8,7,0
6.4,0.37,0.12,5.9,0.056,6.0,91.0,0.99536,3.06,0.46,8.4,4,1
7.6,0.19,0.37,13.1,0.033,52.0,151.0,0.99726,3.18,0.79,10.4,6,0
6.4,0.29,0.57,1.0,0.06,15.0,120.0,0.9924,3.06,0.41,9.5,5,0
6.8,0.27,0.22,17.8,0.034,16.0,116.0,0.9989,3.07,0.53,9.2,5,0
6.3,0.24,0.29,1.6,0.052,48.0,185.0,0.9934,3.21,0.5,9.4,5,0
6.8,0.3,0.27,11.6,0.028,22.0,97.0,0.99314,2.96,0.38,11.7,6,0
7.5,0.21,0.29,1.5,0.046,35.0,107.0,0.99123,3.15,0.45,11.3,6,0
6.6,0.44,0.32,3.0,0.095,13.0,75.0,0.98954,3.1,0.63,12.8,6,0
7.4,0.31,0.26,8.6,0.048,47.0,206.0,0.9964,3.26,0.36,9.1,5,0
6.8,0.28,0.29,11.9,0.052,51.0,149.0,0.99544,3.02,0.58,10.4,6,0
7.1,0.13,0.29,15.5,0.064,56.0,115.5,0.99737,3.16,0.41,9.7,7,0
6.2,0.32,0.5,6.5,0.048,61.0,186.0,0.9948,3.19,0.45,9.6,5,0
7.4,0.16,0.3,13.7,0.056,33.0,168.0,0.99825,2.9,0.44,8.7,7,0
6.6,0.22,0.37,1.6,0.04,31.0,101.0,0.99009,3.15,0.66,12.0,5,0
6.9,0.24,0.4,15.4,0.052,81.0,198.0,0.9986,3.2,0.69,9.4,5,0
6.6,0.25,0.32,5.6,0.039,15.0,68.0,0.99163,2.96,0.52,11.1,6,0
6.3,0.3,0.48,7.4,0.053,34.0,149.0,0.99472,3.18,0.53,9.8,5,0
5.6,0.23,0.29,3.1,0.023,19.0,89.0,0.99068,3.25,0.51,11.2,6,0
6.1,0.38,0.14,3.9,0.06,27.0,113.0,0.99344,3.07,0.34,9.2,4,1
6.0,0.33,0.26,5.1,0.051,16.0,119.0,0.99416,3.15,0.41,9.2,5,0
5.8,0.32,0.23,1.5,0.033,39.0,121.0,0.9887,2.96,0.35,12.0,5,0
3.8,0.31,0.02,11.1,0.036,20.0,114.0,0.99248,3.75,0.44,12.4,6,0
6.2,0.36,0.22,5.25,0.038,44.0,145.0,0.99184,3.22,0.4,11.2,6,0
5.7,0.22,0.2,16.0,0.044,41.0,113.0,0.99862,3.22,0.46,8.9,6,0
6.7,0.34,0.26,1.9,0.038,58.0,138.0,0.9893,3.0,0.47,12.2,7,0
6.4,0.26,0.35,7.7,0.056,45.0,191.0,0.99527,3.16,0.5,9.5,5,0
6.4,0.24,0.26,8.2,0.054,47.0,182.0,0.99538,3.12,0.5,9.5,5,0
7.3,0.19,0.27,13.9,0.057,45.0,155.0,0.99807,2.94,0.41,8.8,8,0
6.7,0.27,0.69,1.2,0.176,36.0,106.0,0.99288,2.96,0.43,9.2,6,0
6.4,0.31,0.28,2.5,0.039,34.0,137.0,0.98946,3.22,0.38,12.7,6,0
6.2,0.29,0.29,5.6,0.046,35.0,178.0,0.99313,3.25,0.51,10.5333333333333,5,0
6.0,0.32,0.32,4.8,0.041,40.0,186.0,0.99235,3.22,0.54,11.0,6,0
5.7,0.31,0.29,7.3,0.05,33.0,143.0,0.99332,3.31,0.5,11.0666666666667,6,0
6.4,0.26,0.21,8.2,0.05,51.0,182.0,0.99542,3.23,0.48,9.5,5,0
7.4,0.27,0.26,11.8,0.053,55.0,173.0,0.99699,3.11,0.6,9.8,5,0
7.4,0.27,0.26,11.8,0.053,55.0,173.0,0.99699,3.11,0.6,9.8,5,0
6.3,0.305,0.22,16.0,0.061,26.0,141.0,0.99824,3.08,0.5,9.1,5,0
6.3,0.3,0.19,7.7,0.049,47.0,184.0,0.99514,3.22,0.48,9.5,5,0
6.6,0.38,0.29,2.9,0.035,15.0,101.0,0.98916,3.04,0.37,12.5,6,0
7.1,0.42,0.2,2.8,0.038,28.0,109.0,0.98968,3.23,0.47,13.4,6,0
6.4,0.13,0.28,0.9,0.045,32.0,87.0,0.99175,3.47,0.52,11.2,6,0
5.8,0.3,0.33,3.5,0.033,25.0,116.0,0.99057,3.2,0.44,11.7,6,0
6.6,0.19,0.28,1.1,0.044,38.0,100.0,0.9904,3.22,0.69,11.2,6,0
9.0,0.2,0.33,3.5,0.049,10.0,40.0,0.9944,3.14,0.36,9.8,6,0
6.6,0.16,0.25,9.8,0.049,59.5,137.0,0.995,3.16,0.38,10.0,6,0
5.8,0.12,0.21,1.3,0.056,35.0,121.0,0.9908,3.32,0.33,11.4,6,0
7.1,0.09,0.3,6.2,0.032,24.0,134.0,0.993,2.99,0.39,10.9,6,0
6.1,0.37,0.46,12.0,0.042,61.0,210.0,0.997,3.17,0.59,9.7,6,0
6.0,0.26,0.26,2.2,0.035,10.0,72.0,0.989465,3.11,0.48,12.15,6,0
5.6,0.18,0.3,10.2,0.028,28.0,131.0,0.9954,3.49,0.42,10.8,7,0
7.0,0.23,0.35,1.4,0.036,31.0,113.0,0.9912,3.16,0.48,10.8,7,0
6.7,0.66,0.0,13.0,0.033,32.0,75.0,0.99551,3.15,0.5,10.7,6,0
6.6,0.28,0.3,12.9,0.033,31.0,177.0,0.99479,3.12,0.39,11.2,6,0
6.0,0.615,0.04,0.8,0.032,8.0,50.0,0.99036,3.14,0.4,11.0,4,1
6.1,0.44,0.28,4.25,0.032,43.0,132.0,0.9916,3.26,0.47,11.3,7,0
8.3,0.49,0.23,6.65,0.034,6.0,158.0,0.99344,3.05,0.48,11.2,5,0
6.1,0.19,0.37,2.6,0.041,24.0,99.0,0.99153,3.18,0.5,10.9,6,0
5.7,0.25,0.32,12.2,0.041,43.0,127.0,0.99524,3.23,0.53,10.4,7,0
6.2,0.28,0.41,5.0,0.043,50.0,188.0,0.99318,3.23,0.64,10.8,6,0
6.3,0.36,0.28,2.5,0.035,18.0,73.0,0.98868,3.1,0.47,12.8,7,0
7.3,0.17,0.36,8.2,0.028,44.0,111.0,0.99272,3.14,0.41,12.4,6,0
4.7,0.335,0.14,1.3,0.036,69.0,168.0,0.99212,3.47,0.46,10.5,5,0
6.0,0.36,0.32,1.1,0.053,26.0,173.0,0.99414,3.38,0.54,8.8,5,0
7.0,0.27,0.74,1.3,0.173,34.0,121.0,0.99334,3.04,0.46,9.2,6,0
6.7,0.15,0.32,7.9,0.034,17.0,81.0,0.99512,3.29,0.31,10.0,6,0
6.1,0.32,0.33,10.7,0.036,27.0,98.0,0.99521,3.34,0.52,10.2,6,0
6.3,0.48,0.48,1.8,0.035,35.0,96.0,0.99121,3.49,0.74,12.2,6,0
5.5,0.16,0.31,1.2,0.026,31.0,68.0,0.9898,3.33,0.44,11.65,6,0
6.0,0.14,0.37,1.2,0.032,63.0,148.0,0.99185,3.32,0.44,11.2,5,0
6.0,0.38,0.26,3.5,0.035,38.0,111.0,0.98872,3.18,0.47,13.6,7,0
6.6,0.19,0.25,1.2,0.052,34.0,181.0,0.99352,3.3,0.42,9.4,7,0
6.8,0.27,0.3,13.0,0.047,69.0,160.0,0.99705,3.16,0.5,9.6,6,0
6.2,0.3,0.42,2.2,0.036,28.0,128.0,0.9901,3.13,0.38,11.6,6,0
4.7,0.785,0.0,3.4,0.036,23.0,134.0,0.98981,3.53,0.92,13.8,6,0
6.4,0.31,0.5,5.8,0.038,42.0,111.0,0.99189,3.18,0.53,11.9,7,0
5.4,0.375,0.4,3.3,0.054,29.0,147.0,0.99482,3.42,0.52,9.1,5,0
7.0,0.17,0.42,1.0,0.075,19.0,71.0,0.99103,3.32,0.62,11.4,6,0
6.0,0.32,0.33,9.9,0.032,22.0,90.0,0.99258,3.1,0.43,12.1,7,0
5.6,0.33,0.28,1.2,0.031,33.0,97.0,0.99126,3.49,0.58,10.9,6,0
5.8,0.23,0.31,4.5,0.046,42.0,124.0,0.99324,3.31,0.64,10.8,6,0
4.9,0.47,0.17,1.9,0.035,60.0,148.0,0.98964,3.27,0.35,11.5,6,0
6.2,0.21,0.29,1.6,0.039,24.0,92.0,0.99114,3.27,0.5,11.2,6,0
