7.0,0.27,0.36,20.7,0.045,45.0,170.0,1.001,3.0,0.45,8.8,6,0
8.1,0.22,0.43,1.5,0.044,28.0,129.0,0.9938,3.22,0.45,11.0,6,0
7.4,0.34,0.42,1.1,0.033,17.0,171.0,0.9917,3.12,0.53,11.3,6,0
7.2,0.21,0.34,11.9,0.043,37.0,213.0,0.9962,3.09,0.5,9.6,6,0
6.0,0.21,0.24,12.1,0.05,55.0,164.0,0.997,3.34,0.39,9.4,5,0
7.1,0.23,0.35,16.5,0.04,60.0,171.0,0.999,3.16,0.59,9.1,6,0
6.5,0.24,0.32,7.6,0.038,48.0,203.0,0.9958,3.45,0.54,9.7,7,0
6.1,0.32,0.24,1.5,0.036,38.0,124.0,0.9898,3.29,0.42,12.4,7,0
5.2,0.44,0.04,1.4,0.036,43.0,119.0,0.9894,3.36,0.33,12.1,8,0
6.7,0.24,0.41,9.4,0.04,49.0,166.0,0.9954,3.12,0.61,9.9,6,0
6.6,0.15,0.34,5.1,0.055,34.0,125.0,0.9942,3.36,0.42,9.6,5,0
7.1,0.32,0.24,13.1,0.05,52.0,204.0,0.998,3.1,0.49,8.8,5,0
6.9,0.54,0.32,13.2,0.05,53.0,236.0,0.9973,3.2,0.5,9.6,5,0
6.8,0.57,0.29,2.2,0.04,15.0,77.0,0.9938,3.32,0.74,10.2,5,0
5.8,0.26,0.24,9.2,0.044,55.0,152.0,0.9961,3.31,0.38,9.4,5,0
7.2,0.685,0.21,9.5,0.07,33.0,172.0,0.9971,3.0,0.55,9.1,6,0
6.8,0.64,0.08,9.7,0.062,26.0,142.0,0.9972,3.37,0.46,8.9,4,1
7.0,0.26,0.59,1.4,0.037,40.0,120.0,0.9918,3.34,0.41,11.1,7,0
6.2,0.25,0.21,15.55,0.039,28.0,159.0,0.9982,3.48,0.64,9.6,6,0
7.3,0.32,0.23,13.7,0.05,49.0,197.0,0.9985,3.2,0.46,8.7,5,0
6.2,0.24,0.35,1.2,0.038,22.0,167.0,0.9912,3.1,0.48,10.6,6,0
5.8,0.25,0.26,13.1,0.051,44.0,148.0,0.9972,3.29,0.38,9.3,5,0
7.7,0.26,0.4,1.1,0.042,9.0,60.0,0.9915,2.89,0.5,10.6,5,0
7.2,0.23,0.39,14.2,0.058,49.0,192.0,0.9979,2.98,0.48,9.0,7,0
7.2,0.23,0.39,14.2,0.058,49.0,192.0,0.9979,2.98,0.48,9.0,7,0
5.9,0.15,0.31,5.8,0.041,53.0,155.0,0.9945,3.52,0.46,10.5,6,0
7.3,0.41,0.24,6.8,0.057,41.0,163.0,0.9949,3.2,0.41,9.9,6,0
6.1,0.125,0.25,3.3,0.04,10.0,69.0,0.9934,3.54,0.59,10.1,6,0
6.6,0.24,0.35,7.7,0.031,36.0,135.0,0.9938,3.19,0.37,10.5,5,0
7.8,0.18,0.46,13.6,0.052,38.0,118.0,0.998,3.15,0.5,10.0,6,0
5.5,0.335,0.3,2.5,0.071,27.0,128.0,0.9924,3.14,0.51,9.6,6,0
6.1,0.36,0.33,1.1,0.05,24.0,169.0,0.9927,3.15,0.78,9.5,6,0
6.9,0.24,0.34,4.7,0.04,43.0,161.0,0.9935,3.2,0.59,10.6,6,0
6.0,0.18,0.27,1.5,0.089,40.0,143.0,0.9923,3.49,0.62,10.8,6,0
7.7,0.29,0.48,2.3,0.049,36.0,178.0,0.9931,3.17,0.64,10.6,6,0
7.7,0.29,0.48,2.3,0.049,36.0,178.0,0.9931,3.17,0.64,10.6,6,0
6.7,0.21,0.32,5.4,0.047,29.0,140.0,0.995,3.39,0.46,9.7,6,0
7.0,0.3,0.38,14.9,0.032,60.0,181.0,0.9983,3.18,0.61,9.3,7,0
5.9,0.26,0.27,18.2,0.048,52.0,168.0,0.9993,3.35,0.44,9.4,5,0
6.4,0.19,0.42,2.9,0.032,32.0,83.0,0.9908,3.3,0.41,11.7,6,0
6.1,0.35,0.07,1.4,0.069,22.0,108.0,0.9934,3.23,0.52,9.2,5,0
7.2,0.25,0.39,18.95,0.038,42.0,155.0,0.9999,2.97,0.47,9.0,6,0
7.4,0.21,0.27,1.2,0.041,27.0,99.0,0.9927,3.19,0.33,9.8,6,0
7.4,0.31,0.28,1.6,0.05,33.0,137.0,0.9929,3.31,0.56,10.5,6,0
6.9,0.23,0.38,8.3,0.047,47.0,162.0,0.9954,3.34,0.52,10.5,7,0
6.0,0.25,0.28,2.2,0.026,54.0,126.0,0.9898,3.43,0.65,12.9,8,0
5.9,0.46,0.14,2.7,0.042,27.0,160.0,0.9931,3.46,0.51,10.6,7,0
6.8,0.2,0.38,4.7,0.04,27.0,103.0,0.994,3.37,0.58,10.7,6,0
7.4,0.15,0.42,1.7,0.045,49.0,154.0,0.992,3.0,0.6,10.4,6,0
7.4,0.25,0.36,13.2,0.067,53.0,178.0,0.9976,3.01,0.48,9.0,6,0
7.2,0.46,0.65,10.4,0.05,76.0,192.0,0.9976,3.16,0.42,8.7,5,0
7.0,0.3,0.51,13.6,0.05,40.0,168.0,0.9976,3.07,0.52,9.6,7,0
7.7,0.34,0.27,8.8,0.063,39.0,184.0,0.9969,3.09,0.63,9.2,6,0
7.4,0.24,0.4,4.3,0.032,9.0,95.0,0.992,3.09,0.39,11.1,6,0
7.5,0.23,0.68,11.0,0.047,37.0,133.0,0.9978,2.99,0.38,8.8,5,0
7.4,0.19,0.3,1.4,0.057,33.0,135.0,0.993,3.12,0.5,9.6,6,0
5.8,0.335,0.14,5.8,0.046,49.0,197.0,0.9937,3.3,0.71,10.3,5,0
6.0,0.32,0.12,5.9,0.041,34.0,190.0,0.9944,3.16,0.72,10.0,5,0
7.1,0.26,0.34,14.4,0.067,35.0,189.0,0.9986,3.07,0.53,9.1,7,0
7.3,0.34,0.21,3.2,0.05,14.0,136.0,0.9936,3.25,0.44,10.2,5,0
6.1,0.14,0.25,1.3,0.047,37.0,173.0,0.9925,3.35,0.46,10.0,6,0
6.7,0.31,0.3,2.1,0.038,18.0,130.0,0.9928,3.36,0.63,10.6,6,0
6.1,0.28,0.25,6.9,0.056,44.0,201.0,0.9955,3.19,0.4,9.1,6,0
5.8,0.32,0.38,4.75,0.033,23.0,94.0,0.991,3.42,0.42,11.8,7,0
8.1,0.46,0.31,1.7,0.052,50.0,183.0,0.9923,3.03,0.42,11.2,5,0
6.4,0.33,0.28,1.1,0.038,30.0,110.0,0.9917,3.12,0.42,10.5,6,0
7.7,0.42,0.31,9.2,0.048,22.0,221.0,0.9969,3.06,0.61,9.2,6,0
7.4,0.29,0.5,1.8,0.042,35.0,127.0,0.9937,3.45,0.5,10.2,7,0
6.6,0.33,0.31,1.3,0.02,29.0,89.0,0.99035,3.26,0.44,12.4,8,0
6.4,0.25,0.3,5.5,0.038,15.0,129.0,0.9948,3.14,0.49,9.6,6,0
6.6,0.25,0.3,14.4,0.052,40.0,183.0,0.998,3.02,0.5,9.1,6,0
7.0,0.21,0.34,8.5,0.033,31.0,253.0,0.9953,3.22,0.56,10.5,6,0
5.8,0.25,0.28,11.1,0.056,45.0,175.0,0.99755,3.42,0.43,9.5,5,0
7.2,0.27,0.42,1.6,0.05,35.0,135.0,0.992,2.94,0.46,11.0,6,0
6.8,0.12,0.31,5.2,0.045,29.0,120.0,0.9942,3.41,0.46,9.8,7,0
7.2,0.23,0.19,13.7,0.052,47.0,197.0,0.99865,3.12,0.53,9.0,5,0
8.1,0.17,0.44,14.1,0.053,43.0,145.0,1.0006,3.28,0.75,8.8,8,0
6.0,0.395,0.0,1.4,0.042,7.0,55.0,0.99135,3.37,0.38,11.2,4,1
6.9,0.22,0.37,15.0,0.053,59.0,178.0,0.9992,3.37,0.82,9.5,7,0
7.7,0.34,0.28,11.0,0.04,31.0,117.0,0.99815,3.27,0.29,9.2,6,0
6.6,0.36,0.29,1.6,0.021,24.0,85.0,0.98965,3.41,0.61,12.4,9,0
7.3,0.3,0.34,2.7,0.044,34.0,108.0,0.99105,3.36,0.53,12.8,8,0
7.3,0.25,0.36,2.1,0.034,30.0,177.0,0.99085,3.25,0.4,11.9,8,0
6.9,0.19,0.35,1.7,0.036,33.0,101.0,0.99315,3.21,0.54,10.8,7,0
8.2,0.38,0.49,13.6,0.042,58.0,166.0,0.99855,3.1,0.54,9.4,5,0
6.7,0.22,0.39,10.2,0.038,60.0,149.0,0.99725,3.17,0.54,10.0,7,0
6.3,0.26,0.21,4.0,0.03,24.0,125.0,0.9915,3.06,0.34,10.7,6,0
7.7,0.15,0.29,1.3,0.029,10.0,64.0,0.9932,3.35,0.39,10.1,5,0
6.5,0.3,0.32,2.0,0.044,34.0,90.0,0.99185,3.37,0.68,11.0,7,0
6.6,0.2,0.38,7.9,0.052,30.0,145.0,0.9947,3.32,0.56,11.0,7,0
8.0,0.29,0.29,13.2,0.046,26.0,113.0,0.9983,3.25,0.37,9.7,6,0
6.1,0.28,0.35,12.8,0.048,63.0,229.0,0.9975,3.08,0.4,8.9,5,0
8.3,0.27,0.45,1.3,0.048,8.0,72.0,0.9944,3.08,0.61,10.3,4,1
7.5,0.24,0.31,13.0,0.049,46.0,217.0,0.9985,3.08,0.53,8.8,5,0
6.3,0.27,0.23,2.9,0.047,13.0,100.0,0.9936,3.28,0.43,9.8,5,0
6.5,0.26,0.28,12.5,0.046,80.0,225.0,0.99685,3.18,0.41,10.0,6,0
7.6,0.22,0.34,9.7,0.035,26.0,143.0,0.9965,3.08,0.49,9.8,6,0
8.0,0.42,0.36,5.0,0.037,34.0,101.0,0.992,3.13,0.57,12.3,7,0
6.5,0.34,0.28,1.8,0.041,43.0,188.0,0.9928,3.13,0.37,9.6,6,0
7.6,0.39,0.22,2.8,0.036,19.0,113.0,0.9926,3.03,0.29,10.2,5,0
8.3,0.14,0.26,1.5,0.049,56.0,189.0,0.9946,3.21,0.62,9.5,6,0
8.6,0.2,0.42,1.5,0.041,35.0,125.0,0.9925,3.11,0.49,11.4,7,0
6.2,0.15,0.46,1.6,0.039,38.0,123.0,0.993,3.38,0.51,9.7,6,0
8.3,0.4,0.38,1.1,0.038,15.0,75.0,0.9934,3.03,0.43,9.2,5,0
7.3,0.24,0.34,7.5,0.048,29.0,152.0,0.9962,3.1,0.54,9.0,5,0
8.1,0.26,0.37,1.9,0.072,48.0,159.0,0.9949,3.37,0.7,10.9,6,0
8.2,0.29,0.33,9.1,0.036,28.0,118.0,0.9953,2.96,0.4,10.9,7,0
7.4,0.2,0.37,16.95,0.048,43.0,190.0,0.9995,3.03,0.42,9.2,6,0
7.4,0.2,0.37,16.95,0.048,43.0,190.0,0.9995,3.03,0.42,9.2,6,0
5.9,0.415,0.13,1.4,0.04,11.0,64.0,0.9922,3.29,0.52,10.5,5,0
9.6,0.23,0.4,1.5,0.044,19.0,135.0,0.9937,2.96,0.49,10.9,5,0
7.0,0.17,0.37,5.7,0.025,29.0,111.0,0.9938,3.2,0.49,10.8,6,0
8.2,0.23,0.49,0.9,0.057,15.0,73.0,0.9928,3.07,0.38,10.4,6,0
6.3,0.32,0.35,11.1,0.039,29.0,198.0,0.9984,3.36,0.5,9.4,7,0
6.8,0.25,0.29,2.0,0.042,19.0,189.0,0.9952,3.46,0.54,10.2,6,0
6.5,0.41,0.64,11.8,0.065,65.0,225.0,0.9978,3.12,0.51,8.9,5,0
6.9,0.25,0.26,5.2,0.024,36.0,135.0,0.9948,3.16,0.72,10.7,7,0
7.3,0.22,0.4,14.75,0.042,44.5,129.5,0.9998,3.36,0.41,9.1,7,0
6.3,0.21,0.4,1.7,0.031,48.0,134.0,0.9917,3.42,0.49,11.5,6,0
7.3,0.27,0.39,6.7,0.064,28.0,188.0,0.9958,3.29,0.3,9.7,5,0
8.2,0.37,0.36,1.0,0.034,17.0,93.0,0.9906,3.04,0.32,11.7,8,0
7.2,0.26,0.44,7.1,0.027,25.0,126.0,0.993,3.02,0.34,11.1,8,0
7.6,0.28,0.39,1.2,0.038,21.0,115.0,0.994,3.16,0.67,10.0,6,0
7.7,0.26,0.31,1.3,0.043,47.0,155.0,0.9937,3.42,0.5,10.1,6,0
7.8,0.32,0.31,1.7,0.036,46.0,195.0,0.993,3.03,0.48,10.5,5,0
6.4,0.26,0.22,5.1,0.037,23.0,131.0,0.9944,3.29,0.32,10.1,5,0
7.0,0.16,0.73,1.0,0.138,58.0,150.0,0.9936,3.08,0.3,9.2,5,0
7.3,0.18,0.65,1.4,0.046,28.0,157.0,0.9946,3.33,0.62,9.4,6,0
6.4,0.17,0.27,6.7,0.036,88.0,223.0,0.9948,3.28,0.35,10.2,6,0
6.2,0.21,0.38,6.8,0.036,64.0,245.0,0.9951,3.06,0.36,9.3,6,0
7.0,0.24,0.36,4.9,0.083,10.0,133.0,0.9942,3.33,0.37,10.8,6,0
6.6,0.27,0.3,1.9,0.025,14.0,153.0,0.9928,3.29,0.62,10.5,6,0
6.9,0.41,0.22,4.2,0.031,10.0,102.0,0.993,3.0,0.86,11.6,4,1
7.3,0.42,0.38,6.8,0.045,29.0,122.0,0.9925,3.19,0.37,12.6,7,0
9.6,0.25,0.54,1.3,0.04,16.0,160.0,0.9938,2.94,0.43,10.5,5,0
8.1,0.2,0.36,9.7,0.044,63.0,162.0,0.997,3.1,0.46,10.0,6,0
5.2,0.37,0.33,1.2,0.028,13.0,81.0,0.9902,3.37,0.38,11.7,6,0
6.6,0.25,0.31,12.4,0.059,52.0,181.0,0.9984,3.51,0.47,9.8,6,0
6.9,0.32,0.16,1.4,0.051,15.0,96.0,0.994,3.22,0.38,9.5,4,1
10.7,0.22,0.56,8.2,0.044,37.0,181.0,0.998,2.87,0.68,9.5,6,0
5.9,0.19,0.26,7.4,0.034,33.0,123.0,0.995,3.49,0.42,10.1,6,0
7.0,0.2,0.34,5.7,0.035,32.0,83.0,0.9928,3.19,0.46,11.5,6,0
7.4,0.4,0.29,5.4,0.044,31.0,122.0,0.994,3.3,0.5,11.1,8,0
7.3,0.25,0.36,13.1,0.05,35.0,200.0,0.9986,3.04,0.46,8.9,7,0
7.0,0.2,0.34,5.7,0.035,32.0,83.0,0.9928,3.19,0.46,11.5,6,0
7.2,0.22,0.49,1.0,0.045,34.0,140.0,0.99,3.05,0.34,12.7,6,0
7.8,0.43,0.49,13.0,0.033,37.0,158.0,0.9955,3.14,0.35,11.3,6,0
7.1,0.22,0.74,2.7,0.044,42.0,144.0,0.991,3.31,0.41,12.2,6,0
6.5,0.26,0.74,13.3,0.044,68.0,224.0,0.9972,3.18,0.54,9.5,6,0
7.5,0.2,0.49,1.3,0.031,8.0,97.0,0.9918,3.06,0.62,11.1,5,0
6.7,0.51,0.24,2.1,0.043,14.0,155.0,0.9904,3.22,0.6,13.0,6,0
6.6,0.3,0.24,1.2,0.034,17.0,121.0,0.9933,3.13,0.36,9.2,5,0
8.8,0.23,0.74,3.2,0.042,15.0,126.0,0.9934,3.02,0.51,11.2,6,0
7.4,0.19,0.49,9.3,0.03,26.0,132.0,0.994,2.99,0.32,11.0,7,0
8.2,0.24,0.49,9.3,0.038,52.0,163.0,0.9952,3.02,0.33,10.6,6,0
6.6,0.21,0.49,18.15,0.042,41.0,158.0,0.9997,3.28,0.39,8.7,6,0
7.1,0.18,0.74,15.6,0.044,44.0,176.0,0.9996,3.38,0.67,9.0,6,0
7.1,0.36,0.24,1.8,0.025,32.0,102.0,0.9903,3.34,0.59,12.8,6,0
6.9,0.3,0.49,7.6,0.057,25.0,156.0,0.9962,3.43,0.63,11.0,7,0
9.1,0.28,0.49,2.0,0.059,10.0,112.0,0.9958,3.15,0.46,10.1,5,0
9.1,0.28,0.49,2.0,0.059,10.0,112.0,0.9958,3.15,0.46,10.1,5,0
7.4,0.3,0.49,8.2,0.055,49.0,188.0,0.9974,3.52,0.58,9.7,6,0
7.1,0.64,0.49,1.8,0.05,17.0,128.0,0.9946,3.31,0.58,10.6,4,1
6.4,0.25,0.74,7.8,0.045,52.0,209.0,0.9956,3.21,0.42,9.2,6,0
6.4,0.12,0.49,6.4,0.042,49.0,161.0,0.9945,3.34,0.44,10.4,6,0
7.5,0.32,0.49,1.7,0.031,44.0,109.0,0.9906,3.07,0.46,12.5,6,0
8.0,0.14,0.49,1.5,0.035,42.0,120.0,0.9928,3.26,0.4,10.6,7,0
8.9,0.32,0.49,1.6,0.05,17.0,131.0,0.9956,3.13,0.34,9.4,5,0
7.4,0.19,0.49,6.7,0.037,15.0,110.0,0.9938,3.2,0.38,11.0,7,0
7.6,0.47,0.49,13.0,0.239,42.0,220.0,0.9988,2.96,0.51,9.2,5,0
6.6,0.27,0.49,7.8,0.049,62.0,217.0,0.9959,3.17,0.45,9.4,6,0
6.7,0.26,0.49,8.3,0.047,54.0,191.0,0.9954,3.23,0.4,10.3,6,0
7.2,0.25,0.28,14.4,0.055,55.0,205.0,0.9986,3.12,0.38,9.0,7,0
6.5,0.27,0.19,4.2,0.046,6.0,114.0,0.9955,3.25,0.35,8.6,4,1
6.6,0.545,0.04,2.5,0.031,48.0,111.0,0.9906,3.14,0.32,11.9,5,0
6.1,0.22,0.23,3.1,0.052,15.0,104.0,0.9948,3.14,0.42,8.7,5,0
7.7,0.38,0.4,2.0,0.038,28.0,152.0,0.9906,3.18,0.32,12.9,6,0
8.3,0.3,0.36,10.0,0.042,33.0,169.0,0.9982,3.23,0.51,9.3,6,0
6.4,0.28,0.19,5.4,0.042,67.0,181.0,0.99435,3.31,0.35,10.2,6,0
6.9,0.19,0.28,3.0,0.054,33.0,99.0,0.9924,3.16,0.4,10.8,6,0
7.8,0.2,0.24,1.6,0.026,26.0,189.0,0.991,3.08,0.74,12.1,7,0
7.1,0.37,0.32,1.4,0.037,27.0,126.0,0.9918,3.19,0.62,12.0,5,0
6.4,0.26,0.21,7.1,0.04,35.0,162.0,0.9956,3.39,0.58,9.9,6,0
9.4,0.16,0.23,1.6,0.042,14.0,67.0,0.9942,3.07,0.32,9.5,5,0
6.4,0.26,0.21,7.1,0.04,35.0,162.0,0.9956,3.39,0.58,9.9,6,0
7.5,0.33,0.39,12.4,0.065,29.0,119.0,0.9974,3.16,0.39,9.4,5,0
7.2,0.5,0.0,0.8,0.034,46.0,114.0,0.9932,3.19,0.34,9.2,4,1
7.0,0.19,0.23,5.7,0.123,27.0,104.0,0.9954,3.04,0.54,9.4,6,0
7.0,0.24,0.25,1.7,0.042,48.0,189.0,0.992,3.25,0.42,11.4,6,0
6.6,0.28,0.3,7.8,0.049,57.0,202.0,0.9958,3.24,0.39,9.5,5,0
7.6,0.15,0.4,1.3,0.036,24.0,112.0,0.9932,3.14,0.76,10.0,5,0
6.0,0.28,0.35,1.9,0.037,16.0,120.0,0.9933,3.16,0.69,10.6,5,0
6.6,0.25,0.36,8.1,0.045,54.0,180.0,0.9958,3.08,0.42,9.2,5,0
7.3,0.22,0.5,13.7,0.049,56.0,189.0,0.9994,3.24,0.66,9.0,6,0
6.3,0.22,0.57,1.4,0.208,14.0,96.0,0.9932,3.16,0.43,10.0,6,0
8.8,0.34,0.33,9.7,0.036,46.0,172.0,0.9966,3.08,0.4,10.2,5,0
8.1,0.24,0.38,4.3,0.044,49.0,172.0,0.996,3.37,0.74,10.8,6,0
7.9,0.33,0.26,1.2,0.044,23.0,103.0,0.9932,3.19,0.54,10.5,6,0
7.6,0.2,0.3,14.2,0.056,53.0,212.5,0.999,3.14,0.46,8.9,8,0
7.3,0.18,0.31,17.3,0.055,32.0,197.0,1.0002,3.13,0.46,9.0,6,0
6.8,0.31,0.09,1.4,0.04,56.0,145.0,0.9922,3.19,0.46,10.0,5,0
7.0,0.28,0.33,14.6,0.043,47.0,168.0,0.9994,3.34,0.67,8.8,6,0
8.0,0.4,0.33,7.7,0.034,27.0,98.0,0.9935,3.18,0.41,12.2,7,0
8.9,0.21,0.34,7.1,0.037,33.0,150.0,0.9962,3.1,0.45,9.7,6,0
5.7,0.46,0.46,1.4,0.04,31.0,169.0,0.9932,3.13,0.47,8.8,5,0
8.7,0.15,0.3,1.6,0.046,29.0,130.0,0.9942,3.22,0.38,9.8,6,0
7.2,0.25,0.19,8.0,0.044,51.0,172.0,0.9964,3.16,0.44,9.2,5,0
6.7,0.24,0.33,12.3,0.046,31.0,145.0,0.9983,3.36,0.4,9.5,5,0
6.5,0.22,0.25,17.1,0.05,44.0,138.0,1.0001,3.3,0.37,8.8,5,0
8.0,0.16,0.36,1.5,0.033,14.0,122.0,0.9941,3.2,0.39,10.3,4,1
6.5,0.14,0.32,2.7,0.037,18.0,89.0,0.9924,3.4,0.74,11.5,7,0
7.2,0.2,0.31,10.0,0.054,49.0,165.0,0.997,3.4,0.42,9.9,6,0
7.0,0.24,0.34,3.0,0.035,36.0,102.0,0.9905,3.18,0.43,12.2,6,0
7.9,0.28,0.32,3.6,0.038,9.0,76.0,0.992,3.05,0.31,11.7,4,1
8.5,0.25,0.27,4.7,0.031,31.0,92.0,0.9922,3.01,0.33,12.0,6,0
8.0,0.45,0.28,10.8,0.051,25.0,157.0,0.9957,3.06,0.47,11.4,7,0
7.7,0.28,0.58,12.1,0.046,60.0,177.0,0.9983,3.08,0.46,8.9,5,0
6.9,0.25,0.35,9.2,0.034,42.0,150.0,0.9947,3.21,0.36,11.5,6,0
6.5,0.39,0.35,1.6,0.049,10.0,164.0,0.99516,3.35,0.51,9.7,5,0
6.1,0.23,0.45,10.6,0.094,49.0,169.0,0.99699,3.05,0.54,8.8,5,0
7.4,0.2,0.29,1.7,0.047,16.0,100.0,0.99243,3.28,0.45,10.6,6,0
6.3,0.27,0.18,7.7,0.048,45.0,186.0,0.9962,3.23,0.47,9.0,5,0
9.2,0.34,0.54,17.3,0.06,46.0,235.0,1.00182,3.08,0.61,8.8,6,0
7.2,0.29,0.2,7.7,0.046,51.0,174.0,0.99582,3.16,0.52,9.5,5,0
6.3,0.27,0.18,7.7,0.048,45.0,186.0,0.9962,3.23,0.47,9.0,5,0
6.5,0.36,0.31,4.1,0.061,20.0,134.0,0.99475,3.18,0.45,9.0,6,0
6.9,0.3,0.21,15.7,0.056,49.0,159.0,0.99827,3.11,0.48,9.0,5,0
6.4,0.16,0.25,1.3,0.047,20.0,77.0,0.9933,3.61,0.54,10.2,6,0
7.4,0.33,0.26,15.6,0.049,67.0,210.0,0.99907,3.06,0.68,9.5,5,0
6.7,0.43,0.23,5.0,0.157,49.0,145.0,0.99471,3.17,0.49,9.4,5,0
8.6,0.17,0.28,2.7,0.047,38.0,150.0,0.99365,3.1,0.56,10.8,6,0
9.4,0.28,0.3,1.6,0.045,36.0,139.0,0.99534,3.11,0.49,9.3,5,0
9.4,0.28,0.3,1.6,0.045,36.0,139.0,0.99534,3.11,0.49,9.3,5,0
6.1,0.41,0.04,1.3,0.036,23.0,121.0,0.99228,3.24,0.61,9.9,6,0
7.5,0.38,0.29,12.7,0.05,25.0,209.0,0.9986,3.25,0.59,9.3,6,0
7.0,0.28,0.26,1.7,0.042,34.0,130.0,0.9925,3.43,0.5,10.7,8,0
8.0,0.26,0.28,8.2,0.038,72.0,202.0,0.99566,3.12,0.56,10.0,6,0
9.8,0.16,0.46,1.8,0.046,23.0,130.0,0.99587,3.04,0.67,9.6,5,0
6.6,0.23,0.18,8.5,0.044,59.0,188.0,0.99558,3.16,0.49,9.5,5,0
6.2,0.38,0.18,7.4,0.095,28.0,195.0,0.99773,3.53,0.71,9.2,4,1
6.2,0.44,0.18,7.7,0.096,28.0,210.0,0.99771,3.56,0.72,9.2,5,0
6.3,0.27,0.37,7.9,0.047,58.0,215.0,0.99542,3.19,0.48,9.5,6,0
8.6,0.23,0.25,11.3,0.031,13.0,96.0,0.99645,3.11,0.4,10.8,5,0
6.8,0.21,0.36,18.1,0.046,32.0,133.0,1.0,3.27,0.48,8.8,5,0
8.6,0.34,0.36,1.4,0.045,11.0,119.0,0.99556,3.17,0.47,9.4,4,1
6.2,0.28,0.45,7.5,0.045,46.0,203.0,0.99573,3.26,0.46,9.2,6,0
6.9,0.34,0.3,4.7,0.029,34.0,148.0,0.99165,3.36,0.49,12.3,7,0
6.9,0.32,0.3,1.8,0.036,28.0,117.0,0.99269,3.24,0.48,11.0,6,0
7.5,0.2,0.47,16.9,0.052,51.0,188.0,0.99944,3.09,0.62,9.3,5,0
6.5,0.27,0.4,10.0,0.039,74.0,227.0,0.99582,3.18,0.5,9.4,5,0
7.5,0.25,0.32,8.2,0.024,53.0,209.0,0.99563,3.12,0.46,10.8,6,0
6.8,0.44,0.2,16.0,0.065,61.0,186.0,0.99884,3.13,0.45,8.6,5,0
8.7,0.31,0.73,14.35,0.044,27.0,191.0,1.00013,2.96,0.88,8.7,5,0
6.6,0.23,0.29,14.45,0.057,29.0,144.0,0.99756,3.33,0.54,10.2,6,0
7.0,0.34,0.39,6.9,0.066,43.0,162.0,0.99561,3.11,0.53,9.5,5,0
6.5,0.15,0.44,12.6,0.052,65.0,158.0,0.99688,3.26,0.7,10.3,7,0
7.1,0.15,0.34,1.0,0.033,27.0,73.0,0.98974,3.24,0.41,12.2,6,0
7.2,0.3,0.26,1.5,0.041,46.0,178.0,0.99154,3.19,0.56,11.3,6,0
7.0,0.23,0.33,1.0,0.043,46.0,110.0,0.99118,3.04,0.65,10.8,6,0
5.9,0.34,0.31,2.0,0.03,38.0,142.0,0.98892,3.4,0.41,12.9,7,0
7.2,0.32,0.24,5.6,0.033,23.0,120.0,0.99334,2.92,0.66,10.3,7,0
6.6,0.21,0.29,1.8,0.026,35.0,128.0,0.99183,3.37,0.48,11.2,6,0
6.5,0.22,0.5,16.4,0.048,36.0,182.0,0.99904,3.02,0.49,8.8,6,0
7.8,0.25,0.34,13.7,0.044,66.0,184.0,0.99976,3.22,0.75,8.9,5,0
5.6,0.2,0.22,1.3,0.049,25.0,155.0,0.99296,3.74,0.43,10.0,5,0
6.4,0.21,0.44,7.4,0.045,47.0,182.0,0.9957,3.24,0.46,9.1,5,0
6.8,0.23,0.42,7.4,0.044,56.0,189.0,0.9958,3.22,0.48,9.3,6,0
6.9,0.23,0.32,16.4,0.045,62.0,153.0,0.9972,3.22,0.42,10.5,5,0
7.1,0.29,0.28,9.3,0.048,50.0,141.0,0.9949,3.13,0.49,10.3,6,0
6.3,0.2,0.19,12.3,0.048,54.0,145.0,0.99668,3.16,0.42,9.3,6,0
5.6,0.12,0.26,4.3,0.038,18.0,97.0,0.99477,3.36,0.46,9.2,5,0
6.3,0.2,0.24,1.7,0.052,36.0,135.0,0.99374,3.8,0.66,10.8,6,0
7.6,0.39,0.32,3.6,0.035,22.0,93.0,0.99144,3.08,0.6,12.5,7,0
6.4,0.22,0.32,7.2,0.028,15.0,83.0,0.993,3.13,0.55,10.9,8,0
6.9,0.31,0.32,1.6,0.036,34.0,114.0,0.99068,3.19,0.45,11.4,7,0
5.8,0.32,0.31,2.7,0.049,25.0,153.0,0.99067,3.44,0.73,12.2,7,0
6.6,0.36,0.24,0.9,0.038,15.0,72.0,0.99066,3.23,0.39,11.0,5,0
7.2,0.17,0.41,1.6,0.052,24.0,126.0,0.99228,3.19,0.49,10.8,5,0
6.7,0.325,0.82,1.2,0.152,49.0,120.0,0.99312,2.99,0.38,9.2,5,0
6.3,0.25,0.22,3.3,0.048,41.0,161.0,0.99256,3.16,0.5,10.5,6,0
6.6,0.45,0.43,7.2,0.064,31.0,186.0,0.9954,3.12,0.44,9.4,5,0
7.2,0.44,0.28,3.4,0.048,22.0,112.0,0.99188,3.21,0.37,11.3,7,0
7.3,0.26,0.3,9.3,0.05,35.0,154.0,0.99581,3.21,0.5,10.4,6,0
5.8,0.22,0.29,0.9,0.034,34.0,89.0,0.98936,3.14,0.36,11.1,7,0
5.5,0.375,0.38,1.7,0.036,17.0,98.0,0.99142,3.29,0.39,10.5,6,0
6.9,0.15,0.29,2.3,0.033,14.0,82.0,0.99132,3.1,0.58,11.2,7,0
7.3,0.23,0.34,9.3,0.052,19.0,86.0,0.99574,3.04,0.56,10.0,5,0
5.6,0.18,0.58,1.25,0.034,29.0,129.0,0.98984,3.51,0.6,12.0,7,0
7.3,0.21,0.33,1.0,0.037,66.0,144.0,0.9923,3.11,0.52,10.2,6,0
5.3,0.16,0.39,1.0,0.028,40.0,101.0,0.99156,3.57,0.59,10.6,6,0
5.6,0.19,0.46,1.1,0.032,33.0,115.0,0.9909,3.36,0.5,10.4,6,0
5.6,0.18,0.58,1.25,0.034,29.0,129.0,0.98984,3.51,0.6,12.0,7,0
6.7,0.15,0.38,1.7,0.037,20.0,84.0,0.99046,3.09,0.53,11.4,6,0
6.7,0.15,0.38,1.7,0.037,20.0,84.0,0.99046,3.09,0.53,11.4,6,0
6.5,0.15,0.55,5.9,0.045,75.0,162.0,0.99482,2.97,0.4,9.3,5,0
6.9,0.4,0.3,10.6,0.033,24.0,87.0,0.99265,3.15,0.45,12.8,6,0
7.0,0.31,0.39,7.5,0.055,42.0,218.0,0.99652,3.37,0.54,10.3,5,0
6.1,0.27,0.25,1.8,0.041,9.0,109.0,0.9929,3.08,0.54,9.0,5,0
6.9,0.38,0.38,13.1,0.112,14.0,94.0,0.99792,3.02,0.48,9.2,5,0
6.6,0.23,0.3,14.9,0.051,33.0,118.0,0.99835,3.04,0.54,9.0,6,0
8.5,0.23,0.28,11.1,0.033,30.0,97.0,0.99507,3.03,0.39,10.5,7,0
6.6,0.2,0.27,10.9,0.038,29.0,130.0,0.99496,3.11,0.44,10.5,7,0
6.9,0.3,0.36,0.9,0.037,40.0,156.0,0.98968,3.08,0.36,12.1,6,0
6.3,0.27,0.29,12.2,0.044,59.0,196.0,0.99782,3.14,0.4,8.8,6,0
6.2,0.255,0.24,1.7,0.039,138.5,272.0,0.99452,3.53,0.53,9.6,4,1
7.4,0.21,0.8,12.3,0.038,77.0,183.0,0.99778,2.95,0.48,9.0,5,0
6.3,0.37,0.37,1.5,0.024,12.0,76.0,0.98876,2.94,0.39,12.3,6,0
7.0,0.25,0.45,2.3,0.045,40.0,118.0,0.99064,3.16,0.48,11.9,7,0
6.8,0.13,0.39,1.4,0.034,19.0,102.0,0.99121,3.23,0.6,11.3,7,0
7.7,0.25,0.49,2.5,0.047,31.0,169.0,0.99252,3.07,0.57,10.6,6,0
7.4,0.23,0.38,8.6,0.052,41.0,150.0,0.99534,3.06,0.46,10.3,5,0
6.3,0.35,0.26,17.6,0.061,59.0,198.0,0.99918,3.11,0.49,8.8,5,0
6.6,0.39,0.39,11.9,0.057,51.0,221.0,0.99851,3.26,0.51,8.9,6,0
6.2,0.23,0.36,17.2,0.039,37.0,130.0,0.99946,3.23,0.43,8.8,6,0
6.8,0.39,0.34,7.4,0.02,38.0,133.0,0.99212,3.18,0.44,12.0,7,0
6.9,0.19,0.32,7.9,0.042,30.0,130.0,0.99456,3.4,0.39,10.5,6,0
8.3,0.16,0.37,7.9,0.025,38.0,107.0,0.99306,2.93,0.37,11.9,6,0
8.7,0.3,0.59,1.7,0.046,10.0,70.0,0.99373,3.06,0.56,10.8,4,1
7.9,0.34,0.44,6.5,0.027,47.0,126.0,0.99124,2.96,0.37,12.5,6,0
6.8,0.45,0.36,5.0,0.033,28.0,156.0,0.991,3.11,0.4,12.4,7,0
6.8,0.21,0.42,1.2,0.045,24.0,126.0,0.99234,3.09,0.87,10.9,6,0
6.4,0.21,0.34,16.05,0.04,56.0,142.0,0.99678,3.11,0.38,10.6,5,0
7.5,0.18,0.45,4.6,0.041,67.0,158.0,0.9927,3.01,0.38,10.6,6,0
9.0,0.38,0.53,2.1,0.102,19.0,76.0,0.99001,2.93,0.57,12.9,5,0
6.6,0.24,0.38,12.75,0.034,8.0,74.0,0.99386,3.1,0.57,12.9,6,0
6.6,0.25,0.34,3.0,0.054,22.0,141.0,0.99338,3.26,0.47,10.4,6,0
7.7,0.27,0.49,3.8,0.037,46.0,139.0,0.99116,3.04,0.38,11.6,6,0
7.4,0.19,0.31,14.5,0.045,39.0,193.0,0.9986,3.1,0.5,9.2,6,0
6.4,0.15,0.29,1.8,0.044,21.0,115.0,0.99166,3.1,0.38,10.2,5,0
7.4,0.16,0.32,1.4,0.065,23.0,140.0,0.99134,3.06,0.47,11.4,6,0
6.8,0.21,0.31,2.9,0.046,40.0,121.0,0.9913,3.07,0.65,10.9,7,0
6.6,0.28,0.42,8.2,0.044,60.0,196.0,0.99562,3.14,0.48,9.4,5,0
6.5,0.25,0.5,7.6,0.047,54.0,184.0,0.99572,3.17,0.45,9.2,5,0
6.3,0.24,0.35,2.3,0.039,43.0,109.0,0.99056,3.34,0.44,11.8,6,0
5.6,0.12,0.33,2.9,0.044,21.0,73.0,0.98896,3.17,0.32,12.9,8,0
6.6,0.24,0.28,6.7,0.032,26.0,91.0,0.99172,3.13,0.32,12.3,6,0
6.0,0.19,0.29,1.1,0.047,67.0,152.0,0.9916,3.54,0.59,11.1,7,0
5.1,0.21,0.28,1.4,0.047,48.0,148.0,0.99168,3.5,0.49,10.4,5,0
7.5,0.29,0.36,15.7,0.05,29.0,124.0,0.9968,3.06,0.54,10.4,5,0
7.6,0.17,0.27,4.6,0.05,23.0,98.0,0.99422,3.08,0.47,9.5,6,0
6.8,0.2,0.28,12.6,0.048,54.0,136.0,0.99556,3.19,0.37,10.7,6,0
7.6,0.2,0.26,4.8,0.033,26.0,76.0,0.99076,2.98,0.49,12.3,7,0
6.0,0.29,0.25,1.4,0.033,30.0,114.0,0.98794,3.08,0.43,13.2,6,0
7.0,0.4,0.25,1.8,0.05,51.0,189.0,0.99174,3.0,0.55,11.4,6,0
6.9,0.28,0.3,8.3,0.026,37.0,113.0,0.99139,2.99,0.38,12.3,8,0
7.7,0.46,0.18,3.3,0.054,18.0,143.0,0.99392,3.12,0.51,10.8,6,0
8.9,0.3,0.35,4.6,0.032,32.0,148.0,0.99458,3.15,0.45,11.5,7,0
7.2,0.37,0.4,11.6,0.032,34.0,214.0,0.9963,3.1,0.51,9.8,6,0
6.4,0.32,0.27,4.9,0.034,18.0,122.0,0.9916,3.36,0.71,12.5,6,0
6.7,0.3,0.44,18.75,0.057,65.0,224.0,0.99956,3.11,0.53,9.1,5,0
6.0,0.17,0.29,9.7,0.044,33.0,98.0,0.99536,3.12,0.36,9.2,6,0
8.0,0.24,0.48,6.8,0.047,13.0,134.0,0.99616,3.23,0.7,10.0,5,0
5.9,0.32,0.28,4.7,0.039,34.0,94.0,0.98964,3.22,0.57,13.1,7,0
7.5,0.21,0.32,4.8,0.056,39.0,113.0,0.99393,3.11,0.52,10.2,7,0
6.5,0.22,0.19,1.1,0.064,36.0,191.0,0.99297,3.05,0.5,9.5,6,0
6.4,0.3,0.36,2.0,0.052,18.0,141.0,0.99273,3.38,0.53,10.5,6,0
6.6,0.32,0.41,7.2,0.048,55.0,178.0,0.99537,3.2,0.46,9.4,5,0
5.3,0.36,0.27,6.3,0.028,40.0,132.0,0.99186,3.37,0.4,11.6,6,0
7.2,0.14,0.32,1.1,0.022,48.0,116.0,0.99218,3.04,0.67,10.0,6,0
6.9,0.26,0.27,4.2,0.031,20.0,80.0,0.99089,3.12,0.39,11.5,6,0
6.8,0.19,0.32,7.6,0.049,37.0,107.0,0.99332,3.12,0.44,10.7,7,0
6.6,0.26,0.24,7.2,0.038,28.0,137.0,0.9952,3.35,0.6,10.4,6,0
7.0,0.29,0.33,0.9,0.041,20.0,117.0,0.99048,3.21,0.5,11.4,5,0
7.1,0.27,0.24,12.6,0.044,48.0,118.0,0.99726,3.04,0.56,10.0,7,0
6.5,0.26,0.39,1.4,0.02,12.0,66.0,0.99089,3.25,0.75,11.3,7,0
8.7,0.3,0.34,4.8,0.018,23.0,127.0,0.99474,3.12,0.49,11.2,7,0
7.2,0.33,0.22,4.5,0.031,10.0,73.0,0.99076,2.97,0.52,12.2,7,0
6.1,0.6,0.12,1.8,0.05,11.0,76.0,0.99268,3.42,0.48,10.4,4,1
5.8,0.32,0.28,4.3,0.032,46.0,115.0,0.98946,3.16,0.57,13.0,8,0
5.6,0.21,0.24,4.4,0.027,37.0,150.0,0.991,3.3,0.31,11.5,7,0
7.1,0.2,0.27,9.6,0.037,19.0,105.0,0.99444,3.04,0.37,10.5,7,0
6.4,0.15,0.4,1.3,0.053,61.0,146.0,0.99112,3.17,0.68,11.0,6,0
6.8,0.22,0.26,1.2,0.041,29.0,182.0,0.99104,3.04,0.35,11.2,5,0
7.1,0.21,0.72,1.6,0.167,65.0,120.0,0.99324,2.97,0.51,9.2,5,0
5.6,0.26,0.18,1.4,0.034,18.0,135.0,0.99174,3.32,0.35,10.2,6,0
7.0,0.15,0.28,14.7,0.051,29.0,149.0,0.99792,2.96,0.39,9.0,7,0
7.8,0.19,0.32,7.4,0.015,47.0,124.0,0.99278,2.99,0.39,11.0,6,0
7.4,0.2,0.35,6.1,0.025,10.0,40.0,0.99244,2.79,0.52,10.9,5,0
6.3,0.24,0.29,13.7,0.035,53.0,134.0,0.99567,3.17,0.38,10.6,6,0
6.1,0.27,0.28,9.8,0.042,61.0,125.0,0.99532,3.14,0.42,10.2,6,0
6.5,0.33,0.28,6.1,0.018,41.0,103.0,0.99122,3.24,0.32,12.2,6,0
6.5,0.32,0.45,7.7,0.022,31.0,97.0,0.99134,3.2,0.7,12.7,7,0
5.6,0.19,0.31,2.7,0.027,11.0,100.0,0.98964,3.46,0.4,13.2,7,0
6.3,0.32,0.26,12.0,0.049,63.0,170.0,0.9961,3.14,0.55,9.9,6,0
7.0,0.33,0.28,5.7,0.033,39.0,204.0,0.99176,3.17,0.64,12.5,6,0
6.5,0.41,0.22,4.8,0.052,49.0,142.0,0.9946,3.14,0.62,9.2,5,0
8.2,0.31,0.43,7.0,0.047,18.0,87.0,0.99628,3.23,0.64,10.6,5,0
7.3,0.25,0.26,7.2,0.048,52.0,207.0,0.99587,3.12,0.37,9.2,5,0
6.2,0.22,0.3,12.4,0.054,108.0,152.0,0.99728,3.1,0.47,9.5,6,0
6.6,0.32,0.47,15.6,0.063,27.0,173.0,0.99872,3.18,0.56,9.0,5,0
6.1,0.28,0.26,1.5,0.03,25.0,101.0,0.98894,3.03,0.41,12.1,6,0
7.0,0.46,0.2,16.7,0.046,50.0,184.0,0.99898,3.08,0.56,9.4,5,0
6.3,0.33,0.2,17.9,0.066,36.0,161.0,0.9991,3.14,0.51,8.8,5,0
7.5,0.35,0.48,12.4,0.056,61.0,176.5,0.99803,2.97,0.52,8.8,5,0
6.4,0.17,0.3,2.8,0.034,33.0,125.0,0.99152,3.03,0.49,10.4,6,0
6.8,0.37,0.67,1.5,0.175,16.0,98.0,0.99244,3.06,0.56,10.3,6,0
6.3,0.22,0.27,4.5,0.036,81.0,157.0,0.9928,3.05,0.76,10.7,7,0
6.8,0.11,0.27,8.6,0.044,45.0,104.0,0.99454,3.2,0.37,9.9,6,0
6.4,0.24,0.49,5.8,0.053,25.0,120.0,0.9942,3.01,0.98,10.5,6,0
6.5,0.38,0.26,5.2,0.042,33.0,112.0,0.99067,3.06,0.5,12.3,7,0
6.8,0.22,0.32,5.9,0.054,40.0,152.0,0.9938,3.2,0.57,10.8,6,0
7.6,0.19,0.37,13.1,0.033,52.0,151.0,0.99726,3.18,0.79,10.4,6,0
6.4,0.2,0.22,7.4,0.032,53.0,172.0,0.99404,3.24,0.58,11.0,6,0
7.5,0.16,0.38,12.7,0.043,70.5,163.0,0.99706,3.15,0.82,10.4,7,0
5.7,0.25,0.26,12.5,0.049,52.5,106.0,0.99691,3.08,0.45,9.4,6,0
6.5,0.21,0.42,1.1,0.059,33.0,101.0,0.9927,3.12,0.38,9.7,6,0
6.9,0.37,0.23,9.5,0.057,54.0,166.0,0.99568,3.23,0.42,10.0,5,0
6.9,0.3,0.45,1.4,0.039,36.0,122.0,0.99059,3.07,0.47,11.1,7,0
7.6,0.4,0.27,1.2,0.053,23.0,193.0,0.99164,3.22,0.38,11.6,5,0
6.7,0.31,0.34,6.8,0.059,51.0,215.0,0.99538,3.33,0.56,10.3,5,0
7.4,0.31,0.26,8.6,0.048,47.0,206.0,0.9964,3.26,0.36,9.1,5,0
6.1,0.3,0.47,1.4,0.049,50.0,187.0,0.9927,3.19,0.45,9.5,5,0
6.0,0.19,0.26,1.4,0.039,30.0,104.0,0.98998,3.32,0.41,12.4,6,0
6.7,0.21,0.34,1.5,0.035,45.0,123.0,0.98949,3.24,0.36,12.6,7,0
6.8,0.24,0.33,3.2,0.049,68.0,161.0,0.99324,3.1,0.69,10.2,6,0
6.4,0.21,0.21,5.1,0.097,21.0,105.0,0.9939,3.07,0.46,9.6,5,0
7.0,0.22,0.3,1.4,0.04,14.0,63.0,0.98985,3.2,0.33,12.0,6,0
6.7,0.2,0.24,6.5,0.044,28.0,100.0,0.99348,3.12,0.33,10.2,6,0
6.6,0.23,0.32,1.7,0.024,26.0,102.0,0.99084,3.29,0.6,11.8,6,0
7.0,0.44,0.24,12.1,0.056,68.0,210.0,0.99718,3.05,0.5,9.5,5,0
8.0,0.33,0.32,4.6,0.041,31.0,180.0,0.99184,2.92,0.74,12.2,6,0
6.1,0.38,0.14,3.9,0.06,27.0,113.0,0.99344,3.07,0.34,9.2,4,1
5.2,0.2,0.27,3.2,0.047,16.0,93.0,0.99235,3.44,0.53,10.1,7,0
6.0,0.22,0.23,5.0,0.045,10.0,122.0,0.99261,2.94,0.63,10.0,6,0
6.4,0.29,0.18,15.0,0.04,21.0,116.0,0.99736,3.14,0.5,9.2,5,0
6.6,0.26,0.27,11.8,0.048,28.0,112.0,0.99606,2.87,0.49,9.7,6,0
6.9,0.22,0.32,5.8,0.041,20.0,119.0,0.99296,3.17,0.55,11.2,6,0
7.2,0.21,0.36,15.7,0.045,68.0,183.0,0.99922,3.25,0.76,9.4,5,0
7.0,0.2,0.35,8.8,0.037,31.0,103.0,0.99388,3.13,0.49,11.0,6,0
5.9,0.25,0.24,7.4,0.044,21.0,113.0,0.99462,3.38,0.58,10.5,6,0
5.9,0.28,0.34,3.6,0.04,50.0,194.0,0.9912,3.31,0.52,11.6,6,0
7.1,0.31,0.25,11.2,0.048,32.0,136.0,0.99663,3.14,0.4,9.5,5,0
6.5,0.3,0.28,11.45,0.041,29.0,109.0,0.99418,2.98,0.3,10.9,6,0
7.1,0.23,0.23,3.5,0.038,23.0,112.0,0.99157,3.05,0.37,11.3666666666667,6,0
6.4,0.35,0.21,2.1,0.051,46.0,171.0,0.9932,3.16,0.5,9.5,5,0
7.1,0.21,0.33,1.2,0.039,34.0,97.0,0.99112,3.11,0.75,11.2,6,0
6.4,0.18,0.28,17.05,0.047,53.0,139.0,0.99724,3.25,0.35,10.5,6,0
5.7,0.24,0.47,6.3,0.069,35.0,182.0,0.99391,3.11,0.46,9.73333333333333,5,0
5.8,0.3,0.38,4.9,0.039,22.0,86.0,0.98963,3.23,0.58,13.1,7,0
6.2,0.22,0.28,2.2,0.04,24.0,125.0,0.9917,3.19,0.48,10.5,6,0
6.2,0.22,0.28,2.2,0.04,24.0,125.0,0.9917,3.19,0.48,10.5,6,0
6.1,0.22,0.5,6.6,0.045,30.0,122.0,0.99415,3.22,0.49,9.9,6,0
8.1,0.36,0.59,13.6,0.051,60.0,134.0,0.99886,2.96,0.39,8.7,5,0
6.7,0.24,0.26,5.4,0.03,15.0,94.0,0.99045,3.15,0.38,12.7,6,0
6.7,0.28,0.28,4.5,0.051,14.0,92.0,0.99224,3.36,0.58,11.9,6,0
6.1,0.21,0.19,1.4,0.046,51.0,131.0,0.99184,3.22,0.39,10.5,5,0
6.3,0.39,0.22,2.8,0.048,53.0,173.0,0.99304,3.24,0.45,9.8,5,0
6.2,0.32,0.24,4.1,0.051,34.0,149.0,0.99306,3.36,0.52,11.0,5,0
6.8,0.2,0.25,6.2,0.052,22.0,106.0,0.9935,3.09,0.54,10.8,5,0
7.1,0.28,0.26,2.8,0.039,50.0,118.0,0.9908,3.06,0.59,11.2,6,0
6.2,0.32,0.32,2.2,0.036,15.0,70.0,0.9899,3.16,0.48,12.7,6,0
6.9,0.28,0.37,9.1,0.037,16.0,76.0,0.9948,3.05,0.54,11.1,5,0
7.0,0.23,0.32,1.8,0.048,25.0,113.0,0.9915,3.11,0.47,11.1,6,0
5.7,0.28,0.3,3.9,0.026,36.0,105.0,0.98963,3.26,0.58,12.75,6,0
8.6,0.36,0.26,11.1,0.03,43.5,171.0,0.9948,3.03,0.49,12.0,5,0
6.1,0.35,0.24,2.3,0.034,25.0,133.0,0.9906,3.34,0.59,12.0,7,0
5.9,0.34,0.25,2.0,0.042,12.0,110.0,0.99034,3.02,0.54,11.4,6,0
5.0,0.33,0.23,11.8,0.03,23.0,158.0,0.99322,3.41,0.64,11.8,6,0
6.9,0.23,0.35,6.9,0.03,45.0,116.0,0.99244,2.8,0.54,11.0,6,0
6.4,0.38,0.19,4.5,0.038,36.0,119.0,0.99151,3.07,0.42,11.2,6,0
6.6,0.4,0.3,5.3,0.038,20.0,125.0,0.99204,3.36,0.73,12.6,6,0
6.6,0.21,0.39,2.3,0.041,31.0,102.0,0.99221,3.22,0.58,10.9,7,0
5.8,0.29,0.38,10.7,0.038,49.0,136.0,0.99366,3.11,0.59,11.2,6,0
6.0,0.24,0.41,1.3,0.036,42.0,118.0,0.99018,3.04,0.64,11.7333333333333,6,0
5.7,0.24,0.3,1.3,0.03,25.0,98.0,0.98968,3.37,0.43,12.4,7,0
5.7,0.695,0.06,6.8,0.042,9.0,84.0,0.99432,3.44,0.44,10.2,5,0
5.7,0.39,0.25,4.9,0.033,49.0,113.0,0.98966,3.26,0.58,13.1,7,0
6.0,0.29,0.41,10.8,0.048,55.0,149.0,0.9937,3.09,0.59,10.9666666666667,7,0
6.0,0.29,0.41,10.8,0.048,55.0,149.0,0.9937,3.09,0.59,11.0,7,0
6.6,0.33,0.41,2.0,0.027,14.0,79.0,0.99063,3.27,0.63,12.4,6,0
5.6,0.27,0.37,0.9,0.025,11.0,49.0,0.98845,3.29,0.33,13.1,6,0
5.9,0.21,0.31,1.8,0.033,45.0,142.0,0.98984,3.35,0.5,12.7,6,0
5.5,0.315,0.38,2.6,0.033,10.0,69.0,0.9909,3.12,0.59,10.8,6,0
6.1,0.26,0.25,2.9,0.047,289.0,440.0,0.99314,3.44,0.64,10.5,3,1
6.3,0.23,0.5,10.4,0.043,61.0,132.0,0.99542,2.86,0.46,9.1,6,0
6.5,0.2,0.35,3.9,0.04,27.0,140.0,0.99102,2.98,0.53,11.8,6,0
6.2,0.15,0.27,11.0,0.035,46.0,116.0,0.99602,3.12,0.38,9.1,6,0
6.0,0.59,0.0,0.8,0.037,30.0,95.0,0.99032,3.1,0.4,10.9,4,1
5.8,0.3,0.09,6.3,0.042,36.0,138.0,0.99382,3.15,0.48,9.7,5,0
6.0,0.32,0.3,7.3,0.174,46.0,159.0,0.99519,3.18,0.49,9.4,5,0
6.5,0.28,0.34,4.6,0.054,22.0,130.0,0.99193,3.2,0.46,12.0,7,0
6.0,0.34,0.29,6.1,0.046,29.0,134.0,0.99462,3.48,0.57,10.7,6,0
6.7,0.22,0.33,1.2,0.036,36.0,86.0,0.99058,3.1,0.76,11.4,6,0
5.8,0.38,0.26,1.1,0.058,20.0,140.0,0.99271,3.27,0.43,9.7,6,0
6.8,0.34,0.36,8.9,0.029,44.0,128.0,0.99318,3.28,0.35,11.95,7,0
6.4,0.33,0.44,8.9,0.055,52.0,164.0,0.99488,3.1,0.48,9.6,5,0
5.7,0.41,0.21,1.9,0.048,30.0,112.0,0.99138,3.29,0.55,11.2,6,0
5.7,0.21,0.32,1.6,0.03,33.0,122.0,0.99044,3.33,0.52,11.9,6,0
5.9,0.54,0.0,0.8,0.032,12.0,82.0,0.99286,3.25,0.36,8.8,5,0
6.5,0.33,0.38,8.3,0.048,68.0,174.0,0.99492,3.14,0.5,9.6,5,0
