7.8,0.76,0.04,2.3,0.092,15.0,54.0,0.997,3.26,0.65,9.8,negative
5.6,0.615,0.0,1.6,0.089,16.0,59.0,0.9943,3.58,0.52,9.9,negative
5.2,0.32,0.25,1.8,0.103,13.0,50.0,0.9957,3.38,0.55,9.2,negative
5.7,1.13,0.09,1.5,0.172,7.0,19.0,0.994,3.5,0.48,9.8,positive
6.4,0.4,0.23,1.6,0.066,5.0,12.0,0.9958,3.34,0.56,9.2,negative
6.6,0.52,0.04,2.2,0.069,8.0,15.0,0.9956,3.4,0.63,9.4,negative
6.7,0.75,0.12,2.0,0.086,12.0,80.0,0.9958,3.38,0.52,10.1,negative
8.1,0.545,0.18,1.9,0.08,13.0,35.0,0.9972,3.3,0.59,9.0,negative
8.3,0.61,0.3,2.1,0.084,11.0,50.0,0.9972,3.4,0.61,10.2,negative
8.0,0.745,0.56,2.0,0.118,30.0,134.0,0.9968,3.24,0.66,9.4,negative
5.6,0.5,0.09,2.3,0.049,17.0,99.0,0.9937,3.63,0.63,13.0,negative
6.6,0.5,0.01,1.5,0.06,17.0,26.0,0.9952,3.4,0.58,9.8,negative
5.2,0.34,0.0,1.8,0.05,27.0,63.0,0.9916,3.68,0.79,14.0,negative
5.2,0.34,0.0,1.8,0.05,27.0,63.0,0.9916,3.68,0.79,14.0,negative
5.8,0.68,0.02,1.8,0.087,21.0,94.0,0.9944,3.54,0.52,10.0,negative
7.1,0.68,0.0,2.2,0.073,12.0,22.0,0.9969,3.48,0.5,9.3,negative
6.9,0.5,0.04,1.5,0.085,19.0,49.0,0.9958,3.35,0.78,9.5,negative
6.7,0.62,0.21,1.9,0.079,8.0,62.0,0.997,3.52,0.58,9.3,negative
7.9,0.5,0.33,2.0,0.084,15.0,143.0,0.9968,3.2,0.55,9.5,negative
7.9,0.49,0.32,1.9,0.082,17.0,144.0,0.9968,3.2,0.55,9.5,negative
7.8,0.57,0.31,1.8,0.069,26.0,120.0,0.99625,3.29,0.53,9.3,negative
8.0,0.38,0.06,1.8,0.078,12.0,49.0,0.99625,3.37,0.52,9.9,negative
7.2,0.63,0.0,1.9,0.097,14.0,38.0,0.99675,3.37,0.58,9.0,negative
7.3,0.66,0.0,2.0,0.084,6.0,23.0,0.9983,3.61,0.96,9.9,negative
10.8,0.32,0.44,1.6,0.063,16.0,37.0,0.9985,3.22,0.78,10.0,negative
8.0,0.57,0.23,3.2,0.073,17.0,119.0,0.99675,3.26,0.57,9.3,negative
10.0,0.31,0.47,2.6,0.085,14.0,33.0,0.99965,3.36,0.8,10.5,negative
8.9,0.4,0.32,5.6,0.087,10.0,47.0,0.9991,3.38,0.77,10.5,negative
11.4,0.26,0.44,3.6,0.071,6.0,19.0,0.9986,3.12,0.82,9.3,negative
9.9,0.59,0.07,3.4,0.102,32.0,71.0,1.00015,3.31,0.71,9.8,negative
6.9,0.67,0.06,2.1,0.08,8.0,33.0,0.99845,3.68,0.71,9.6,negative
10.3,0.53,0.48,2.5,0.063,6.0,25.0,0.9998,3.12,0.59,9.3,negative
7.6,0.62,0.32,2.2,0.082,7.0,54.0,0.9966,3.36,0.52,9.4,negative
9.3,0.61,0.26,3.4,0.09,25.0,87.0,0.99975,3.24,0.62,9.7,negative
8.4,0.56,0.08,2.1,0.105,16.0,44.0,0.9958,3.13,0.52,11.0,negative
12.5,0.28,0.54,2.3,0.082,12.0,29.0,0.9997,3.11,1.36,9.8,negative
10.6,0.42,0.48,2.7,0.065,5.0,18.0,0.9972,3.21,0.87,11.3,negative
10.9,0.39,0.47,1.8,0.118,6.0,14.0,0.9982,3.3,0.75,9.8,negative
7.0,0.685,0.0,1.9,0.067,40.0,63.0,0.9979,3.6,0.81,9.9,negative
9.1,0.795,0.0,2.6,0.096,11.0,26.0,0.9994,3.35,0.83,9.4,negative
8.6,0.45,0.31,2.6,0.086,21.0,50.0,0.9982,3.37,0.91,9.9,negative
11.9,0.58,0.66,2.5,0.072,6.0,37.0,0.9992,3.05,0.56,10.0,negative
12.7,0.6,0.65,2.3,0.063,6.0,25.0,0.9997,3.03,0.57,9.9,negative
9.0,0.43,0.34,2.5,0.08,26.0,86.0,0.9987,3.38,0.62,9.5,negative
8.8,0.52,0.34,2.7,0.087,24.0,122.0,0.9982,3.26,0.61,9.5,negative
6.8,0.77,0.0,1.8,0.066,34.0,52.0,0.9976,3.62,0.68,9.9,negative
6.6,0.84,0.03,2.3,0.059,32.0,48.0,0.9952,3.52,0.56,12.3,negative
11.9,0.37,0.69,2.3,0.078,12.0,24.0,0.9958,3.0,0.65,12.8,negative
8.0,0.67,0.3,2.0,0.06,38.0,62.0,0.9958,3.26,0.56,10.2,negative
11.1,0.45,0.73,3.2,0.066,6.0,22.0,0.9986,3.17,0.66,11.2,negative
11.9,0.39,0.69,2.8,0.095,17.0,35.0,0.9994,3.1,0.61,10.8,negative
9.6,0.54,0.42,2.4,0.081,25.0,52.0,0.997,3.2,0.71,11.4,negative
10.4,0.44,0.73,6.55,0.074,38.0,76.0,0.999,3.17,0.85,12.0,negative
12.5,0.6,0.49,4.3,0.1,5.0,14.0,1.001,3.25,0.74,11.9,negative
8.2,0.39,0.49,2.3,0.099,47.0,133.0,0.9979,3.38,0.99,9.8,negative
10.6,0.31,0.49,2.5,0.067,6.0,21.0,0.9987,3.26,0.86,10.7,negative
12.4,0.35,0.49,2.6,0.079,27.0,69.0,0.9994,3.12,0.75,10.4,negative
10.9,0.53,0.49,4.6,0.118,10.0,17.0,1.0002,3.07,0.56,11.7,negative
9.0,0.54,0.49,2.9,0.094,41.0,110.0,0.9982,3.08,0.61,9.2,negative
13.0,0.47,0.49,4.3,0.085,6.0,47.0,1.0021,3.3,0.68,12.7,negative
9.8,0.5,0.49,2.6,0.25,5.0,20.0,0.999,3.31,0.79,10.7,negative
10.6,0.31,0.49,2.2,0.063,18.0,40.0,0.9976,3.14,0.51,9.8,negative
11.9,0.58,0.58,1.9,0.071,5.0,18.0,0.998,3.09,0.63,10.0,negative
8.5,0.585,0.18,2.1,0.078,5.0,30.0,0.9967,3.2,0.48,9.8,negative
8.2,0.915,0.27,2.1,0.088,7.0,23.0,0.9962,3.26,0.47,10.0,positive
9.6,0.6,0.5,2.3,0.079,28.0,71.0,0.9997,3.5,0.57,9.7,negative
8.2,0.56,0.23,3.4,0.078,14.0,104.0,0.9976,3.28,0.62,9.4,negative
8.6,0.47,0.47,2.4,0.074,7.0,29.0,0.9979,3.08,0.46,9.5,negative
8.6,0.8,0.11,2.3,0.084,12.0,31.0,0.9979,3.4,0.48,9.9,negative
13.3,0.43,0.58,1.9,0.07,15.0,40.0,1.0004,3.06,0.49,9.0,negative
5.1,0.47,0.02,1.3,0.034,18.0,44.0,0.9921,3.9,0.62,12.8,negative
7.0,0.65,0.02,2.1,0.066,8.0,25.0,0.9972,3.47,0.67,9.5,negative
8.6,0.33,0.4,2.6,0.083,16.0,68.0,0.99782,3.3,0.48,9.4,negative
8.1,0.87,0.0,2.2,0.084,10.0,31.0,0.99656,3.25,0.5,9.8,negative
8.8,0.64,0.17,2.9,0.084,25.0,130.0,0.99818,3.23,0.54,9.6,negative
10.8,0.45,0.33,2.5,0.099,20.0,38.0,0.99818,3.24,0.71,10.8,negative
7.1,0.715,0.0,2.35,0.071,21.0,47.0,0.99632,3.29,0.45,9.4,negative
9.1,0.66,0.15,3.2,0.097,9.0,59.0,0.99976,3.28,0.54,9.6,negative
7.1,0.48,0.28,2.8,0.068,6.0,16.0,0.99682,3.24,0.53,10.3,negative
5.9,0.61,0.08,2.1,0.071,16.0,24.0,0.99376,3.56,0.77,11.1,negative
11.6,0.47,0.44,1.6,0.147,36.0,51.0,0.99836,3.38,0.86,9.9,positive
10.1,0.31,0.35,1.6,0.075,9.0,28.0,0.99672,3.24,0.83,11.2,negative
6.4,0.64,0.21,1.8,0.081,14.0,31.0,0.99689,3.59,0.66,9.8,negative
8.0,0.42,0.32,2.5,0.08,26.0,122.0,0.99801,3.22,1.07,9.7,negative
11.7,0.28,0.47,1.7,0.054,17.0,32.0,0.99686,3.15,0.67,10.6,negative
6.9,0.51,0.23,2.0,0.072,13.0,22.0,0.99438,3.4,0.84,11.2,negative
7.3,0.35,0.24,2.0,0.067,28.0,48.0,0.99576,3.43,0.54,10.0,positive
9.1,0.21,0.37,1.6,0.067,6.0,10.0,0.99552,3.23,0.58,11.1,negative
6.8,0.57,0.0,2.5,0.072,32.0,64.0,0.99491,3.43,0.56,11.2,negative
7.2,0.66,0.03,2.3,0.078,16.0,86.0,0.99743,3.53,0.57,9.7,negative
9.2,0.58,0.2,3.0,0.081,15.0,115.0,0.998,3.23,0.59,9.5,negative
6.6,0.61,0.01,1.9,0.08,8.0,25.0,0.99746,3.69,0.73,10.5,negative
8.8,0.3,0.38,2.3,0.06,19.0,72.0,0.99543,3.39,0.72,11.8,negative
8.9,0.12,0.45,1.8,0.075,10.0,21.0,0.99552,3.41,0.76,11.9,negative
9.5,0.37,0.52,2.0,0.088,12.0,51.0,0.99613,3.29,0.58,11.1,negative
6.4,0.57,0.12,2.3,0.12,25.0,36.0,0.99519,3.47,0.71,11.3,negative
6.7,0.56,0.09,2.9,0.079,7.0,22.0,0.99669,3.46,0.61,10.2,negative
10.4,0.26,0.48,1.9,0.066,6.0,10.0,0.99724,3.33,0.87,10.9,negative
8.5,0.34,0.44,1.7,0.079,6.0,12.0,0.99605,3.52,0.63,10.7,negative
9.1,0.5,0.3,1.9,0.065,8.0,17.0,0.99774,3.32,0.71,10.5,negative
7.7,0.39,0.12,1.7,0.097,19.0,27.0,0.99596,3.16,0.49,9.4,negative
7.1,0.34,0.28,2.0,0.082,31.0,68.0,0.99694,3.45,0.48,9.4,negative
10.5,0.39,0.46,2.2,0.075,14.0,27.0,0.99598,3.06,0.84,11.4,negative
7.4,0.965,0.0,2.2,0.088,16.0,32.0,0.99756,3.58,0.67,10.2,negative
7.6,0.78,0.0,1.7,0.076,33.0,45.0,0.99612,3.31,0.62,10.7,negative
8.9,0.48,0.53,4.0,0.101,3.0,10.0,0.99586,3.21,0.59,12.1,negative
7.7,0.61,0.18,2.4,0.083,6.0,20.0,0.9963,3.29,0.6,10.2,negative
9.9,0.32,0.56,2.0,0.073,3.0,8.0,0.99534,3.15,0.73,11.4,negative
7.2,0.48,0.07,5.5,0.089,10.0,18.0,0.99684,3.37,0.68,11.2,negative
8.2,0.51,0.24,2.0,0.079,16.0,86.0,0.99764,3.34,0.64,9.5,negative
9.6,0.42,0.35,2.1,0.083,17.0,38.0,0.99622,3.23,0.66,11.1,negative
5.1,0.51,0.18,2.1,0.042,16.0,101.0,0.9924,3.46,0.87,12.9,negative
9.2,0.36,0.34,1.6,0.062,5.0,12.0,0.99667,3.2,0.67,10.5,negative
6.7,0.64,0.23,2.1,0.08,11.0,119.0,0.99538,3.36,0.7,10.9,negative
7.9,0.58,0.23,2.3,0.076,23.0,94.0,0.99686,3.21,0.58,9.5,negative
7.2,0.36,0.46,2.1,0.074,24.0,44.0,0.99534,3.4,0.85,11.0,negative
5.1,0.42,0.0,1.8,0.044,18.0,88.0,0.99157,3.68,0.73,13.6,negative
8.6,0.635,0.68,1.8,0.403,19.0,56.0,0.99632,3.02,1.15,9.3,negative
10.4,0.43,0.5,2.3,0.068,13.0,19.0,0.996,3.1,0.87,11.4,negative
5.5,0.49,0.03,1.8,0.044,28.0,87.0,0.9908,3.5,0.82,14.0,negative
7.1,0.46,0.2,1.9,0.077,28.0,54.0,0.9956,3.37,0.64,10.4,negative
8.7,0.63,0.28,2.7,0.096,17.0,69.0,0.99734,3.26,0.63,10.2,negative
5.7,0.6,0.0,1.4,0.063,11.0,18.0,0.99191,3.45,0.56,12.2,negative
8.0,0.28,0.44,1.8,0.081,28.0,68.0,0.99501,3.36,0.66,11.2,negative
9.7,0.69,0.32,2.5,0.088,22.0,91.0,0.9979,3.29,0.62,10.1,negative
6.8,0.68,0.09,3.9,0.068,15.0,29.0,0.99524,3.41,0.52,11.1,positive
7.0,0.36,0.21,2.4,0.086,24.0,69.0,0.99556,3.4,0.53,10.1,negative
5.0,0.74,0.0,1.2,0.041,16.0,46.0,0.99258,4.01,0.59,12.5,negative
9.1,0.34,0.42,1.8,0.058,9.0,18.0,0.99392,3.18,0.55,11.4,negative
7.2,0.835,0.0,2.0,0.166,4.0,11.0,0.99608,3.39,0.52,10.0,negative
6.0,0.5,0.0,1.4,0.057,15.0,26.0,0.99448,3.36,0.45,9.5,negative
7.6,0.54,0.02,1.7,0.085,17.0,31.0,0.99589,3.37,0.51,10.4,negative
7.2,0.655,0.03,1.8,0.078,7.0,12.0,0.99587,3.34,0.39,9.5,negative
6.7,0.48,0.02,2.2,0.08,36.0,111.0,0.99524,3.1,0.53,9.7,negative
7.0,0.6,0.12,2.2,0.083,13.0,28.0,0.9966,3.52,0.62,10.2,negative
7.2,0.67,0.0,2.2,0.068,10.0,24.0,0.9956,3.42,0.72,11.1,negative
7.2,0.33,0.33,1.7,0.061,3.0,13.0,0.996,3.23,1.1,10.0,negative
8.2,0.24,0.34,5.1,0.062,8.0,22.0,0.9974,3.22,0.94,10.9,negative
6.0,0.51,0.0,2.1,0.064,40.0,54.0,0.995,3.54,0.93,10.7,negative
6.4,0.47,0.4,2.4,0.071,8.0,19.0,0.9963,3.56,0.73,10.6,negative
6.2,0.58,0.0,1.6,0.065,8.0,18.0,0.9966,3.56,0.84,9.4,negative
10.0,0.32,0.59,2.2,0.077,3.0,15.0,0.9994,3.2,0.78,9.6,negative
7.8,0.53,0.01,1.6,0.077,3.0,19.0,0.995,3.16,0.46,9.8,negative
7.7,0.64,0.21,2.2,0.077,32.0,133.0,0.9956,3.27,0.45,9.9,negative
7.8,0.53,0.01,1.6,0.077,3.0,19.0,0.995,3.16,0.46,9.8,negative
7.6,0.43,0.31,2.1,0.069,13.0,74.0,0.9958,3.26,0.54,9.9,negative
6.9,0.58,0.2,1.75,0.058,8.0,22.0,0.99322,3.38,0.49,11.7,negative
6.5,0.9,0.0,1.6,0.052,9.0,17.0,0.99467,3.5,0.63,10.9,negative
5.6,0.62,0.03,1.5,0.08,6.0,13.0,0.99498,3.66,0.62,10.1,positive
7.1,0.22,0.49,1.8,0.039,8.0,18.0,0.99344,3.39,0.56,12.4,negative
7.1,0.27,0.6,2.1,0.074,17.0,25.0,0.99814,3.38,0.72,10.6,negative
6.6,0.56,0.14,2.4,0.064,13.0,29.0,0.99397,3.42,0.62,11.7,negative
6.1,0.53,0.08,1.9,0.077,24.0,45.0,0.99528,3.6,0.68,10.3,negative
7.2,0.39,0.32,1.8,0.065,34.0,60.0,0.99714,3.46,0.78,9.9,negative
7.0,0.57,0.02,2.0,0.072,17.0,26.0,0.99575,3.36,0.61,10.2,negative
7.3,0.735,0.0,2.2,0.08,18.0,28.0,0.99765,3.41,0.6,9.4,negative
6.2,0.51,0.14,1.9,0.056,15.0,34.0,0.99396,3.48,0.57,11.5,negative
6.2,0.56,0.09,1.7,0.053,24.0,32.0,0.99402,3.54,0.6,11.3,negative
6.6,0.725,0.2,7.8,0.073,29.0,79.0,0.9977,3.29,0.54,9.2,negative
5.9,0.55,0.1,2.2,0.062,39.0,51.0,0.99512,3.52,0.76,11.2,negative
