6.7,0.58,0.08,1.8,0.097,15.0,65.0,0.9959,3.28,0.54,9.2,negative
7.8,0.61,0.29,1.6,0.114,9.0,29.0,0.9974,3.26,1.56,9.1,negative
8.9,0.22,0.48,1.8,0.077,29.0,60.0,0.9968,3.39,0.53,9.4,negative
6.9,0.4,0.14,2.4,0.085,21.0,40.0,0.9968,3.43,0.63,9.7,negative
7.3,0.45,0.36,5.9,0.074,12.0,87.0,0.9978,3.33,0.83,10.5,negative
7.3,0.45,0.36,5.9,0.074,12.0,87.0,0.9978,3.33,0.83,10.5,negative
5.6,0.31,0.37,1.4,0.074,12.0,96.0,0.9954,3.32,0.58,9.2,negative
7.3,0.39,0.31,2.4,0.074,9.0,46.0,0.9962,3.41,0.54,9.4,negative
6.8,0.785,0.0,2.4,0.104,14.0,30.0,0.9966,3.52,0.55,10.7,negative
7.3,0.67,0.26,1.8,0.401,16.0,51.0,0.9969,3.16,1.14,9.4,negative
7.7,0.49,0.26,1.9,0.062,9.0,31.0,0.9966,3.39,0.64,9.6,negative
8.1,0.575,0.22,2.1,0.077,12.0,65.0,0.9967,3.29,0.51,9.2,negative
8.0,0.71,0.0,2.6,0.08,11.0,34.0,0.9976,3.44,0.53,9.5,negative
8.1,1.33,0.0,1.8,0.082,3.0,12.0,0.9964,3.54,0.48,10.9,negative
5.6,0.5,0.09,2.3,0.049,17.0,99.0,0.9937,3.63,0.63,13.0,negative
8.3,0.715,0.15,1.8,0.089,10.0,52.0,0.9968,3.23,0.77,9.5,negative
6.9,0.49,0.1,2.3,0.074,12.0,30.0,0.9959,3.42,0.58,10.2,negative
7.1,0.43,0.42,5.5,0.071,28.0,128.0,0.9973,3.42,0.71,10.5,negative
7.3,0.59,0.26,7.2,0.07,35.0,121.0,0.9981,3.37,0.49,9.4,negative
6.9,1.09,0.06,2.1,0.061,12.0,31.0,0.9948,3.51,0.43,11.4,positive
7.8,0.44,0.28,2.7,0.1,18.0,95.0,0.9966,3.22,0.67,9.4,negative
11.6,0.44,0.64,2.1,0.059,5.0,15.0,0.998,3.21,0.67,10.2,negative
7.0,0.49,0.49,5.6,0.06,26.0,121.0,0.9974,3.34,0.76,10.5,negative
8.1,0.725,0.22,2.2,0.072,11.0,41.0,0.9967,3.36,0.55,9.1,negative
7.5,0.49,0.19,1.9,0.076,10.0,44.0,0.9957,3.39,0.54,9.7,negative
8.4,0.635,0.36,2.0,0.089,15.0,55.0,0.99745,3.31,0.57,10.4,positive
9.0,0.82,0.14,2.6,0.089,9.0,23.0,0.9984,3.39,0.63,9.8,negative
15.0,0.21,0.44,2.2,0.075,10.0,24.0,1.00005,3.07,0.84,9.2,negative
7.9,0.33,0.23,1.7,0.077,18.0,45.0,0.99625,3.29,0.65,9.3,negative
8.1,0.87,0.0,3.3,0.096,26.0,61.0,1.00025,3.6,0.72,9.8,positive
7.9,0.35,0.46,3.6,0.078,15.0,37.0,0.9973,3.35,0.86,12.8,negative
6.9,0.54,0.04,3.0,0.077,7.0,27.0,0.9987,3.69,0.91,9.4,negative
12.0,0.45,0.55,2.0,0.073,25.0,49.0,0.9997,3.1,0.76,10.3,negative
7.1,0.63,0.06,2.0,0.083,8.0,29.0,0.99855,3.67,0.73,9.6,negative
7.9,0.53,0.24,2.0,0.072,15.0,105.0,0.996,3.27,0.54,9.4,negative
9.0,0.46,0.31,2.8,0.093,19.0,98.0,0.99815,3.32,0.63,9.5,negative
10.9,0.39,0.47,1.8,0.118,6.0,14.0,0.9982,3.3,0.75,9.8,negative
6.6,0.815,0.02,2.7,0.072,17.0,34.0,0.9955,3.58,0.89,12.3,negative
9.6,0.56,0.31,2.8,0.089,15.0,46.0,0.9979,3.11,0.92,10.0,negative
10.7,0.67,0.22,2.7,0.107,17.0,34.0,1.0004,3.28,0.98,9.9,negative
7.7,0.665,0.0,2.4,0.09,8.0,19.0,0.9974,3.27,0.73,9.3,negative
11.5,0.41,0.52,3.0,0.08,29.0,55.0,1.0001,3.26,0.88,11.0,negative
10.3,0.34,0.52,2.8,0.159,15.0,75.0,0.9998,3.18,0.64,9.4,negative
11.5,0.54,0.71,4.4,0.124,6.0,15.0,0.9984,3.01,0.83,11.8,negative
8.3,0.26,0.42,2.0,0.08,11.0,27.0,0.9974,3.21,0.8,9.4,negative
8.3,0.26,0.42,2.0,0.08,11.0,27.0,0.9974,3.21,0.8,9.4,negative
10.6,0.48,0.64,2.2,0.111,6.0,20.0,0.997,3.26,0.66,11.7,negative
9.5,0.56,0.33,2.4,0.089,35.0,67.0,0.9972,3.28,0.73,11.8,negative
12.8,0.84,0.63,2.4,0.088,13.0,35.0,0.9997,3.1,0.6,10.4,negative
11.9,0.4,0.65,2.15,0.068,7.0,27.0,0.9988,3.06,0.68,11.3,negative
5.3,0.57,0.01,1.7,0.054,5.0,27.0,0.9934,3.57,0.84,12.5,negative
9.2,0.43,0.52,2.3,0.083,14.0,23.0,0.9976,3.35,0.61,11.3,negative
11.5,0.315,0.54,2.1,0.084,5.0,15.0,0.9987,2.98,0.7,9.2,negative
10.3,0.5,0.42,2.0,0.069,21.0,51.0,0.9982,3.16,0.72,11.5,negative
8.8,0.46,0.45,2.6,0.065,7.0,18.0,0.9947,3.32,0.79,14.0,negative
11.4,0.36,0.69,2.1,0.09,6.0,21.0,1.0,3.17,0.62,9.2,negative
9.9,0.35,0.55,2.1,0.062,5.0,14.0,0.9971,3.26,0.79,10.6,negative
10.2,0.645,0.36,1.8,0.053,5.0,14.0,0.9982,3.17,0.42,10.0,negative
9.2,0.41,0.5,2.5,0.055,12.0,25.0,0.9952,3.34,0.79,13.3,negative
7.8,0.52,0.25,1.9,0.081,14.0,38.0,0.9984,3.43,0.65,9.0,negative
10.4,0.44,0.73,6.55,0.074,38.0,76.0,0.999,3.17,0.85,12.0,negative
10.0,0.48,0.24,2.7,0.102,13.0,32.0,1.0,3.28,0.56,10.0,negative
9.0,0.53,0.49,1.9,0.171,6.0,25.0,0.9975,3.27,0.61,9.4,negative
5.0,1.04,0.24,1.6,0.05,32.0,96.0,0.9934,3.74,0.62,11.5,negative
13.0,0.47,0.49,4.3,0.085,6.0,47.0,1.0021,3.3,0.68,12.7,negative
9.0,0.44,0.49,2.4,0.078,26.0,121.0,0.9978,3.23,0.58,9.2,negative
5.0,0.42,0.24,2.0,0.06,19.0,50.0,0.9917,3.72,0.74,14.0,negative
7.9,0.72,0.17,2.6,0.096,20.0,38.0,0.9978,3.4,0.53,9.5,negative
8.9,0.595,0.41,7.9,0.086,30.0,109.0,0.9998,3.27,0.57,9.3,negative
12.4,0.4,0.51,2.0,0.059,6.0,24.0,0.9994,3.04,0.6,9.3,negative
8.3,0.58,0.13,2.9,0.096,14.0,63.0,0.9984,3.17,0.62,9.1,negative
8.3,0.6,0.13,2.6,0.085,6.0,24.0,0.9984,3.31,0.59,9.2,negative
6.8,0.69,0.0,5.6,0.124,21.0,58.0,0.9997,3.46,0.72,10.2,negative
8.8,0.6,0.29,2.2,0.098,5.0,15.0,0.9988,3.36,0.49,9.1,negative
9.9,0.54,0.45,2.3,0.071,16.0,40.0,0.9991,3.39,0.62,9.4,negative
12.1,0.4,0.52,2.0,0.092,15.0,54.0,1.0,3.03,0.66,10.2,negative
9.4,0.59,0.14,2.0,0.084,25.0,48.0,0.9981,3.14,0.56,9.7,negative
8.3,0.49,0.36,1.8,0.222,6.0,16.0,0.998,3.18,0.6,9.5,negative
11.3,0.34,0.45,2.0,0.082,6.0,15.0,0.9988,2.94,0.66,9.2,negative
8.2,0.73,0.21,1.7,0.074,5.0,13.0,0.9968,3.2,0.52,9.5,negative
8.1,0.78,0.23,2.6,0.059,5.0,15.0,0.997,3.37,0.56,11.3,negative
7.8,0.545,0.12,2.5,0.068,11.0,35.0,0.996,3.34,0.61,11.6,negative
8.7,0.69,0.0,3.2,0.084,13.0,33.0,0.9992,3.36,0.45,9.4,negative
7.5,1.115,0.1,3.1,0.086,5.0,12.0,0.9958,3.54,0.6,11.2,positive
7.3,0.835,0.03,2.1,0.092,10.0,19.0,0.9966,3.39,0.47,9.6,negative
7.7,0.965,0.1,2.1,0.112,11.0,22.0,0.9963,3.26,0.5,9.5,negative
7.9,0.72,0.01,1.9,0.076,7.0,32.0,0.99668,3.39,0.54,9.6,negative
7.2,0.61,0.08,4.0,0.082,26.0,108.0,0.99641,3.25,0.51,9.4,negative
5.1,0.585,0.0,1.7,0.044,14.0,86.0,0.99264,3.56,0.94,12.9,negative
7.3,0.49,0.1,2.6,0.068,4.0,14.0,0.99562,3.3,0.47,10.5,negative
6.7,0.54,0.13,2.0,0.076,15.0,36.0,0.9973,3.61,0.64,9.8,negative
10.6,0.5,0.45,2.6,0.119,34.0,68.0,0.99708,3.23,0.72,10.9,negative
7.1,0.685,0.35,2.0,0.088,9.0,92.0,0.9963,3.28,0.62,9.4,negative
9.3,0.36,0.39,1.5,0.08,41.0,55.0,0.99652,3.47,0.73,10.9,negative
6.8,0.56,0.22,1.8,0.074,15.0,24.0,0.99438,3.4,0.82,11.2,negative
6.8,0.49,0.22,2.3,0.071,13.0,24.0,0.99438,3.41,0.83,11.3,negative
10.7,0.52,0.38,2.6,0.066,29.0,56.0,0.99577,3.15,0.79,12.1,negative
8.3,0.31,0.39,2.4,0.078,17.0,43.0,0.99444,3.31,0.77,12.5,negative
7.4,0.635,0.1,2.4,0.08,16.0,33.0,0.99736,3.58,0.69,10.8,negative
6.1,0.56,0.0,2.2,0.079,6.0,9.0,0.9948,3.59,0.54,11.5,negative
7.4,0.61,0.01,2.0,0.074,13.0,38.0,0.99748,3.48,0.65,9.8,negative
6.6,0.61,0.01,1.9,0.08,8.0,25.0,0.99746,3.69,0.73,10.5,negative
10.1,0.43,0.4,2.6,0.092,13.0,52.0,0.99834,3.22,0.64,10.0,negative
8.3,0.28,0.48,2.1,0.093,6.0,12.0,0.99408,3.26,0.62,12.4,negative
7.2,0.41,0.3,2.1,0.083,35.0,72.0,0.997,3.44,0.52,9.4,negative
7.2,0.41,0.3,2.1,0.083,35.0,72.0,0.997,3.44,0.52,9.4,negative
9.5,0.86,0.26,1.9,0.079,13.0,28.0,0.99712,3.25,0.62,10.0,negative
7.3,0.52,0.32,2.1,0.07,51.0,70.0,0.99418,3.34,0.82,12.9,negative
7.4,0.58,0.0,2.0,0.064,7.0,11.0,0.99562,3.45,0.58,11.3,negative
5.6,0.66,0.0,2.2,0.087,3.0,11.0,0.99378,3.71,0.63,12.8,negative
9.6,0.5,0.36,2.8,0.116,26.0,55.0,0.99722,3.18,0.68,10.9,negative
8.9,0.38,0.4,2.2,0.068,12.0,28.0,0.99486,3.27,0.75,12.6,negative
11.3,0.36,0.66,2.4,0.123,3.0,8.0,0.99642,3.2,0.53,11.9,negative
7.0,0.51,0.09,2.1,0.062,4.0,9.0,0.99584,3.35,0.54,10.5,negative
8.6,0.83,0.0,2.8,0.095,17.0,43.0,0.99822,3.33,0.6,10.4,negative
7.9,0.31,0.32,1.9,0.066,14.0,36.0,0.99364,3.41,0.56,12.6,negative
8.0,0.62,0.35,2.8,0.086,28.0,52.0,0.997,3.31,0.62,10.8,negative
7.2,0.35,0.26,1.8,0.083,33.0,75.0,0.9968,3.4,0.58,9.5,negative
8.0,0.62,0.33,2.7,0.088,16.0,37.0,0.9972,3.31,0.58,10.7,negative
9.2,0.31,0.36,2.2,0.079,11.0,31.0,0.99615,3.33,0.86,12.0,negative
8.0,0.31,0.45,2.1,0.216,5.0,16.0,0.99358,3.15,0.81,12.5,negative
6.1,0.48,0.09,1.7,0.078,18.0,30.0,0.99402,3.45,0.54,11.2,negative
5.0,0.4,0.5,4.3,0.046,29.0,80.0,0.9902,3.49,0.66,13.6,negative
6.3,0.76,0.0,2.9,0.072,26.0,52.0,0.99379,3.51,0.6,11.5,negative
7.5,0.41,0.15,3.7,0.104,29.0,94.0,0.99786,3.14,0.58,9.1,negative
7.3,0.4,0.3,1.7,0.08,33.0,79.0,0.9969,3.41,0.65,9.5,negative
8.2,0.38,0.32,2.5,0.08,24.0,71.0,0.99624,3.27,0.85,11.0,negative
9.8,0.39,0.43,1.65,0.068,5.0,11.0,0.99478,3.19,0.46,11.4,negative
7.7,0.57,0.21,1.5,0.069,4.0,9.0,0.99458,3.16,0.54,9.8,negative
9.9,0.72,0.55,1.7,0.136,24.0,52.0,0.99752,3.35,0.94,10.0,negative
10.9,0.32,0.52,1.8,0.132,17.0,44.0,0.99734,3.28,0.77,11.5,negative
8.1,0.53,0.22,2.2,0.078,33.0,89.0,0.99678,3.26,0.46,9.6,negative
7.6,0.43,0.29,2.1,0.075,19.0,66.0,0.99718,3.4,0.64,9.5,negative
8.5,0.4,0.4,6.3,0.05,3.0,10.0,0.99566,3.28,0.56,12.0,positive
7.6,0.74,0.0,1.9,0.1,6.0,12.0,0.99521,3.36,0.59,11.0,negative
7.4,0.6,0.26,2.1,0.083,17.0,91.0,0.99616,3.29,0.56,9.8,negative
7.5,0.51,0.02,1.7,0.084,13.0,31.0,0.99538,3.36,0.54,10.5,negative
6.1,0.59,0.01,2.1,0.056,5.0,13.0,0.99472,3.52,0.56,11.4,negative
9.2,0.54,0.31,2.3,0.112,11.0,38.0,0.99699,3.24,0.56,10.9,negative
7.8,0.5,0.09,2.2,0.115,10.0,42.0,0.9971,3.18,0.62,9.5,negative
7.5,0.57,0.02,2.6,0.077,11.0,35.0,0.99557,3.36,0.62,10.8,negative
6.6,0.64,0.31,6.1,0.083,7.0,49.0,0.99718,3.35,0.68,10.3,negative
7.9,0.69,0.21,2.1,0.08,33.0,141.0,0.9962,3.25,0.51,9.9,negative
8.1,0.29,0.36,2.2,0.048,35.0,53.0,0.995,3.27,1.01,12.4,negative
7.2,0.38,0.31,2.0,0.056,15.0,29.0,0.99472,3.23,0.76,11.3,negative
6.6,0.58,0.02,2.0,0.062,37.0,53.0,0.99374,3.35,0.76,11.6,negative
6.8,0.59,0.1,1.7,0.063,34.0,53.0,0.9958,3.41,0.67,9.7,negative
7.1,0.875,0.05,5.7,0.082,3.0,14.0,0.99808,3.4,0.52,10.2,negative
8.2,0.28,0.6,3.0,0.104,10.0,22.0,0.99828,3.39,0.68,10.6,negative
8.1,0.33,0.44,1.5,0.042,6.0,12.0,0.99542,3.35,0.61,10.7,negative
6.9,0.74,0.03,2.3,0.054,7.0,16.0,0.99508,3.45,0.63,11.5,negative
7.5,0.38,0.57,2.3,0.106,5.0,12.0,0.99605,3.36,0.55,11.4,negative
7.9,0.18,0.4,1.8,0.062,7.0,20.0,0.9941,3.28,0.7,11.1,negative
6.5,0.53,0.06,2.0,0.063,29.0,44.0,0.99489,3.38,0.83,10.3,negative
11.1,0.44,0.42,2.2,0.064,14.0,19.0,0.99758,3.25,0.57,10.4,negative
6.5,0.63,0.33,1.8,0.059,16.0,28.0,0.99531,3.36,0.64,10.1,negative
6.4,0.36,0.53,2.2,0.23,19.0,35.0,0.9934,3.37,0.93,12.4,negative
7.5,0.52,0.4,2.2,0.06,12.0,20.0,0.99474,3.26,0.64,11.8,negative
6.2,0.56,0.09,1.7,0.053,24.0,32.0,0.99402,3.54,0.6,11.3,negative
7.2,0.66,0.33,2.5,0.068,34.0,102.0,0.99414,3.27,0.78,12.8,negative
