7.4,0.7,0.0,1.9,0.076,11.0,34.0,0.9978,3.51,0.56,9.4,5,0
7.5,0.5,0.36,6.1,0.071,17.0,102.0,0.9978,3.35,0.8,10.5,5,0
6.7,0.675,0.07,2.4,0.089,17.0,82.0,0.9958,3.35,0.54,10.1,5,0
8.1,0.38,0.28,2.1,0.066,13.0,30.0,0.9968,3.23,0.73,9.7,7,0
6.8,0.67,0.02,1.8,0.05,5.0,11.0,0.9962,3.48,0.52,9.5,5,0
8.7,0.29,0.52,1.6,0.113,12.0,37.0,0.9969,3.25,0.58,9.5,5,0
7.5,0.52,0.16,1.9,0.085,12.0,35.0,0.9968,3.38,0.62,9.5,7,0
7.7,0.63,0.08,1.9,0.076,15.0,27.0,0.9967,3.32,0.54,9.5,6,0
8.3,0.625,0.2,1.5,0.08,27.0,119.0,0.9972,3.16,1.12,9.1,4,1
5.0,1.02,0.04,1.4,0.045,41.0,85.0,0.9938,3.75,0.48,10.5,4,1
7.8,0.41,0.68,1.7,0.467,18.0,69.0,0.9973,3.08,1.31,9.3,5,0
7.8,0.56,0.19,1.8,0.104,12.0,47.0,0.9964,3.19,0.93,9.5,5,0
7.0,0.69,0.08,1.8,0.097,22.0,89.0,0.9959,3.34,0.54,9.2,6,0
8.8,0.55,0.04,2.2,0.119,14.0,56.0,0.9962,3.21,0.6,10.9,6,0
7.8,0.56,0.19,2.0,0.081,17.0,108.0,0.9962,3.32,0.54,9.5,5,0
8.4,0.745,0.11,1.9,0.09,16.0,63.0,0.9965,3.19,0.82,9.6,5,0
8.2,0.4,0.44,2.8,0.089,11.0,43.0,0.9975,3.53,0.61,10.5,6,0
7.6,0.68,0.02,1.3,0.072,9.0,20.0,0.9965,3.17,1.08,9.2,4,1
7.5,0.705,0.24,1.8,0.36,15.0,63.0,0.9964,3.0,1.59,9.5,5,0
8.0,0.42,0.17,2.0,0.073,6.0,18.0,0.9972,3.29,0.61,9.2,6,0
6.7,0.62,0.21,1.9,0.079,8.0,62.0,0.997,3.52,0.58,9.3,6,0
7.9,0.49,0.32,1.9,0.082,17.0,144.0,0.9968,3.2,0.55,9.5,5,0
7.3,0.58,0.3,2.4,0.074,15.0,55.0,0.9968,3.46,0.59,10.2,5,0
5.4,0.835,0.08,1.2,0.046,13.0,93.0,0.9924,3.57,0.85,13.0,7,0
7.0,0.42,0.35,1.6,0.088,16.0,39.0,0.9961,3.34,0.55,9.2,5,0
12.8,0.3,0.74,2.6,0.095,9.0,28.0,0.9994,3.2,0.77,10.8,7,0
8.0,0.725,0.24,2.8,0.083,10.0,62.0,0.99685,3.35,0.56,10.0,6,0
8.1,0.725,0.22,2.2,0.072,11.0,41.0,0.9967,3.36,0.55,9.1,5,0
7.5,0.49,0.19,1.9,0.076,10.0,44.0,0.9957,3.39,0.54,9.7,5,0
9.0,0.82,0.14,2.6,0.089,9.0,23.0,0.9984,3.39,0.63,9.8,5,0
7.7,0.43,0.25,2.6,0.073,29.0,63.0,0.99615,3.37,0.58,10.5,6,0
8.5,0.37,0.2,2.8,0.09,18.0,58.0,0.998,3.34,0.7,9.6,6,0
7.2,0.63,0.0,1.9,0.097,14.0,38.0,0.99675,3.37,0.58,9.0,6,0
7.1,0.6,0.0,1.8,0.074,16.0,34.0,0.9972,3.47,0.7,9.9,6,0
8.0,0.57,0.23,3.2,0.073,17.0,119.0,0.99675,3.26,0.57,9.3,5,0
10.0,0.31,0.47,2.6,0.085,14.0,33.0,0.99965,3.36,0.8,10.5,7,0
12.5,0.56,0.49,2.4,0.064,5.0,27.0,0.9999,3.08,0.87,10.9,5,0
6.9,0.54,0.04,3.0,0.077,7.0,27.0,0.9987,3.69,0.91,9.4,6,0
11.4,0.26,0.44,3.6,0.071,6.0,19.0,0.9986,3.12,0.82,9.3,6,0
8.7,0.52,0.09,2.5,0.091,20.0,49.0,0.9976,3.34,0.86,10.6,7,0
8.7,0.52,0.09,2.5,0.091,20.0,49.0,0.9976,3.34,0.86,10.6,7,0
11.0,0.2,0.48,2.0,0.343,6.0,18.0,0.9979,3.3,0.71,10.5,5,0
6.9,0.36,0.25,2.4,0.098,5.0,16.0,0.9964,3.41,0.6,10.1,6,0
7.2,0.65,0.02,2.3,0.094,5.0,31.0,0.9993,3.67,0.8,9.7,5,0
7.1,0.35,0.29,2.5,0.096,20.0,53.0,0.9962,3.42,0.65,11.0,6,0
7.8,0.62,0.05,2.3,0.079,6.0,18.0,0.99735,3.29,0.63,9.3,5,0
13.4,0.27,0.62,2.6,0.082,6.0,21.0,1.0002,3.16,0.67,9.7,6,0
8.4,0.56,0.08,2.1,0.105,16.0,44.0,0.9958,3.13,0.52,11.0,5,0
10.9,0.39,0.47,1.8,0.118,6.0,14.0,0.9982,3.3,0.75,9.8,6,0
9.1,0.785,0.0,2.6,0.093,11.0,28.0,0.9994,3.36,0.86,9.4,6,0
9.1,0.795,0.0,2.6,0.096,11.0,26.0,0.9994,3.35,0.83,9.4,6,0
7.8,0.54,0.26,2.0,0.088,23.0,48.0,0.9981,3.41,0.74,9.2,6,0
5.6,0.85,0.05,1.4,0.045,12.0,88.0,0.9924,3.56,0.82,12.9,8,1
7.7,0.69,0.05,2.7,0.075,15.0,27.0,0.9974,3.26,0.61,9.1,5,0
11.0,0.26,0.68,2.55,0.085,10.0,25.0,0.997,3.18,0.61,11.8,5,0
12.5,0.37,0.55,2.6,0.083,25.0,68.0,0.9995,3.15,0.82,10.4,6,0
10.4,0.24,0.49,1.8,0.075,6.0,20.0,0.9977,3.18,1.06,11.0,6,0
10.7,0.35,0.53,2.6,0.07,5.0,16.0,0.9972,3.15,0.65,11.0,8,1
10.7,0.4,0.48,2.1,0.125,15.0,49.0,0.998,3.03,0.81,9.7,6,0
9.2,0.43,0.49,2.4,0.086,23.0,116.0,0.9976,3.23,0.64,9.5,5,0
9.1,0.22,0.24,2.1,0.078,1.0,28.0,0.999,3.41,0.87,10.3,6,0
15.5,0.645,0.49,4.2,0.095,10.0,23.0,1.00315,2.92,0.74,11.1,5,0
10.2,0.24,0.49,2.4,0.075,10.0,28.0,0.9978,3.14,0.61,10.4,5,0
10.6,0.31,0.49,2.2,0.063,18.0,40.0,0.9976,3.14,0.51,9.8,6,0
12.3,0.5,0.49,2.2,0.089,5.0,14.0,1.0002,3.19,0.44,9.6,5,0
9.0,0.45,0.49,2.6,0.084,21.0,75.0,0.9987,3.35,0.57,9.7,5,0
13.2,0.46,0.52,2.2,0.071,12.0,35.0,1.0006,3.1,0.56,9.0,6,0
8.7,0.54,0.26,2.5,0.097,7.0,31.0,0.9976,3.27,0.6,9.3,6,0
8.9,0.29,0.35,1.9,0.067,25.0,57.0,0.997,3.18,1.36,10.3,6,0
10.8,0.4,0.41,2.2,0.084,7.0,17.0,0.9984,3.08,0.67,9.3,6,0
9.2,0.92,0.24,2.6,0.087,12.0,93.0,0.9998,3.48,0.54,9.8,5,0
5.1,0.47,0.02,1.3,0.034,18.0,44.0,0.9921,3.9,0.62,12.8,6,0
7.0,0.65,0.02,2.1,0.066,8.0,25.0,0.9972,3.47,0.67,9.5,6,0
9.7,0.31,0.47,1.6,0.062,13.0,33.0,0.9983,3.27,0.66,10.0,6,0
8.9,0.875,0.13,3.45,0.088,4.0,14.0,0.9994,3.44,0.52,11.5,5,0
8.3,0.65,0.1,2.9,0.089,17.0,40.0,0.99803,3.29,0.55,9.5,5,0
7.8,0.91,0.07,1.9,0.058,22.0,47.0,0.99525,3.51,0.43,10.7,6,0
7.5,0.6,0.32,2.7,0.103,13.0,98.0,0.99938,3.45,0.62,9.5,5,0
7.1,0.59,0.02,2.3,0.082,24.0,94.0,0.99744,3.55,0.53,9.7,6,0
6.9,0.765,0.18,2.4,0.243,5.5,48.0,0.99612,3.4,0.6,10.3,6,0
6.5,0.46,0.14,2.4,0.114,9.0,37.0,0.99732,3.66,0.65,9.8,5,0
9.4,0.5,0.34,3.6,0.082,5.0,14.0,0.9987,3.29,0.52,10.7,6,0
6.0,0.5,0.04,2.2,0.092,13.0,26.0,0.99647,3.46,0.47,10.0,5,0
6.4,0.64,0.21,1.8,0.081,14.0,31.0,0.99689,3.59,0.66,9.8,5,0
9.3,0.36,0.39,1.5,0.08,41.0,55.0,0.99652,3.47,0.73,10.9,6,0
11.7,0.28,0.47,1.7,0.054,17.0,32.0,0.99686,3.15,0.67,10.6,7,0
7.2,0.635,0.07,2.6,0.077,16.0,86.0,0.99748,3.51,0.54,9.7,5,0
7.6,0.63,0.03,2.0,0.08,27.0,43.0,0.99578,3.44,0.64,10.9,6,0
7.2,0.6,0.04,2.5,0.076,18.0,88.0,0.99745,3.53,0.55,9.5,5,0
7.2,0.66,0.03,2.3,0.078,16.0,86.0,0.99743,3.53,0.57,9.7,5,0
7.3,0.305,0.39,1.2,0.059,7.0,11.0,0.99331,3.29,0.52,11.5,6,0
10.0,0.46,0.44,2.9,0.065,4.0,8.0,0.99674,3.33,0.62,12.2,6,0
7.4,0.61,0.01,2.0,0.074,13.0,38.0,0.99748,3.48,0.65,9.8,5,0
8.2,0.31,0.4,2.2,0.058,6.0,10.0,0.99536,3.31,0.68,11.2,7,0
10.2,0.34,0.48,2.1,0.052,5.0,9.0,0.99458,3.2,0.69,12.1,7,0
12.2,0.45,0.49,1.4,0.075,3.0,6.0,0.9969,3.13,0.63,10.4,5,0
12.2,0.45,0.49,1.4,0.075,3.0,6.0,0.9969,3.13,0.63,10.4,5,0
6.5,0.4,0.1,2.0,0.076,30.0,47.0,0.99554,3.36,0.48,9.4,6,0
7.5,0.43,0.3,2.2,0.062,6.0,12.0,0.99495,3.44,0.72,11.5,7,0
8.9,0.38,0.4,2.2,0.068,12.0,28.0,0.99486,3.27,0.75,12.6,7,0
8.0,0.18,0.37,0.9,0.049,36.0,109.0,0.99007,2.89,0.44,12.7,6,0
7.7,0.58,0.01,1.8,0.088,12.0,18.0,0.99568,3.32,0.56,10.5,7,0
6.4,0.39,0.33,3.3,0.046,12.0,53.0,0.99294,3.36,0.62,12.2,6,0
7.6,0.42,0.25,3.9,0.104,28.0,90.0,0.99784,3.15,0.57,9.1,5,0
8.9,0.48,0.53,4.0,0.101,3.0,10.0,0.99586,3.21,0.59,12.1,7,0
8.6,0.37,0.65,6.4,0.08,3.0,8.0,0.99817,3.27,0.58,11.0,5,0
11.6,0.41,0.54,1.5,0.095,22.0,41.0,0.99735,3.02,0.76,9.9,7,0
9.2,0.31,0.36,2.2,0.079,11.0,31.0,0.99615,3.33,0.86,12.0,7,0
6.3,0.57,0.28,2.1,0.048,13.0,49.0,0.99374,3.41,0.6,12.8,5,0
7.0,0.69,0.07,2.5,0.091,15.0,21.0,0.99572,3.38,0.6,11.3,6,0
5.9,0.19,0.21,1.7,0.045,57.0,135.0,0.99341,3.32,0.44,9.5,5,0
7.2,0.48,0.07,5.5,0.089,10.0,18.0,0.99684,3.37,0.68,11.2,7,0
7.8,0.39,0.42,2.0,0.086,9.0,21.0,0.99526,3.39,0.66,11.6,6,0
6.1,0.58,0.23,2.5,0.044,16.0,70.0,0.99352,3.46,0.65,12.5,6,0
8.3,0.6,0.25,2.2,0.118,9.0,38.0,0.99616,3.15,0.53,9.8,5,0
8.3,0.6,0.25,2.2,0.118,9.0,38.0,0.99616,3.15,0.53,9.8,5,0
7.0,0.43,0.3,2.0,0.085,6.0,39.0,0.99346,3.33,0.46,11.9,6,0
6.5,0.885,0.0,2.3,0.166,6.0,12.0,0.99551,3.56,0.51,10.8,5,0
7.9,0.58,0.23,2.3,0.076,23.0,94.0,0.99686,3.21,0.58,9.5,6,0
9.9,0.74,0.19,5.8,0.111,33.0,76.0,0.99878,3.14,0.55,9.4,5,0
10.9,0.32,0.52,1.8,0.132,17.0,44.0,0.99734,3.28,0.77,11.5,6,0
7.6,0.43,0.29,2.1,0.075,19.0,66.0,0.99718,3.4,0.64,9.5,5,0
7.1,0.75,0.01,2.2,0.059,11.0,18.0,0.99242,3.39,0.4,12.8,6,0
7.4,0.55,0.19,1.8,0.082,15.0,34.0,0.99655,3.49,0.68,10.5,5,0
7.8,0.7,0.06,1.9,0.079,20.0,35.0,0.99628,3.4,0.69,10.9,5,0
6.1,0.64,0.02,2.4,0.069,26.0,46.0,0.99358,3.47,0.45,11.0,5,0
6.8,0.64,0.0,2.7,0.123,15.0,33.0,0.99538,3.44,0.63,11.3,6,0
7.5,0.58,0.2,2.0,0.073,34.0,44.0,0.99494,3.1,0.43,9.3,5,0
7.0,0.42,0.19,2.3,0.071,18.0,36.0,0.99476,3.39,0.56,10.9,5,0
7.1,0.16,0.44,2.5,0.068,17.0,31.0,0.99328,3.35,0.54,12.4,6,0
5.7,0.6,0.0,1.4,0.063,11.0,18.0,0.99191,3.45,0.56,12.2,6,0
6.8,0.68,0.09,3.9,0.068,15.0,29.0,0.99524,3.41,0.52,11.1,4,1
7.0,0.36,0.21,2.3,0.086,20.0,65.0,0.99558,3.4,0.54,10.1,6,0
6.0,0.5,0.0,1.4,0.057,15.0,26.0,0.99448,3.36,0.45,9.5,5,0
7.5,0.51,0.02,1.7,0.084,13.0,31.0,0.99538,3.36,0.54,10.5,6,0
7.3,0.43,0.24,2.5,0.078,27.0,67.0,0.99648,3.6,0.59,11.1,6,0
7.2,0.605,0.02,1.9,0.096,10.0,31.0,0.995,3.46,0.53,11.8,6,0
7.2,0.56,0.26,2.0,0.083,13.0,100.0,0.99586,3.26,0.52,9.9,5,0
7.2,0.67,0.0,2.2,0.068,10.0,24.0,0.9956,3.42,0.72,11.1,6,0
6.2,0.58,0.0,1.6,0.065,8.0,18.0,0.9966,3.56,0.84,9.4,5,0
7.6,0.41,0.33,2.5,0.078,6.0,23.0,0.9957,3.3,0.58,11.2,5,0
10.2,0.54,0.37,15.4,0.214,55.0,95.0,1.00369,3.18,0.77,9.0,6,0
6.9,0.63,0.02,1.9,0.078,18.0,30.0,0.99712,3.4,0.75,9.8,5,0
6.9,0.58,0.01,1.9,0.08,40.0,54.0,0.99683,3.4,0.73,9.7,5,0
8.4,0.29,0.4,1.7,0.067,8.0,20.0,0.99603,3.39,0.6,10.5,5,0
6.8,0.64,0.03,2.3,0.075,14.0,31.0,0.99545,3.36,0.58,10.4,6,0
6.7,0.7,0.08,3.75,0.067,8.0,16.0,0.99334,3.43,0.52,12.6,5,0
7.6,0.35,0.6,2.6,0.073,23.0,44.0,0.99656,3.38,0.79,11.1,6,0
9.9,0.5,0.5,13.8,0.205,48.0,82.0,1.00242,3.16,0.75,8.8,5,0
7.1,0.875,0.05,5.7,0.082,3.0,14.0,0.99808,3.4,0.52,10.2,3,0
6.9,0.74,0.03,2.3,0.054,7.0,16.0,0.99508,3.45,0.63,11.5,6,0
7.9,0.18,0.4,1.8,0.062,7.0,20.0,0.9941,3.28,0.7,11.1,5,0
6.9,0.84,0.21,4.1,0.074,16.0,65.0,0.99842,3.53,0.72,9.25,6,0
6.9,0.48,0.2,1.9,0.082,9.0,23.0,0.99585,3.39,0.43,9.05,4,1
6.7,0.48,0.08,2.1,0.064,18.0,34.0,0.99552,3.33,0.64,9.7,5,0
6.8,0.47,0.08,2.2,0.064,18.0,38.0,0.99553,3.3,0.65,9.6,6,0
7.8,0.6,0.26,2.0,0.08,31.0,131.0,0.99622,3.21,0.52,9.9,5,0
7.8,0.6,0.26,2.0,0.08,31.0,131.0,0.99622,3.21,0.52,9.9,5,0
5.6,0.31,0.78,13.9,0.074,23.0,92.0,0.99677,3.39,0.48,10.5,6,0
6.3,0.51,0.13,2.3,0.076,29.0,40.0,0.99574,3.42,0.75,11.0,6,0
