7.4,0.7,0.0,1.9,0.076,11.0,34.0,0.9978,3.51,0.56,9.4,5,0
5.6,0.615,0.0,1.6,0.089,16.0,59.0,0.9943,3.58,0.52,9.9,5,0
7.9,0.43,0.21,1.6,0.106,10.0,37.0,0.9966,3.17,0.91,9.5,5,0
7.8,0.645,0.0,2.0,0.082,8.0,16.0,0.9964,3.38,0.59,9.8,6,0
8.3,0.655,0.12,2.3,0.083,15.0,113.0,0.9966,3.17,0.66,9.8,5,0
6.4,0.4,0.23,1.6,0.066,5.0,12.0,0.9958,3.34,0.56,9.2,5,0
7.7,0.62,0.04,3.8,0.084,25.0,45.0,0.9978,3.34,0.53,9.5,5,0
7.5,0.63,0.12,5.1,0.111,50.0,110.0,0.9983,3.26,0.77,9.4,5,0
7.8,0.59,0.18,2.3,0.076,17.0,54.0,0.9975,3.43,0.59,10.0,5,0
9.3,0.32,0.57,2.0,0.074,27.0,65.0,0.9969,3.28,0.79,10.7,5,0
8.3,0.675,0.26,2.1,0.084,11.0,43.0,0.9976,3.31,0.53,9.2,4,1
8.8,0.41,0.64,2.2,0.093,9.0,42.0,0.9986,3.54,0.66,10.5,5,0
6.8,0.785,0.0,2.4,0.104,14.0,30.0,0.9966,3.52,0.55,10.7,6,0
6.7,0.75,0.12,2.0,0.086,12.0,80.0,0.9958,3.38,0.52,10.1,5,0
8.4,0.62,0.09,2.2,0.084,11.0,108.0,0.9964,3.15,0.66,9.8,5,0
7.8,0.56,0.19,1.8,0.104,12.0,47.0,0.9964,3.19,0.93,9.5,5,0
6.9,0.49,0.1,2.3,0.074,12.0,30.0,0.9959,3.42,0.58,10.2,6,0
7.5,0.6,0.03,1.8,0.095,25.0,99.0,0.995,3.35,0.54,10.1,5,0
7.8,0.53,0.04,1.7,0.076,17.0,31.0,0.9964,3.33,0.56,10.0,6,0
6.8,0.64,0.1,2.1,0.085,18.0,101.0,0.9956,3.34,0.52,10.2,5,0
8.9,0.61,0.49,2.0,0.27,23.0,110.0,0.9972,3.12,1.02,9.3,5,0
6.4,0.37,0.25,1.9,0.074,21.0,49.0,0.9974,3.57,0.62,9.8,6,0
6.8,0.5,0.11,1.5,0.075,16.0,49.0,0.99545,3.36,0.79,9.5,5,0
12.8,0.3,0.74,2.6,0.095,9.0,28.0,0.9994,3.2,0.77,10.8,7,0
8.4,0.635,0.36,2.0,0.089,15.0,55.0,0.99745,3.31,0.57,10.4,4,1
8.9,0.635,0.37,1.7,0.263,5.0,62.0,0.9971,3.0,1.09,9.3,5,0
15.0,0.21,0.44,2.2,0.075,10.0,24.0,1.00005,3.07,0.84,9.2,7,0
7.3,0.66,0.0,2.0,0.084,6.0,23.0,0.9983,3.61,0.96,9.9,6,0
7.9,0.37,0.23,1.8,0.077,23.0,49.0,0.9963,3.28,0.67,9.3,5,0
7.5,0.65,0.18,7.0,0.088,27.0,94.0,0.99915,3.38,0.77,9.4,5,0
7.9,0.545,0.06,4.0,0.087,27.0,61.0,0.9965,3.36,0.67,10.7,6,0
9.9,0.59,0.07,3.4,0.102,32.0,71.0,1.00015,3.31,0.71,9.8,5,0
7.5,0.53,0.06,2.6,0.086,20.0,44.0,0.9965,3.38,0.59,10.7,6,0
8.4,0.65,0.6,2.1,0.112,12.0,90.0,0.9973,3.2,0.52,9.2,5,0
7.4,0.29,0.38,1.7,0.062,9.0,30.0,0.9968,3.41,0.53,9.5,6,0
7.4,0.36,0.29,2.6,0.087,26.0,72.0,0.99645,3.39,0.68,11.0,5,0
7.8,0.43,0.32,2.8,0.08,29.0,58.0,0.9974,3.31,0.64,10.3,5,0
11.9,0.57,0.5,2.6,0.082,6.0,32.0,1.0006,3.12,0.78,10.7,6,0
12.6,0.38,0.66,2.6,0.088,10.0,41.0,1.001,3.17,0.68,9.8,6,0
8.6,0.45,0.31,2.6,0.086,21.0,50.0,0.9982,3.37,0.91,9.9,6,0
10.0,0.42,0.5,3.4,0.107,7.0,21.0,0.9979,3.26,0.93,11.8,6,0
11.5,0.54,0.71,4.4,0.124,6.0,15.0,0.9984,3.01,0.83,11.8,7,0
8.3,0.26,0.42,2.0,0.08,11.0,27.0,0.9974,3.21,0.8,9.4,6,0
11.4,0.6,0.49,2.7,0.085,10.0,41.0,0.9994,3.15,0.63,10.5,6,0
8.6,0.725,0.24,6.6,0.117,31.0,134.0,1.0014,3.32,1.07,9.3,5,0
7.0,0.58,0.12,1.9,0.091,34.0,124.0,0.9956,3.44,0.48,10.5,5,0
7.7,0.96,0.2,2.0,0.047,15.0,60.0,0.9955,3.36,0.44,10.9,5,0
12.8,0.84,0.63,2.4,0.088,13.0,35.0,0.9997,3.1,0.6,10.4,6,0
11.9,0.37,0.69,2.3,0.078,12.0,24.0,0.9958,3.0,0.65,12.8,6,0
11.9,0.39,0.69,2.8,0.095,17.0,35.0,0.9994,3.1,0.61,10.8,6,0
8.4,0.37,0.53,1.8,0.413,9.0,26.0,0.9979,3.06,1.06,9.1,6,0
10.4,0.33,0.63,2.8,0.084,5.0,22.0,0.9998,3.26,0.74,11.2,7,0
7.0,0.23,0.4,1.6,0.063,21.0,67.0,0.9952,3.5,0.63,11.1,5,0
8.9,0.59,0.39,2.3,0.095,5.0,22.0,0.9986,3.37,0.58,10.3,5,0
8.3,0.615,0.22,2.6,0.087,6.0,19.0,0.9982,3.26,0.61,9.3,5,0
9.6,0.68,0.24,2.2,0.087,5.0,28.0,0.9988,3.14,0.6,10.2,5,0
10.6,0.44,0.68,4.1,0.114,6.0,24.0,0.997,3.06,0.66,13.4,6,0
9.3,0.39,0.4,2.6,0.073,10.0,26.0,0.9984,3.34,0.75,10.2,6,0
9.9,0.63,0.24,2.4,0.077,6.0,33.0,0.9974,3.09,0.57,9.4,5,0
9.1,0.22,0.24,2.1,0.078,1.0,28.0,0.999,3.41,0.87,10.3,6,0
9.1,0.47,0.49,2.6,0.094,38.0,106.0,0.9982,3.08,0.59,9.1,5,0
9.0,0.53,0.49,1.9,0.171,6.0,25.0,0.9975,3.27,0.61,9.4,6,0
15.5,0.645,0.49,4.2,0.095,10.0,23.0,1.00315,2.92,0.74,11.1,5,0
15.6,0.645,0.49,4.2,0.095,10.0,23.0,1.00315,2.92,0.74,11.1,5,0
11.8,0.33,0.49,3.4,0.093,54.0,80.0,1.0002,3.3,0.76,10.7,7,0
6.6,0.39,0.49,1.7,0.07,23.0,149.0,0.9922,3.12,0.5,11.5,6,0
9.0,0.45,0.49,2.6,0.084,21.0,75.0,0.9987,3.35,0.57,9.7,5,0
9.9,0.49,0.58,3.5,0.094,9.0,43.0,1.0004,3.29,0.58,9.0,5,0
12.7,0.59,0.45,2.3,0.082,11.0,22.0,1.0,3.0,0.7,9.3,6,0
13.2,0.46,0.52,2.2,0.071,12.0,35.0,1.0006,3.1,0.56,9.0,6,0
8.2,0.56,0.23,3.4,0.078,14.0,104.0,0.9976,3.28,0.62,9.4,5,0
10.0,0.58,0.22,1.9,0.08,9.0,32.0,0.9974,3.13,0.55,9.5,5,0
10.1,0.935,0.22,3.4,0.105,11.0,86.0,1.001,3.43,0.64,11.3,4,1
9.5,0.885,0.27,2.3,0.084,31.0,145.0,0.9978,3.24,0.53,9.4,5,0
12.0,0.5,0.59,1.4,0.073,23.0,42.0,0.998,2.92,0.68,10.5,7,0
7.2,0.52,0.07,1.4,0.074,5.0,20.0,0.9973,3.32,0.81,9.6,6,0
7.2,0.52,0.07,1.4,0.074,5.0,20.0,0.9973,3.32,0.81,9.6,6,0
7.5,0.42,0.31,1.6,0.08,15.0,42.0,0.9978,3.31,0.64,9.0,5,0
9.4,0.59,0.14,2.0,0.084,25.0,48.0,0.9981,3.14,0.56,9.7,5,0
10.8,0.26,0.45,3.3,0.06,20.0,49.0,0.9972,3.13,0.54,9.6,5,0
10.6,1.02,0.43,2.9,0.076,26.0,88.0,0.9984,3.08,0.57,10.1,6,0
7.0,0.78,0.08,2.0,0.093,10.0,19.0,0.9956,3.4,0.47,10.0,5,0
9.0,0.66,0.17,3.0,0.077,5.0,13.0,0.9976,3.29,0.55,10.4,5,0
6.4,0.865,0.03,3.2,0.071,27.0,58.0,0.995,3.61,0.49,12.7,6,0
8.8,0.7,0.0,1.7,0.069,8.0,19.0,0.99701,3.31,0.53,10.0,6,0
7.4,0.37,0.43,2.6,0.082,18.0,82.0,0.99708,3.33,0.68,9.7,6,0
8.8,0.64,0.17,2.9,0.084,25.0,130.0,0.99818,3.23,0.54,9.6,5,0
7.7,0.6,0.0,2.6,0.055,7.0,13.0,0.99639,3.38,0.56,10.8,5,0
7.2,0.61,0.08,4.0,0.082,26.0,108.0,0.99641,3.25,0.51,9.4,5,0
12.9,0.5,0.55,2.8,0.072,7.0,24.0,1.00012,3.09,0.68,10.9,6,0
5.9,0.61,0.08,2.1,0.071,16.0,24.0,0.99376,3.56,0.77,11.1,6,0
10.4,0.44,0.42,1.5,0.145,34.0,48.0,0.99832,3.38,0.86,9.9,3,0
9.9,0.25,0.46,1.7,0.062,26.0,42.0,0.9959,3.18,0.83,10.6,6,0
6.4,0.63,0.21,1.6,0.08,12.0,32.0,0.99689,3.58,0.66,9.8,5,0
7.6,0.735,0.02,2.5,0.071,10.0,14.0,0.99538,3.51,0.71,11.7,7,0
8.8,0.31,0.4,2.8,0.109,7.0,16.0,0.99614,3.31,0.79,11.8,7,0
8.9,0.75,0.14,2.5,0.086,9.0,30.0,0.99824,3.34,0.64,10.5,5,0
7.2,0.34,0.24,2.0,0.071,30.0,52.0,0.99576,3.44,0.58,10.1,5,0
8.4,0.36,0.32,2.2,0.081,32.0,79.0,0.9964,3.3,0.72,11.0,6,0
8.4,0.36,0.32,2.2,0.081,32.0,79.0,0.9964,3.3,0.72,11.0,6,0
8.7,0.33,0.38,3.3,0.063,10.0,19.0,0.99468,3.3,0.73,12.0,7,0
6.2,0.46,0.17,1.6,0.073,7.0,11.0,0.99425,3.61,0.54,11.4,5,0
7.1,0.56,0.14,1.6,0.078,7.0,18.0,0.99592,3.27,0.62,9.3,5,0
6.6,0.57,0.02,2.1,0.115,6.0,16.0,0.99654,3.38,0.69,9.5,5,0
8.5,0.66,0.2,2.1,0.097,23.0,113.0,0.99733,3.13,0.48,9.2,5,0
9.0,0.4,0.43,2.4,0.068,29.0,46.0,0.9943,3.2,0.6,12.2,6,0
10.4,0.26,0.48,1.9,0.066,6.0,10.0,0.99724,3.33,0.87,10.9,6,0
7.3,0.52,0.32,2.1,0.07,51.0,70.0,0.99418,3.34,0.82,12.9,6,0
10.0,0.35,0.45,2.5,0.092,20.0,88.0,0.99918,3.15,0.43,9.4,5,0
9.9,0.35,0.38,1.5,0.058,31.0,47.0,0.99676,3.26,0.82,10.6,7,0
6.8,0.36,0.32,1.8,0.067,4.0,8.0,0.9928,3.36,0.55,12.8,7,0
9.1,0.3,0.34,2.0,0.064,12.0,25.0,0.99516,3.26,0.84,11.7,7,0
8.9,0.28,0.45,1.7,0.067,7.0,12.0,0.99354,3.25,0.55,12.3,7,0
8.9,0.32,0.31,2.0,0.088,12.0,19.0,0.9957,3.17,0.55,10.4,6,0
7.7,0.61,0.18,2.4,0.083,6.0,20.0,0.9963,3.29,0.6,10.2,6,0
9.3,0.33,0.45,1.5,0.057,19.0,37.0,0.99498,3.18,0.89,11.1,7,0
8.0,0.62,0.33,2.7,0.088,16.0,37.0,0.9972,3.31,0.58,10.7,6,0
7.5,0.77,0.2,8.1,0.098,30.0,92.0,0.99892,3.2,0.58,9.2,5,0
10.0,0.26,0.54,1.9,0.083,42.0,74.0,0.99451,2.98,0.63,11.8,8,1
6.6,0.725,0.09,5.5,0.117,9.0,17.0,0.99655,3.35,0.49,10.8,6,0
8.6,0.52,0.38,1.5,0.096,5.0,18.0,0.99666,3.2,0.52,9.4,5,0
7.4,0.49,0.27,2.1,0.071,14.0,25.0,0.99388,3.35,0.63,12.0,6,0
7.0,0.69,0.07,2.5,0.091,15.0,21.0,0.99572,3.38,0.6,11.3,6,0
7.9,0.54,0.34,2.5,0.076,8.0,17.0,0.99235,3.2,0.72,13.1,8,1
10.5,0.43,0.35,3.3,0.092,24.0,70.0,0.99798,3.21,0.69,10.5,6,0
7.3,0.4,0.3,1.7,0.08,33.0,79.0,0.9969,3.41,0.65,9.5,6,0
6.9,0.45,0.11,2.4,0.043,6.0,12.0,0.99354,3.3,0.65,11.4,6,0
7.0,0.22,0.3,1.8,0.065,16.0,20.0,0.99672,3.61,0.82,10.0,6,0
10.2,0.4,0.4,2.5,0.068,41.0,54.0,0.99754,3.38,0.86,10.5,6,0
7.9,0.34,0.36,1.9,0.065,5.0,10.0,0.99419,3.27,0.54,11.2,7,0
6.2,0.39,0.43,2.0,0.071,14.0,24.0,0.99428,3.45,0.87,11.2,7,0
8.1,0.53,0.22,2.2,0.078,33.0,89.0,0.99678,3.26,0.46,9.6,6,0
12.6,0.39,0.49,2.5,0.08,8.0,20.0,0.9992,3.07,0.82,10.3,6,0
7.8,0.815,0.01,2.6,0.074,48.0,90.0,0.99621,3.38,0.62,10.8,5,0
5.9,0.395,0.13,2.4,0.056,14.0,28.0,0.99362,3.62,0.67,12.4,6,0
7.8,0.87,0.26,3.8,0.107,31.0,67.0,0.99668,3.26,0.46,9.2,5,0
7.5,0.51,0.02,1.7,0.084,13.0,31.0,0.99538,3.36,0.54,10.5,6,0
7.2,0.655,0.03,1.8,0.078,7.0,12.0,0.99587,3.34,0.39,9.5,5,0
11.6,0.475,0.4,1.4,0.091,6.0,28.0,0.99704,3.07,0.65,10.0333333333333,6,0
6.8,0.83,0.09,1.8,0.074,4.0,25.0,0.99534,3.38,0.45,9.6,5,0
6.0,0.49,0.0,2.3,0.068,15.0,33.0,0.99292,3.58,0.59,12.5,6,0
7.2,0.33,0.33,1.7,0.061,3.0,13.0,0.996,3.23,1.1,10.0,8,1
8.0,0.5,0.39,2.6,0.082,12.0,46.0,0.9985,3.43,0.62,10.7,6,0
6.4,0.47,0.4,2.4,0.071,8.0,19.0,0.9963,3.56,0.73,10.6,6,0
7.8,0.32,0.44,2.7,0.104,8.0,17.0,0.99732,3.33,0.78,11.0,7,0
11.7,0.45,0.63,2.2,0.073,7.0,23.0,0.99974,3.21,0.69,10.9,6,0
7.3,0.48,0.32,2.1,0.062,31.0,54.0,0.99728,3.3,0.65,10.0,7,0
8.2,0.28,0.6,3.0,0.104,10.0,22.0,0.99828,3.39,0.68,10.6,5,0
6.8,0.91,0.06,2.0,0.06,4.0,11.0,0.99592,3.53,0.64,10.9,4,1
7.0,0.655,0.16,2.1,0.074,8.0,25.0,0.99606,3.37,0.55,9.7,5,0
6.8,0.68,0.21,2.1,0.07,9.0,23.0,0.99546,3.38,0.6,10.3,5,0
6.9,0.74,0.03,2.3,0.054,7.0,16.0,0.99508,3.45,0.63,11.5,6,0
6.8,0.81,0.05,2.0,0.07,6.0,14.0,0.99562,3.51,0.66,10.8,6,0
7.1,0.69,0.04,2.1,0.068,19.0,27.0,0.99712,3.44,0.67,9.8,5,0
6.6,0.7,0.08,2.6,0.106,14.0,27.0,0.99665,3.44,0.58,10.2,5,0
8.4,0.37,0.43,2.3,0.063,12.0,19.0,0.9955,3.17,0.81,11.2,7,0
7.0,0.57,0.02,2.0,0.072,17.0,26.0,0.99575,3.36,0.61,10.2,5,0
8.0,0.3,0.63,1.6,0.081,16.0,29.0,0.99588,3.3,0.78,10.8,6,0
6.2,0.56,0.09,1.7,0.053,24.0,32.0,0.99402,3.54,0.6,11.3,5,0
7.2,0.66,0.33,2.5,0.068,34.0,102.0,0.99414,3.27,0.78,12.8,6,0
