6.6,0.16,0.4,1.5,0.044,48.0,143.0,0.9912,3.54,0.52,12.4,7,0
8.3,0.42,0.62,19.25,0.04,41.0,172.0,1.0002,2.98,0.67,9.7,5,0
6.8,0.26,0.42,1.7,0.049,41.0,122.0,0.993,3.47,0.48,10.5,8,1
7.0,0.25,0.32,9.0,0.046,56.0,245.0,0.9955,3.25,0.5,10.4,6,0
6.5,0.39,0.23,5.4,0.051,25.0,149.0,0.9934,3.24,0.35,10.0,5,0
7.2,0.21,0.34,11.9,0.043,37.0,213.0,0.9962,3.09,0.5,9.6,6,0
7.0,0.47,0.07,1.1,0.035,17.0,151.0,0.991,3.02,0.34,10.5,5,0
6.6,0.38,0.15,4.6,0.044,25.0,78.0,0.9931,3.11,0.38,10.2,6,0
6.7,0.23,0.31,2.1,0.046,30.0,96.0,0.9926,3.33,0.64,10.7,8,1
7.2,0.39,0.63,11.0,0.044,55.0,156.0,0.9974,3.09,0.44,8.7,6,0
7.0,0.14,0.4,1.7,0.035,16.0,85.0,0.9911,3.19,0.42,11.8,6,0
7.2,0.31,0.5,13.3,0.056,68.0,195.0,0.9982,3.01,0.47,9.2,5,0
7.4,0.39,0.23,7.0,0.033,29.0,126.0,0.994,3.14,0.42,10.5,5,0
6.5,0.24,0.32,7.6,0.038,48.0,203.0,0.9958,3.45,0.54,9.7,7,0
7.4,0.24,0.42,14.0,0.066,48.0,198.0,0.9979,2.89,0.42,8.9,6,0
7.5,0.29,0.31,8.95,0.055,20.0,151.0,0.9968,3.08,0.54,9.3,5,0
7.6,0.48,0.37,0.8,0.037,4.0,100.0,0.9902,3.03,0.39,11.4,4,0
5.9,0.23,0.3,12.9,0.054,57.0,170.0,0.9972,3.28,0.39,9.4,5,0
6.8,0.26,0.56,11.9,0.043,64.0,226.0,0.997,3.02,0.63,9.3,5,0
7.0,0.16,0.32,8.3,0.045,38.0,126.0,0.9958,3.21,0.34,9.2,5,0
5.8,0.26,0.24,9.2,0.044,55.0,152.0,0.9961,3.31,0.38,9.4,5,0
7.5,0.23,0.36,7.0,0.036,43.0,161.0,0.9938,3.04,0.32,11.0,5,0
6.1,0.41,0.14,10.4,0.037,18.0,119.0,0.996,3.38,0.45,10.0,5,0
5.3,0.58,0.07,6.9,0.043,34.0,149.0,0.9944,3.34,0.57,9.7,5,0
6.9,0.32,0.26,8.3,0.053,32.0,180.0,0.9965,3.25,0.51,9.2,6,0
6.6,0.19,0.41,8.9,0.046,51.0,169.0,0.9954,3.14,0.57,9.8,6,0
6.7,0.2,0.41,9.1,0.044,50.0,166.0,0.9954,3.14,0.58,9.8,6,0
7.2,0.23,0.39,14.2,0.058,49.0,192.0,0.9979,2.98,0.48,9.0,7,0
5.8,0.34,0.21,6.6,0.04,50.0,167.0,0.9941,3.29,0.62,10.0,5,0
6.5,0.28,0.34,9.9,0.038,30.0,133.0,0.9954,3.11,0.44,9.8,5,0
5.5,0.335,0.3,2.5,0.071,27.0,128.0,0.9924,3.14,0.51,9.6,6,0
7.1,0.365,0.14,1.2,0.055,24.0,84.0,0.9941,3.15,0.43,8.9,5,0
7.3,0.2,0.44,1.4,0.045,21.0,98.0,0.9924,3.15,0.46,10.0,7,0
6.4,0.31,0.28,1.5,0.037,12.0,119.0,0.9919,3.32,0.51,10.4,7,0
5.1,0.33,0.22,1.6,0.027,18.0,89.0,0.9893,3.51,0.38,12.5,7,0
5.9,0.26,0.27,18.2,0.048,52.0,168.0,0.9993,3.35,0.44,9.4,5,0
6.1,0.35,0.07,1.4,0.069,22.0,108.0,0.9934,3.23,0.52,9.2,5,0
7.0,0.22,0.31,2.7,0.03,41.0,136.0,0.9898,3.16,0.37,12.7,7,0
6.0,0.37,0.32,1.0,0.053,31.0,218.5,0.9924,3.29,0.72,9.8,6,0
5.5,0.16,0.22,4.5,0.03,30.0,102.0,0.9938,3.24,0.36,9.4,6,0
5.9,0.36,0.41,1.3,0.047,45.0,104.0,0.9917,3.33,0.51,10.6,6,0
7.8,0.19,0.26,8.9,0.039,42.0,182.0,0.996,3.18,0.46,9.9,6,0
5.7,0.335,0.34,1.0,0.04,13.0,174.0,0.992,3.27,0.66,10.0,5,0
6.0,0.24,0.27,1.9,0.048,40.0,170.0,0.9938,3.64,0.54,10.0,7,0
5.9,0.32,0.39,3.3,0.114,24.0,140.0,0.9934,3.09,0.45,9.2,6,0
7.2,0.31,0.46,5.0,0.04,3.0,29.0,0.9906,3.04,0.53,12.5,4,0
7.9,0.345,0.51,15.3,0.047,54.0,171.0,0.9987,3.09,0.51,9.1,5,0
7.4,0.25,0.36,13.2,0.067,53.0,178.0,0.9976,3.01,0.48,9.0,6,0
6.8,0.28,0.17,13.9,0.047,49.0,162.0,0.9983,3.21,0.51,9.0,6,0
7.0,0.3,0.51,13.6,0.05,40.0,168.0,0.9976,3.07,0.52,9.6,7,0
7.2,0.34,0.44,4.2,0.047,51.0,144.0,0.991,3.01,0.76,12.3,6,0
6.5,0.28,0.29,2.7,0.038,26.0,107.0,0.9912,3.32,0.41,11.6,7,0
8.2,0.22,0.3,1.8,0.047,47.0,185.0,0.9933,3.13,0.5,10.2,6,0
5.7,0.18,0.22,4.2,0.042,25.0,111.0,0.994,3.35,0.39,9.4,5,0
7.4,0.37,0.35,5.7,0.061,12.0,94.0,0.9965,3.48,0.69,10.7,6,0
7.5,0.21,0.68,10.9,0.045,38.0,133.0,0.9978,3.0,0.36,8.7,5,0
7.7,0.24,0.27,1.8,0.051,52.0,190.0,0.9928,3.23,0.5,10.8,6,0
6.5,0.26,0.43,8.9,0.083,50.0,171.0,0.9965,2.85,0.5,9.0,5,0
6.1,0.17,0.28,4.5,0.033,46.0,150.0,0.9933,3.43,0.49,10.9,6,0
5.9,0.14,0.25,4.5,0.027,34.0,140.0,0.9934,3.49,0.51,10.8,6,0
7.1,0.26,0.34,14.4,0.067,35.0,189.0,0.9986,3.07,0.53,9.1,7,0
7.1,0.26,0.34,14.4,0.067,35.0,189.0,0.9986,3.07,0.53,9.1,7,0
6.6,0.27,0.25,3.1,0.052,41.0,188.0,0.9915,3.24,0.4,11.3,5,0
7.1,0.28,0.26,1.9,0.049,12.0,86.0,0.9934,3.15,0.38,9.4,5,0
6.1,0.36,0.16,6.4,0.037,36.0,198.0,0.9944,3.17,0.62,9.9,6,0
7.5,0.31,0.51,14.8,0.039,62.0,204.0,0.9982,3.06,0.6,9.5,5,0
5.6,0.25,0.26,3.6,0.037,18.0,115.0,0.9904,3.42,0.5,12.6,6,0
6.2,0.21,0.27,1.7,0.038,41.0,150.0,0.9933,3.49,0.71,10.5,7,0
7.0,0.27,0.41,18.75,0.042,34.0,157.0,1.0002,2.96,0.5,9.1,5,0
6.9,0.31,0.34,1.6,0.032,23.0,128.0,0.9917,3.37,0.47,11.7,6,0
6.9,0.38,0.25,9.8,0.04,28.0,191.0,0.9971,3.28,0.61,9.2,5,0
6.6,0.25,0.3,14.4,0.052,40.0,183.0,0.998,3.02,0.5,9.1,6,0
5.9,0.26,0.25,12.5,0.034,38.0,152.0,0.9977,3.33,0.43,9.4,5,0
7.7,0.34,0.28,11.0,0.04,31.0,117.0,0.99815,3.27,0.29,9.2,6,0
5.8,0.34,0.16,7.0,0.037,26.0,116.0,0.9949,3.46,0.45,10.0,7,0
6.4,0.46,0.08,4.9,0.046,34.0,144.0,0.99445,3.1,0.56,10.0,5,0
7.2,0.31,0.26,7.3,0.05,37.0,157.0,0.99625,3.09,0.43,9.0,5,0
6.4,0.31,0.26,13.2,0.046,57.0,205.0,0.9975,3.17,0.41,9.6,5,0
6.2,0.29,0.26,13.1,0.046,55.0,204.0,0.99745,3.16,0.41,9.6,6,0
6.4,0.35,0.28,1.1,0.055,9.0,160.0,0.99405,3.42,0.5,9.1,7,0
6.2,0.3,0.17,2.8,0.04,24.0,125.0,0.9939,3.01,0.46,9.0,5,0
6.6,0.36,0.29,1.6,0.021,24.0,85.0,0.98965,3.41,0.61,12.4,9,0
7.3,0.25,0.36,2.1,0.034,30.0,177.0,0.99085,3.25,0.4,11.9,8,1
8.7,0.23,0.32,13.4,0.044,35.0,169.0,0.99975,3.12,0.47,8.8,7,0
7.4,0.26,0.43,6.0,0.022,22.0,125.0,0.9928,3.13,0.55,11.5,6,0
6.1,0.34,0.27,2.6,0.024,20.0,105.0,0.9906,3.4,0.67,12.2,7,0
7.3,0.26,0.31,1.6,0.04,39.0,173.0,0.9918,3.19,0.51,11.4,6,0
6.3,0.33,0.2,5.8,0.04,24.0,144.0,0.99425,3.15,0.63,9.9,5,0
6.3,0.34,0.19,5.8,0.041,22.0,145.0,0.9943,3.15,0.63,9.9,5,0
7.7,0.3,0.32,1.6,0.037,23.0,124.0,0.9919,2.93,0.33,11.0,6,0
6.9,0.48,0.36,3.5,0.03,31.0,135.0,0.9904,3.14,0.38,12.2,7,0
6.8,0.705,0.25,3.2,0.048,10.0,57.0,0.996,3.36,0.52,9.5,4,0
7.6,0.345,0.26,1.9,0.043,15.0,134.0,0.9936,3.08,0.38,9.5,5,0
8.2,0.23,0.37,1.3,0.042,39.0,117.0,0.9928,2.99,0.36,10.0,5,0
6.5,0.34,0.28,1.8,0.041,43.0,188.0,0.9928,3.13,0.37,9.6,6,0
7.7,0.28,0.33,6.7,0.037,32.0,155.0,0.9951,3.39,0.62,10.7,7,0
6.5,0.25,0.27,15.2,0.049,75.0,217.0,0.9972,3.19,0.39,9.9,5,0
6.0,0.26,0.34,1.3,0.046,6.0,29.0,0.9924,3.29,0.63,10.4,5,0
6.1,0.24,0.27,9.8,0.062,33.0,152.0,0.9966,3.31,0.47,9.5,6,0
5.8,0.36,0.26,3.3,0.038,40.0,153.0,0.9911,3.34,0.55,11.3,6,0
6.6,0.18,0.28,3.3,0.044,18.0,91.0,0.993,3.42,0.64,10.8,6,0
8.6,0.2,0.42,1.5,0.041,35.0,125.0,0.9925,3.11,0.49,11.4,7,0
6.8,0.34,0.74,2.8,0.088,23.0,185.0,0.9928,3.51,0.7,12.0,6,0
7.1,0.47,0.24,6.0,0.044,11.0,77.0,0.9956,3.21,0.56,9.7,5,0
7.1,0.15,0.34,5.3,0.034,33.0,104.0,0.9953,3.37,0.52,9.3,7,0
8.3,0.22,0.38,14.8,0.054,32.0,126.0,1.0002,3.22,0.5,9.7,5,0
6.2,0.55,0.45,12.0,0.049,27.0,186.0,0.9974,3.17,0.5,9.3,6,0
5.3,0.395,0.07,1.3,0.035,26.0,102.0,0.992,3.5,0.35,10.6,6,0
7.9,0.16,0.3,4.8,0.037,37.0,171.0,0.9967,3.47,0.44,9.0,4,0
5.7,0.26,0.27,4.1,0.201,73.5,189.5,0.9942,3.27,0.38,9.4,6,0
7.5,0.14,0.34,1.3,0.055,50.0,153.0,0.9945,3.29,0.8,9.6,6,0
7.6,0.21,0.44,1.9,0.036,10.0,119.0,0.9913,3.01,0.7,12.8,6,0
6.4,0.25,0.41,8.6,0.042,57.0,173.0,0.9965,3.0,0.44,9.1,5,0
7.5,0.42,0.45,9.1,0.029,20.0,125.0,0.996,3.12,0.36,10.1,6,0
7.1,0.21,0.3,1.4,0.037,45.0,143.0,0.9932,3.13,0.33,9.9,6,0
7.3,0.22,0.4,14.75,0.042,44.5,129.5,0.9998,3.36,0.41,9.1,7,0
6.9,0.25,0.26,5.2,0.024,36.0,135.0,0.9948,3.16,0.72,10.7,7,0
7.0,0.17,0.37,1.5,0.028,26.0,75.0,0.9922,3.3,0.46,10.8,7,0
8.0,0.23,0.46,1.5,0.03,30.0,125.0,0.9907,3.23,0.47,12.5,6,0
5.9,0.4,0.32,6.0,0.034,50.0,127.0,0.992,3.51,0.58,12.5,7,0
7.6,0.28,0.39,1.2,0.038,21.0,115.0,0.994,3.16,0.67,10.0,6,0
7.2,0.23,0.39,2.3,0.033,29.0,102.0,0.9908,3.26,0.54,12.3,7,0
7.9,0.14,0.28,1.8,0.041,44.0,178.0,0.9954,3.45,0.43,9.2,6,0
8.1,0.43,0.42,6.6,0.033,36.0,141.0,0.9918,2.98,0.39,13.3,7,0
7.1,0.44,0.37,2.7,0.041,35.0,128.0,0.9896,3.07,0.43,13.5,7,0
7.2,0.14,0.35,1.2,0.036,15.0,73.0,0.9938,3.46,0.39,9.9,5,0
6.9,0.31,0.34,7.4,0.059,36.0,174.0,0.9963,3.46,0.62,11.1,7,0
8.0,0.22,0.42,14.6,0.044,45.0,163.0,1.0003,3.21,0.69,8.6,7,0
7.3,0.42,0.38,6.8,0.045,29.0,122.0,0.9925,3.19,0.37,12.6,7,0
9.0,0.245,0.38,5.9,0.045,52.0,159.0,0.995,2.93,0.35,10.2,6,0
9.4,0.17,0.55,1.6,0.049,14.0,94.0,0.9949,3.02,0.61,10.3,6,0
6.4,0.31,0.4,6.2,0.04,46.0,169.0,0.9953,3.15,0.46,9.3,6,0
6.9,0.16,0.35,1.3,0.043,21.0,182.0,0.9927,3.25,0.62,10.8,6,0
8.4,0.19,0.43,2.1,0.052,20.0,104.0,0.994,2.85,0.46,9.5,5,0
7.8,0.21,0.39,1.8,0.034,62.0,180.0,0.991,3.09,0.75,12.6,8,1
7.3,0.23,0.37,1.9,0.041,51.0,165.0,0.9908,3.26,0.4,12.2,8,1
6.5,0.37,0.33,3.9,0.027,40.0,130.0,0.9906,3.28,0.39,12.7,7,0
6.4,0.25,0.33,1.4,0.04,42.0,115.0,0.9906,3.19,0.48,11.3,7,0
6.9,0.38,0.32,8.5,0.044,36.0,152.0,0.9932,3.38,0.35,12.0,7,0
7.3,0.18,0.29,1.2,0.044,12.0,143.0,0.9918,3.2,0.48,11.3,7,0
6.2,0.16,0.47,1.4,0.029,23.0,81.0,0.99,3.26,0.42,12.2,6,0
7.3,0.18,0.29,1.2,0.044,12.0,143.0,0.9918,3.2,0.48,11.3,7,0
7.0,0.2,0.34,5.7,0.035,32.0,83.0,0.9928,3.19,0.46,11.5,6,0
6.9,0.3,0.33,4.1,0.035,26.0,155.0,0.9925,3.25,0.79,12.3,8,1
5.9,0.415,0.02,0.8,0.038,22.0,63.0,0.9932,3.36,0.36,9.3,5,0
9.8,0.25,0.74,10.0,0.056,36.0,225.0,0.9977,3.06,0.43,10.0,4,0
7.1,0.29,0.49,1.2,0.031,32.0,99.0,0.9893,3.07,0.33,12.2,6,0
6.3,0.27,0.49,1.2,0.063,35.0,92.0,0.9911,3.38,0.42,12.2,6,0
6.9,0.25,0.24,3.6,0.057,13.0,85.0,0.9942,2.99,0.48,9.5,4,0
7.6,0.51,0.24,1.2,0.04,10.0,104.0,0.992,3.05,0.29,10.8,6,0
6.2,0.15,0.49,0.9,0.033,17.0,51.0,0.9932,3.3,0.7,9.4,6,0
7.9,0.16,0.74,17.85,0.037,52.0,187.0,0.9998,2.99,0.41,9.3,5,0
7.4,0.19,0.49,9.3,0.03,26.0,132.0,0.994,2.99,0.32,11.0,7,0
6.6,0.3,0.24,1.2,0.034,17.0,121.0,0.9933,3.13,0.36,9.2,5,0
7.0,0.17,0.74,12.8,0.045,24.0,126.0,0.9942,3.26,0.38,12.2,8,1
8.1,0.2,0.49,8.1,0.051,51.0,205.0,0.9954,3.1,0.52,11.0,6,0
7.3,0.22,0.49,9.9,0.031,48.0,161.0,0.9937,3.01,0.28,11.2,6,0
6.6,0.21,0.49,18.15,0.042,41.0,158.0,0.9997,3.28,0.39,8.7,6,0
8.9,0.13,0.49,1.0,0.028,6.0,24.0,0.9926,2.91,0.32,9.9,5,0
7.1,0.53,0.24,0.8,0.029,29.0,86.0,0.993,3.16,0.32,9.1,4,0
6.7,0.3,0.49,4.8,0.034,36.0,158.0,0.9945,3.12,0.45,9.9,6,0
7.9,0.18,0.49,5.2,0.051,36.0,157.0,0.9953,3.18,0.48,10.6,6,0
7.9,0.42,0.49,8.2,0.056,32.0,164.0,0.9965,3.29,0.6,11.2,7,0
6.6,0.3,0.74,4.6,0.041,36.0,159.0,0.9946,3.21,0.45,9.9,5,0
8.5,0.17,0.49,8.8,0.048,23.0,108.0,0.9947,2.88,0.34,10.5,4,0
8.6,0.16,0.49,7.3,0.043,9.0,63.0,0.9953,3.13,0.59,10.5,6,0
6.6,0.55,0.01,2.7,0.034,56.0,122.0,0.9906,3.15,0.3,11.9,5,0
6.7,0.41,0.01,2.8,0.048,39.0,137.0,0.9942,3.24,0.35,9.5,5,0
6.9,0.34,0.49,7.3,0.045,61.0,206.0,0.9957,3.09,0.4,9.0,6,0
6.5,0.44,0.49,7.7,0.045,16.0,169.0,0.9957,3.11,0.37,8.7,6,0
7.3,0.19,0.49,15.55,0.058,50.0,134.0,0.9998,3.42,0.36,9.1,7,0
8.1,0.3,0.49,12.3,0.049,50.0,144.0,0.9971,3.09,0.57,10.2,7,0
7.0,0.35,0.3,6.5,0.028,27.0,87.0,0.9936,3.4,0.42,11.4,7,0
6.8,0.22,0.3,13.6,0.055,50.0,180.0,0.9984,3.44,0.39,9.8,5,0
6.6,0.34,0.27,6.2,0.059,23.0,136.0,0.9957,3.3,0.49,10.1,6,0
9.3,0.2,0.33,1.7,0.05,28.0,178.0,0.9954,3.16,0.43,9.0,4,0
7.6,0.2,0.39,2.6,0.044,30.0,180.0,0.9941,3.46,0.44,10.8,7,0
7.5,0.15,0.38,1.8,0.054,19.0,101.0,0.9946,3.24,0.44,10.0,5,0
6.9,0.29,0.23,8.6,0.056,56.0,215.0,0.9967,3.17,0.44,8.8,5,0
7.8,0.4,0.26,9.5,0.059,32.0,178.0,0.9955,3.04,0.43,10.9,6,0
7.7,0.49,1.0,19.6,0.03,28.0,135.0,0.9973,3.24,0.4,12.0,6,0
6.5,0.18,0.26,1.4,0.041,40.0,141.0,0.9941,3.34,0.72,9.5,6,0
6.4,0.15,0.36,1.8,0.034,43.0,150.0,0.9922,3.42,0.69,11.0,8,1
6.1,0.32,0.37,1.8,0.051,13.0,200.0,0.9945,3.49,0.44,10.5,4,0
8.7,0.45,0.4,1.5,0.067,17.0,100.0,0.9957,3.27,0.57,10.1,6,0
7.2,0.5,0.0,0.8,0.034,46.0,114.0,0.9932,3.19,0.34,9.2,4,0
7.3,0.19,0.24,6.3,0.054,34.0,231.0,0.9964,3.36,0.54,10.0,6,0
6.9,0.18,0.33,1.0,0.054,24.0,164.0,0.9926,3.42,0.51,10.5,5,0
7.6,0.27,0.25,13.9,0.05,45.0,199.0,0.9984,3.34,0.5,9.8,6,0
7.7,0.3,0.42,14.3,0.045,45.0,213.0,0.9991,3.18,0.63,9.2,5,0
7.3,0.24,0.41,13.6,0.05,41.0,178.0,0.9988,3.37,0.43,9.7,5,0
6.8,0.24,0.31,18.3,0.046,40.0,142.0,1.0,3.3,0.41,8.7,5,0
7.5,0.29,0.67,8.1,0.037,53.0,166.0,0.9966,2.9,0.41,8.9,6,0
8.8,0.23,0.35,10.7,0.04,26.0,183.0,0.9984,2.93,0.49,9.1,6,0
6.6,0.25,0.36,8.1,0.045,54.0,180.0,0.9958,3.08,0.42,9.2,5,0
7.1,0.25,0.28,1.6,0.052,46.0,169.0,0.9926,3.05,0.41,10.5,5,0
8.1,0.24,0.38,4.3,0.044,49.0,172.0,0.996,3.37,0.74,10.8,6,0
6.4,0.29,0.28,11.1,0.063,66.0,169.0,0.9973,2.89,0.57,9.0,5,0
7.5,0.26,0.26,18.35,0.084,33.0,139.0,1.0011,3.17,0.39,8.8,5,0
7.5,0.26,0.26,18.35,0.084,33.0,139.0,1.0011,3.17,0.39,8.8,5,0
7.5,0.38,0.5,12.8,0.042,57.0,184.0,0.9984,3.09,0.46,9.0,6,0
8.0,0.22,0.32,10.4,0.043,63.0,201.0,0.997,3.11,0.53,9.5,6,0
7.2,0.15,0.39,1.8,0.043,21.0,159.0,0.9948,3.52,0.47,10.0,5,0
8.8,0.2,0.28,1.1,0.018,18.0,72.0,0.9926,2.97,0.35,10.4,5,0
7.6,0.18,0.36,2.4,0.049,38.0,123.0,0.996,3.6,0.46,10.3,5,0
7.8,0.27,0.28,1.8,0.05,21.0,127.0,0.9934,3.15,0.44,9.9,5,0
7.6,0.18,0.36,2.4,0.049,38.0,123.0,0.996,3.6,0.46,10.3,5,0
7.9,0.17,0.32,1.6,0.053,47.0,150.0,0.9948,3.29,0.76,9.6,6,0
6.8,0.2,0.27,1.2,0.034,19.0,68.0,0.9902,3.14,0.37,11.7,4,0
6.8,0.25,0.27,10.7,0.076,47.0,154.0,0.9967,3.05,0.38,9.0,5,0
7.1,0.22,0.32,16.9,0.056,49.0,158.0,0.9998,3.37,0.38,9.6,6,0
8.3,0.24,0.27,2.1,0.03,22.0,162.0,0.9914,2.99,0.68,11.9,6,0
6.4,0.29,0.2,15.6,0.04,20.0,142.0,0.9962,3.1,0.54,10.6,5,0
7.7,0.39,0.34,10.0,0.056,35.0,178.0,0.9974,3.26,0.6,10.2,5,0
7.1,0.26,0.3,2.0,0.031,13.0,128.0,0.9917,3.19,0.49,11.4,5,0
7.4,0.17,0.29,1.4,0.047,23.0,107.0,0.9939,3.52,0.65,10.4,6,0
8.5,0.28,0.34,13.8,0.041,32.0,161.0,0.9981,3.13,0.4,9.9,6,0
6.9,0.23,0.33,12.8,0.056,44.0,169.0,0.998,3.42,0.42,9.8,6,0
7.1,0.2,0.36,11.6,0.042,45.0,124.0,0.997,2.92,0.59,9.5,7,0
6.9,0.25,0.35,9.2,0.034,42.0,150.0,0.9947,3.21,0.36,11.5,6,0
7.1,0.2,0.36,11.6,0.042,45.0,124.0,0.997,2.92,0.59,9.5,7,0
8.4,0.2,0.31,2.8,0.054,16.0,89.0,0.99416,2.96,0.45,9.5,6,0
6.5,0.39,0.35,1.6,0.049,10.0,164.0,0.99516,3.35,0.51,9.7,5,0
7.1,0.28,0.19,7.8,0.04,48.0,184.0,0.99579,3.16,0.5,9.4,5,0
7.5,0.31,0.24,7.1,0.031,28.0,141.0,0.99397,3.16,0.38,10.6,7,0
7.2,0.39,0.54,1.4,0.157,34.0,132.0,0.99449,3.11,0.53,9.0,6,0
6.5,0.36,0.31,4.1,0.061,20.0,134.0,0.99475,3.18,0.45,9.0,6,0
9.4,0.42,0.32,6.5,0.027,20.0,167.0,0.99479,3.08,0.43,10.6,5,0
7.3,0.19,0.25,1.4,0.051,41.0,107.0,0.99382,3.53,0.66,10.5,7,0
6.7,0.43,0.23,5.0,0.157,49.0,145.0,0.99471,3.17,0.49,9.4,5,0
8.6,0.17,0.28,2.7,0.047,38.0,150.0,0.99365,3.1,0.56,10.8,6,0
6.6,0.22,0.28,12.05,0.058,25.0,125.0,0.99856,3.45,0.45,9.4,5,0
8.1,0.28,0.34,1.3,0.035,11.0,126.0,0.99232,3.14,0.5,9.8,6,0
6.5,0.18,0.29,1.7,0.035,39.0,144.0,0.9927,3.49,0.5,10.5,6,0
6.0,0.33,0.18,3.0,0.036,5.0,85.0,0.99125,3.28,0.4,11.5,4,0
7.2,0.2,0.3,2.0,0.039,43.0,188.0,0.9911,3.3,0.41,12.0,6,0
6.8,0.46,0.26,2.7,0.042,28.0,83.0,0.99114,3.38,0.51,12.0,8,1
6.4,0.17,0.34,1.5,0.093,43.0,136.0,0.9938,3.25,0.49,9.6,6,0
6.6,0.26,0.27,1.5,0.04,19.0,114.0,0.99295,3.36,0.62,10.5,6,0
6.0,0.26,0.15,1.2,0.053,35.0,124.0,0.99347,3.08,0.46,8.8,5,0
7.5,0.28,0.78,12.1,0.041,53.0,161.0,0.99838,2.98,0.44,8.7,5,0
6.8,0.29,0.49,1.4,0.142,52.0,148.0,0.9937,3.08,0.49,9.0,6,0
6.8,0.32,0.3,1.0,0.049,22.0,113.0,0.99289,3.24,0.61,10.2,5,0
7.1,0.34,0.31,5.2,0.032,36.0,140.0,0.99166,3.35,0.47,12.3,7,0
5.6,0.175,0.29,0.8,0.043,20.0,67.0,0.99112,3.28,0.48,9.9,6,0
7.3,0.17,0.24,8.1,0.121,32.0,162.0,0.99508,3.17,0.38,10.4,8,1
9.0,0.26,0.34,6.7,0.029,21.0,162.0,0.99497,3.08,0.5,10.6,6,0
7.0,0.14,0.28,1.3,0.026,10.0,56.0,0.99352,3.46,0.45,9.9,5,0
8.2,0.52,0.34,1.2,0.042,18.0,167.0,0.99366,3.24,0.39,10.6,5,0
6.4,0.22,0.34,1.4,0.023,56.0,115.0,0.98958,3.18,0.7,11.7,6,0
6.5,0.3,0.39,7.8,0.038,61.0,219.0,0.9959,3.19,0.5,9.4,5,0
6.6,0.36,0.52,10.1,0.05,29.0,140.0,0.99628,3.07,0.4,9.4,5,0
6.5,0.28,0.28,20.4,0.041,40.0,144.0,1.0002,3.14,0.38,8.7,5,0
6.6,0.36,0.52,10.1,0.05,29.0,140.0,0.99628,3.07,0.4,9.4,5,0
6.5,0.18,0.41,14.2,0.039,47.0,129.0,0.99678,3.28,0.72,10.3,7,0
6.15,0.21,0.37,3.2,0.021,20.0,80.0,0.99076,3.39,0.47,12.0,5,0
7.0,0.24,0.24,9.0,0.03,42.0,219.0,0.99636,3.47,0.46,10.2,6,0
8.7,0.31,0.73,14.35,0.044,27.0,191.0,1.00013,2.96,0.88,8.7,5,0
5.7,0.18,0.36,1.2,0.046,9.0,71.0,0.99199,3.7,0.68,10.9,7,0
6.5,0.15,0.44,12.6,0.052,65.0,158.0,0.99688,3.26,0.7,10.3,7,0
7.0,0.15,0.3,13.3,0.049,46.0,120.0,0.99704,3.2,0.36,9.5,7,0
7.2,0.35,0.25,5.6,0.032,23.0,120.0,0.99334,2.93,0.66,10.3,7,0
7.2,0.32,0.24,5.6,0.033,23.0,120.0,0.99334,2.92,0.66,10.3,7,0
7.6,0.1,0.33,1.0,0.031,33.0,93.0,0.99094,3.06,0.68,11.2,6,0
7.2,0.19,0.27,11.2,0.061,46.0,149.0,0.99772,2.99,0.59,9.3,6,0
7.0,0.18,0.37,1.5,0.043,16.0,104.0,0.99216,3.18,0.5,10.8,5,0
6.5,0.23,0.36,16.3,0.038,43.0,133.0,0.99924,3.26,0.41,8.8,5,0
7.5,0.26,0.3,4.6,0.027,29.0,92.0,0.99085,3.15,0.38,12.0,7,0
7.1,0.29,0.28,9.3,0.048,50.0,141.0,0.9949,3.13,0.49,10.3,6,0
6.9,0.615,0.42,12.0,0.067,24.0,131.0,0.99727,3.19,0.34,9.3,5,0
7.7,0.16,0.36,5.9,0.054,25.0,148.0,0.99578,3.25,0.54,10.2,6,0
7.7,0.3,0.34,1.2,0.048,4.0,119.0,0.99084,3.18,0.34,12.1,6,0
7.8,0.965,0.6,65.8,0.074,8.0,160.0,1.03898,3.39,0.69,11.7,6,0
7.1,0.2,0.31,7.4,0.053,32.0,211.0,0.99587,3.31,0.59,10.4,6,0
7.1,0.2,0.31,7.4,0.053,32.0,211.0,0.99587,3.31,0.59,10.4,6,0
6.4,0.24,0.25,20.2,0.083,35.0,157.0,0.99976,3.17,0.5,9.1,5,0
6.8,0.26,0.44,8.2,0.046,52.0,183.0,0.99584,3.2,0.51,9.4,5,0
6.7,0.16,0.37,1.3,0.036,45.0,125.0,0.98964,3.19,0.51,12.4,7,0
6.8,0.26,0.44,8.2,0.046,52.0,183.0,0.99584,3.2,0.51,9.4,5,0
6.4,0.22,0.32,7.2,0.028,15.0,83.0,0.993,3.13,0.55,10.9,8,1
7.5,0.18,0.72,9.6,0.039,53.0,151.0,0.99802,3.03,0.46,8.9,5,0
5.8,0.32,0.31,2.7,0.049,25.0,153.0,0.99067,3.44,0.73,12.2,7,0
7.4,0.3,0.32,1.7,0.03,23.0,128.0,0.9929,3.17,0.66,10.9,5,0
7.2,0.17,0.41,1.6,0.052,24.0,126.0,0.99228,3.19,0.49,10.8,5,0
6.6,0.4,0.46,6.2,0.056,42.0,241.0,0.9968,3.5,0.6,9.9,5,0
6.5,0.22,0.45,8.0,0.053,52.0,196.0,0.9959,3.23,0.48,9.1,6,0
6.6,0.22,0.34,11.6,0.05,59.0,140.0,0.99526,3.22,0.4,10.8,5,0
6.2,0.15,0.27,1.4,0.041,51.0,117.0,0.9909,3.28,0.38,11.2,6,0
6.3,0.25,0.22,3.3,0.048,41.0,161.0,0.99256,3.16,0.5,10.5,6,0
6.5,0.22,0.45,8.0,0.053,52.0,196.0,0.9959,3.23,0.48,9.1,6,0
5.5,0.375,0.38,1.7,0.036,17.0,98.0,0.99142,3.29,0.39,10.5,6,0
6.5,0.22,0.29,7.4,0.028,16.0,87.0,0.99311,3.15,0.56,10.9,7,0
5.8,0.2,0.34,1.0,0.035,40.0,86.0,0.98993,3.5,0.42,11.7,5,0
6.9,0.33,0.26,5.0,0.027,46.0,143.0,0.9924,3.25,0.43,11.2,7,0
5.6,0.18,0.58,1.25,0.034,29.0,129.0,0.98984,3.51,0.6,12.0,7,0
6.9,0.22,0.31,6.3,0.029,41.0,131.0,0.99326,3.08,0.49,10.8,6,0
5.2,0.17,0.27,0.7,0.03,11.0,68.0,0.99218,3.3,0.41,9.8,5,0
7.0,0.12,0.29,10.3,0.039,41.0,98.0,0.99564,3.19,0.38,9.8,8,1
7.1,0.29,0.34,7.8,0.036,49.0,128.0,0.99397,3.21,0.4,10.7,6,0
7.3,0.4,0.26,5.45,0.016,26.0,90.0,0.98951,2.84,0.54,13.2,7,0
6.1,0.38,0.42,5.0,0.016,31.0,113.0,0.99007,3.15,0.31,12.4,7,0
6.9,0.3,0.3,10.55,0.037,4.0,28.0,0.99184,3.07,0.32,12.7,6,0
7.2,0.32,0.3,8.25,0.02,14.0,104.0,0.99362,2.99,0.44,11.4,6,0
7.1,0.47,0.29,14.8,0.024,22.0,142.0,0.99518,3.12,0.48,12.0,8,1
5.7,0.12,0.26,5.5,0.034,21.0,99.0,0.99324,3.09,0.57,9.9,6,0
6.1,0.18,0.38,2.3,0.033,28.0,111.0,0.98962,3.16,0.49,12.4,6,0
6.4,0.15,0.4,1.5,0.042,23.0,87.0,0.98972,3.11,0.46,12.2,7,0
7.1,0.28,0.35,3.5,0.028,35.0,91.0,0.99022,2.96,0.33,12.1,5,0
6.6,0.17,0.35,2.6,0.03,33.0,78.0,0.99146,3.22,0.72,11.3,6,0
7.6,0.27,0.52,3.2,0.043,28.0,152.0,0.99129,3.02,0.53,11.4,6,0
7.6,0.23,0.34,1.6,0.043,24.0,129.0,0.99305,3.12,0.7,10.4,5,0
6.7,0.21,0.37,2.5,0.034,35.0,89.0,0.9913,3.25,0.5,11.0,7,0
7.4,0.23,0.38,8.6,0.052,41.0,150.0,0.99534,3.06,0.46,10.3,5,0
5.6,0.19,0.27,0.9,0.04,52.0,103.0,0.99026,3.5,0.39,11.2,5,0
6.6,0.39,0.39,11.9,0.057,51.0,221.0,0.99851,3.26,0.51,8.9,6,0
6.1,0.17,0.42,15.1,0.033,28.0,124.0,0.99684,2.87,0.47,9.5,5,0
6.5,0.24,0.38,1.0,0.027,31.0,90.0,0.98926,3.24,0.36,12.3,6,0
6.7,0.18,0.37,1.3,0.027,42.0,125.0,0.98939,3.24,0.37,12.8,7,0
7.0,0.17,0.36,6.4,0.055,42.0,123.0,0.99318,3.11,0.5,11.0,8,1
5.8,0.28,0.3,1.5,0.026,31.0,114.0,0.98952,3.32,0.6,12.5,7,0
8.3,0.16,0.37,7.9,0.025,38.0,107.0,0.99306,2.93,0.37,11.9,6,0
6.4,0.22,0.38,9.1,0.044,35.0,127.0,0.99326,2.97,0.3,11.0,7,0
5.6,0.42,0.34,2.4,0.022,34.0,97.0,0.98915,3.22,0.38,12.8,7,0
6.4,0.22,0.38,9.1,0.044,35.0,127.0,0.99326,2.97,0.3,11.0,7,0
7.2,0.13,0.46,1.3,0.044,48.0,111.0,0.99127,2.97,0.45,11.1,5,0
6.2,0.2,0.26,1.1,0.047,42.0,119.0,0.99158,3.48,0.6,11.0,7,0
6.6,0.34,0.24,3.3,0.034,29.0,99.0,0.99031,3.1,0.4,12.3,7,0
6.7,0.24,0.37,11.3,0.043,64.0,173.0,0.99632,3.08,0.53,9.9,6,0
6.3,0.32,0.32,1.5,0.03,24.0,101.0,0.98923,3.21,0.42,13.0,5,0
6.5,0.32,0.34,5.7,0.044,27.0,91.0,0.99184,3.28,0.6,12.0,7,0
6.4,0.23,0.32,1.9,0.038,40.0,118.0,0.99074,3.32,0.53,11.8,7,0
6.6,0.23,0.3,4.6,0.06,29.0,154.0,0.99142,3.23,0.49,12.2,8,1
6.7,0.12,0.36,2.3,0.039,43.0,125.0,0.99229,3.07,0.67,10.1,7,0
6.6,0.2,0.14,4.4,0.184,35.0,168.0,0.99396,2.93,0.45,9.4,6,0
6.8,0.23,0.31,2.8,0.047,40.0,122.0,0.99126,3.06,0.64,10.9,7,0
6.8,0.21,0.31,2.9,0.046,40.0,121.0,0.9913,3.07,0.65,10.9,7,0
6.6,0.28,0.42,8.2,0.044,60.0,196.0,0.99562,3.14,0.48,9.4,5,0
6.3,0.19,0.29,2.0,0.022,33.0,96.0,0.98902,3.04,0.54,12.8,7,0
6.0,0.32,0.3,1.9,0.033,41.0,142.0,0.98912,3.29,0.42,12.8,7,0
6.6,0.17,0.28,1.8,0.042,62.0,178.0,0.99204,3.15,0.42,10.2,5,0
6.9,0.36,0.28,13.55,0.048,51.0,189.0,0.99782,3.0,0.6,9.5,7,0
6.7,0.36,0.28,8.3,0.034,29.0,81.0,0.99151,2.96,0.39,12.5,6,0
5.9,0.2,0.28,12.8,0.038,29.0,132.0,0.99426,3.31,0.57,11.8,7,0
6.0,0.2,0.26,1.1,0.033,38.0,67.0,0.98954,3.14,0.38,11.5,6,0
7.6,0.36,0.49,11.3,0.046,87.0,221.0,0.9984,3.01,0.43,9.2,5,0
6.6,0.24,0.3,11.3,0.026,11.0,77.0,0.99381,3.13,0.55,12.8,7,0
5.6,0.32,0.33,7.4,0.037,25.0,95.0,0.99268,3.25,0.49,11.1,6,0
5.8,0.15,0.32,1.2,0.037,14.0,119.0,0.99137,3.19,0.5,10.2,6,0
6.2,0.23,0.35,0.7,0.051,24.0,111.0,0.9916,3.37,0.43,11.0,3,1
6.7,0.64,0.3,1.2,0.03,18.0,76.0,0.9892,3.16,0.6,12.9,4,0
6.5,0.24,0.28,1.1,0.034,26.0,83.0,0.98928,3.25,0.33,12.3,6,0
6.7,0.3,0.44,18.5,0.057,65.0,224.0,0.99956,3.11,0.53,9.1,5,0
6.0,0.16,0.22,1.6,0.042,36.0,106.0,0.9905,3.24,0.32,11.4,6,0
6.7,0.24,0.3,3.85,0.042,105.0,179.0,0.99189,3.04,0.59,11.3,8,1
7.6,0.31,0.24,1.8,0.037,39.0,150.0,0.9913,3.05,0.44,11.8,7,0
6.9,0.28,0.33,1.2,0.039,16.0,98.0,0.9904,3.07,0.39,11.7,6,0
7.8,0.2,0.2,1.4,0.036,25.0,83.0,0.99088,3.03,0.46,11.7,6,0
6.0,0.28,0.27,15.5,0.036,31.0,134.0,0.99408,3.19,0.44,13.0,7,0
5.3,0.36,0.27,6.3,0.028,40.0,132.0,0.99186,3.37,0.4,11.6,6,0
8.9,0.27,0.28,0.8,0.024,29.0,128.0,0.98984,3.01,0.35,12.4,6,0
7.2,0.14,0.32,1.1,0.022,48.0,116.0,0.99218,3.04,0.67,10.0,6,0
7.6,0.38,0.28,4.2,0.029,7.0,112.0,0.9906,3.0,0.41,12.6,6,0
6.4,0.28,0.36,1.3,0.053,28.0,186.0,0.99211,3.31,0.45,10.8,5,0
6.6,0.39,0.38,9.7,0.053,49.0,226.0,0.99787,3.3,0.57,9.4,6,0
6.4,0.38,0.24,7.2,0.047,41.0,151.0,0.99604,3.11,0.6,9.2,5,0
7.1,0.27,0.24,12.6,0.044,48.0,118.0,0.99726,3.04,0.56,10.0,7,0
6.6,0.3,0.25,8.0,0.036,21.0,124.0,0.99362,3.06,0.38,10.8,6,0
7.6,0.31,0.27,8.8,0.021,57.0,156.0,0.99442,3.08,0.38,11.0,7,0
6.8,0.19,0.33,4.9,0.047,42.0,130.0,0.99283,3.12,0.56,11.0,6,0
6.5,0.27,0.26,11.0,0.03,2.0,82.0,0.99402,3.07,0.36,11.2,5,0
6.8,0.15,0.41,12.9,0.044,79.5,183.0,0.99742,3.24,0.78,10.2,6,0
7.2,0.23,0.25,18.8,0.085,19.0,111.0,1.00044,3.1,0.51,8.7,5,0
6.4,0.16,0.44,1.2,0.051,39.0,122.0,0.99058,3.11,0.75,11.3,7,0
7.6,0.3,0.37,1.6,0.087,27.0,177.0,0.99438,3.09,0.5,9.8,5,0
6.6,0.3,0.45,8.0,0.038,54.0,200.0,0.9956,3.18,0.48,9.5,5,0
7.0,0.15,0.28,14.7,0.051,29.0,149.0,0.99792,2.96,0.39,9.0,7,0
7.0,0.15,0.28,14.7,0.051,29.0,149.0,0.99792,2.96,0.39,9.0,7,0
7.0,0.15,0.28,14.7,0.051,29.0,149.0,0.99792,2.96,0.39,9.0,7,0
7.4,0.2,0.35,6.1,0.025,10.0,40.0,0.99244,2.79,0.52,10.9,5,0
6.9,0.4,0.17,12.9,0.033,59.0,186.0,0.99754,3.08,0.49,9.4,5,0
6.3,0.24,0.29,13.7,0.035,53.0,134.0,0.99567,3.17,0.38,10.6,6,0
6.7,0.42,0.39,12.1,0.04,61.0,248.0,0.99794,3.31,0.58,9.7,5,0
6.7,0.42,0.39,12.1,0.04,61.0,248.0,0.99794,3.31,0.58,9.7,5,0
7.6,0.27,0.3,9.2,0.018,23.0,96.0,0.9938,3.08,0.29,11.0,6,0
6.6,0.27,0.52,8.1,0.044,53.0,202.0,0.99548,3.18,0.48,9.5,5,0
6.6,0.13,0.29,13.9,0.056,33.0,95.0,0.99702,3.17,0.39,9.4,6,0
6.7,0.46,0.21,4.0,0.034,12.0,88.0,0.99016,3.26,0.54,13.0,6,0
8.0,0.27,0.33,1.2,0.05,41.0,103.0,0.99002,3.0,0.45,12.4,6,0
5.9,0.2,0.23,1.5,0.037,38.0,93.0,0.99021,3.36,0.49,12.0,6,0
6.5,0.27,0.19,6.6,0.045,98.0,175.0,0.99364,3.16,0.34,10.1,6,0
7.3,0.36,0.54,13.3,0.054,63.0,193.0,0.99864,3.06,0.49,8.6,4,0
6.6,0.32,0.47,15.6,0.063,27.0,173.0,0.99872,3.18,0.56,9.0,5,0
6.1,0.28,0.26,1.5,0.03,25.0,101.0,0.98894,3.03,0.41,12.1,6,0
7.0,0.46,0.2,16.7,0.046,50.0,184.0,0.99898,3.08,0.56,9.4,5,0
6.3,0.33,0.2,17.9,0.066,36.0,161.0,0.9991,3.14,0.51,8.8,5,0
7.5,0.35,0.48,12.4,0.056,61.0,176.5,0.99803,2.97,0.52,8.8,5,0
6.3,0.27,0.51,7.6,0.049,35.0,200.0,0.99548,3.16,0.54,9.4,4,0
6.7,0.18,0.31,10.6,0.035,42.0,143.0,0.99572,3.08,0.49,9.8,7,0
6.5,0.29,0.53,1.7,0.04,41.0,192.0,0.9922,3.26,0.59,10.4,7,0
5.6,0.23,0.25,8.0,0.043,31.0,101.0,0.99429,3.19,0.42,10.4,6,0
8.0,0.37,0.31,4.7,0.038,3.0,127.0,0.99186,2.9,0.72,12.1,5,0
6.4,0.25,0.57,1.0,0.062,21.0,122.0,0.99238,3.0,0.4,9.5,5,0
5.4,0.15,0.32,2.5,0.037,10.0,51.0,0.98878,3.04,0.58,12.6,6,0
6.2,0.32,0.12,4.8,0.054,6.0,97.0,0.99424,3.16,0.5,9.3,5,0
6.4,0.29,0.57,1.0,0.06,15.0,120.0,0.9924,3.06,0.41,9.5,5,0
7.1,0.44,0.27,8.4,0.057,60.0,160.0,0.99257,3.16,0.36,11.8,6,0
5.9,0.23,0.28,8.6,0.046,37.0,142.0,0.99432,3.23,0.53,10.6,6,0
6.4,0.14,0.28,7.9,0.057,21.0,82.0,0.99425,3.26,0.36,10.0,6,0
6.9,0.37,0.23,9.5,0.057,54.0,166.0,0.99568,3.23,0.42,10.0,5,0
5.3,0.23,0.56,0.9,0.041,46.0,141.0,0.99119,3.16,0.62,9.7,5,0
6.0,0.13,0.36,1.6,0.052,23.0,72.0,0.98974,3.1,0.5,11.5,7,0
6.8,0.27,0.28,7.8,0.038,26.0,89.0,0.9915,3.24,0.34,12.5,6,0
7.6,0.48,0.31,9.4,0.046,6.0,194.0,0.99714,3.07,0.61,9.4,5,0
6.6,0.22,0.35,1.4,0.05,23.0,83.0,0.99019,3.17,0.48,12.0,7,0
5.8,0.23,0.31,3.5,0.044,35.0,158.0,0.98998,3.19,0.37,12.1,7,0
6.3,0.24,0.22,11.9,0.05,65.0,179.0,0.99659,3.06,0.58,9.3,6,0
5.9,0.24,0.34,2.0,0.037,40.0,108.0,0.98948,3.19,0.5,12.3,6,0
5.3,0.33,0.3,1.2,0.048,25.0,119.0,0.99045,3.32,0.62,11.3,6,0
7.0,0.22,0.3,1.4,0.04,14.0,63.0,0.98985,3.2,0.33,12.0,6,0
5.6,0.23,0.29,3.1,0.023,19.0,89.0,0.99068,3.25,0.51,11.2,6,0
6.6,0.31,0.37,6.2,0.052,13.0,164.0,0.99602,3.24,0.39,8.8,4,0
7.0,0.44,0.24,12.1,0.056,68.0,210.0,0.99718,3.05,0.5,9.5,5,0
6.3,0.28,0.34,8.1,0.038,44.0,129.0,0.99248,3.26,0.29,12.1,6,0
5.4,0.22,0.35,6.5,0.029,26.0,87.0,0.99092,3.29,0.44,12.5,7,0
6.6,0.39,0.28,9.2,0.036,10.0,92.0,0.99206,3.07,0.35,12.1,6,0
5.7,0.26,0.24,17.8,0.059,23.0,124.0,0.99773,3.3,0.5,10.1,5,0
7.2,0.21,0.36,15.7,0.045,68.0,183.0,0.99922,3.25,0.76,9.4,5,0
7.4,0.22,0.28,9.0,0.046,22.0,121.0,0.99468,3.1,0.55,10.8,5,0
5.6,0.26,0.0,10.2,0.038,13.0,111.0,0.99315,3.44,0.46,12.4,6,0
6.1,0.24,0.27,11.5,0.05,51.0,133.0,0.99476,3.22,0.37,10.8,6,0
7.3,0.19,0.27,13.9,0.057,45.0,155.0,0.99807,2.94,0.41,8.8,8,1
7.3,0.19,0.27,13.9,0.057,45.0,155.0,0.99807,2.94,0.41,8.8,8,1
6.4,0.29,0.21,9.65,0.041,36.0,119.0,0.99334,2.99,0.34,10.9333333333333,6,0
6.5,0.22,0.19,4.5,0.096,16.0,115.0,0.9937,3.02,0.44,9.6,5,0
6.0,0.32,0.32,4.8,0.041,40.0,186.0,0.99235,3.22,0.54,11.0,6,0
6.1,0.34,0.21,5.0,0.042,17.0,133.0,0.99373,3.02,0.53,9.4,5,0
6.4,0.3,0.27,5.0,0.058,27.0,151.0,0.99198,3.22,0.49,12.2,6,0
6.3,0.2,0.26,12.7,0.046,60.0,143.0,0.99526,3.26,0.35,10.8,6,0
6.6,0.24,0.22,12.3,0.051,35.0,146.0,0.99676,3.1,0.67,9.4,5,0
5.7,0.24,0.47,6.3,0.069,35.0,182.0,0.99391,3.11,0.46,9.75,5,0
6.2,0.22,0.28,2.2,0.04,24.0,125.0,0.9917,3.19,0.48,10.5,6,0
6.2,0.22,0.28,2.2,0.04,24.0,125.0,0.9917,3.19,0.48,10.5,6,0
6.9,0.44,0.27,5.0,0.038,33.0,166.0,0.99124,3.2,0.42,12.2,6,0
6.6,0.38,0.28,2.8,0.043,17.0,67.0,0.98924,3.21,0.47,13.2,6,0
6.7,0.28,0.28,4.5,0.051,14.0,92.0,0.99224,3.36,0.58,11.9,6,0
6.1,0.21,0.19,1.4,0.046,51.0,131.0,0.99184,3.22,0.39,10.5,5,0
6.7,0.34,0.31,16.4,0.051,20.0,146.0,0.99834,3.06,0.54,9.1,5,0
5.0,0.35,0.25,7.8,0.031,24.0,116.0,0.99241,3.39,0.4,11.3,6,0
6.6,0.35,0.26,2.7,0.045,19.0,129.0,0.98952,3.24,0.48,13.0,7,0
7.0,0.28,0.28,1.4,0.039,12.0,83.0,0.99173,3.18,0.65,11.1,5,0
5.8,0.61,0.01,8.4,0.041,31.0,104.0,0.9909,3.26,0.72,14.05,7,0
5.8,0.13,0.22,12.7,0.058,24.0,183.0,0.9956,3.32,0.42,11.7,6,0
5.8,0.31,0.31,7.5,0.052,55.0,230.0,0.9949,3.19,0.46,9.8,5,0
5.7,0.28,0.3,3.9,0.026,36.0,105.0,0.98963,3.26,0.58,12.75,6,0
6.8,0.45,0.3,11.8,0.094,23.0,97.0,0.997,3.09,0.44,9.6,5,0
6.1,0.37,0.46,12.0,0.042,61.0,210.0,0.997,3.17,0.59,9.7,6,0
5.8,0.29,0.15,1.1,0.029,12.0,83.0,0.9898,3.3,0.4,11.4,6,0
6.0,0.2,0.26,14.7,0.045,53.0,125.0,0.998365,2.99,0.69,9.4,6,0
6.4,0.3,0.33,5.2,0.05,30.0,137.0,0.99304,3.26,0.58,11.1,5,0
5.4,0.29,0.38,1.2,0.029,31.0,132.0,0.98895,3.28,0.36,12.4,6,0
6.5,0.29,0.32,3.0,0.036,38.0,93.0,0.9906,3.16,0.59,12.0,6,0
6.6,0.4,0.3,5.3,0.038,20.0,125.0,0.99204,3.36,0.73,12.6,6,0
6.3,0.3,0.91,8.2,0.034,50.0,199.0,0.99394,3.39,0.49,11.7,6,0
5.8,0.29,0.38,10.7,0.038,49.0,136.0,0.99366,3.11,0.59,11.2,6,0
6.0,0.24,0.41,1.3,0.036,42.0,118.0,0.99018,3.04,0.64,11.7333333333333,6,0
6.0,0.24,0.41,1.3,0.036,42.0,118.0,0.99018,3.04,0.64,11.75,6,0
5.0,0.24,0.34,1.1,0.034,49.0,158.0,0.98774,3.32,0.32,13.1,7,0
6.1,0.38,0.47,1.4,0.051,59.0,210.0,0.99309,3.24,0.5,9.6,5,0
6.0,0.29,0.41,10.8,0.048,55.0,149.0,0.9937,3.09,0.59,10.9666666666667,7,0
6.0,0.29,0.41,10.8,0.048,55.0,149.0,0.9937,3.09,0.59,11.0,7,0
6.6,0.33,0.41,2.0,0.027,14.0,79.0,0.99063,3.27,0.63,12.4,6,0
6.0,0.17,0.33,6.0,0.036,30.0,111.0,0.99362,3.32,0.58,10.1333333333333,7,0
6.8,0.32,0.33,0.7,0.027,15.0,66.0,0.9899,3.11,0.31,11.8,6,0
5.9,0.21,0.31,1.8,0.033,45.0,142.0,0.98984,3.35,0.5,12.7,6,0
5.5,0.315,0.38,2.6,0.033,10.0,69.0,0.9909,3.12,0.59,10.8,6,0
6.3,0.23,0.5,10.4,0.043,61.0,132.0,0.99542,2.86,0.46,9.1,6,0
6.5,0.2,0.35,3.9,0.04,27.0,140.0,0.99102,2.98,0.53,11.8,6,0
6.2,0.15,0.27,11.0,0.035,46.0,116.0,0.99602,3.12,0.38,9.1,6,0
5.8,0.3,0.09,6.3,0.042,36.0,138.0,0.99382,3.15,0.48,9.7,5,0
6.4,0.105,0.29,1.1,0.035,44.0,140.0,0.99142,3.17,0.55,10.7,7,0
6.0,0.34,0.29,6.1,0.046,29.0,134.0,0.99462,3.48,0.57,10.7,6,0
6.4,0.23,0.35,10.3,0.042,54.0,140.0,0.9967,3.23,0.47,9.2,5,0
6.0,0.32,0.33,9.9,0.032,22.0,90.0,0.99258,3.1,0.43,12.1,7,0
5.6,0.33,0.28,1.2,0.031,33.0,97.0,0.99126,3.49,0.58,10.9,6,0
5.7,0.22,0.25,1.1,0.05,97.0,175.0,0.99099,3.44,0.62,11.1,6,0
6.2,0.23,0.38,1.6,0.044,12.0,113.0,0.99176,3.3,0.73,11.4,5,0
5.3,0.6,0.34,1.4,0.031,3.0,60.0,0.98854,3.27,0.38,13.0,6,0
5.6,0.2,0.36,2.5,0.048,16.0,125.0,0.99282,3.49,0.49,10.0,6,0
6.2,0.53,0.02,0.9,0.035,6.0,81.0,0.99234,3.24,0.35,9.5,4,0
6.5,0.33,0.38,8.3,0.048,68.0,174.0,0.99492,3.14,0.5,9.6,5,0
