8.1,0.27,0.41,1.45,0.033,11.0,63.0,0.9908,2.99,0.56,12.0,5,0
6.2,0.66,0.48,1.2,0.029,29.0,75.0,0.9892,3.33,0.39,12.8,8,1
7.0,0.31,0.26,7.4,0.069,28.0,160.0,0.9954,3.13,0.46,9.8,6,0
7.0,0.31,0.26,7.4,0.069,28.0,160.0,0.9954,3.13,0.46,9.8,6,0
6.8,0.22,0.24,4.9,0.092,30.0,123.0,0.9951,3.03,0.46,8.6,6,0
6.2,0.27,0.43,7.8,0.056,48.0,244.0,0.9956,3.1,0.51,9.0,6,0
6.8,0.3,0.23,4.6,0.061,50.5,238.5,0.9958,3.32,0.6,9.5,5,0
6.7,0.54,0.28,5.4,0.06,21.0,105.0,0.9949,3.27,0.37,9.0,5,0
7.1,0.34,0.2,6.1,0.063,47.0,164.0,0.9946,3.17,0.42,10.0,5,0
6.1,0.27,0.43,7.5,0.049,65.0,243.0,0.9957,3.12,0.47,9.0,5,0
7.1,0.26,0.29,12.4,0.044,62.0,240.0,0.9969,3.04,0.42,9.2,6,0
5.5,0.485,0.0,1.5,0.065,8.0,103.0,0.994,3.63,0.4,9.7,4,0
6.7,0.19,0.36,1.1,0.026,63.0,143.0,0.9912,3.27,0.48,11.0,6,0
6.1,0.3,0.56,2.8,0.044,47.0,179.0,0.9924,3.3,0.57,10.9,7,0
6.6,0.24,0.27,15.8,0.035,46.0,188.0,0.9982,3.24,0.51,9.2,5,0
6.1,0.32,0.24,1.5,0.036,38.0,124.0,0.9898,3.29,0.42,12.4,7,0
6.4,0.22,0.56,14.5,0.055,27.0,159.0,0.998,2.98,0.4,9.1,5,0
7.5,0.27,0.31,17.7,0.051,33.0,173.0,0.999,3.09,0.64,10.2,5,0
6.4,0.33,0.31,5.5,0.048,42.0,173.0,0.9951,3.19,0.66,9.3,6,0
6.9,0.27,0.4,14.0,0.05,64.0,227.0,0.9979,3.18,0.58,9.6,6,0
5.9,0.3,0.23,4.2,0.038,42.0,119.0,0.9924,3.15,0.5,11.0,5,0
6.6,0.28,0.28,8.5,0.052,55.0,211.0,0.9962,3.09,0.55,8.9,6,0
6.8,0.27,0.26,16.1,0.049,55.0,196.0,0.9984,3.15,0.5,9.3,5,0
6.9,0.54,0.32,13.2,0.05,53.0,236.0,0.9973,3.2,0.5,9.6,5,0
6.8,0.26,0.34,13.9,0.034,39.0,134.0,0.9949,3.33,0.53,12.0,6,0
6.8,0.18,0.38,1.4,0.038,35.0,111.0,0.9918,3.32,0.59,11.2,7,0
6.2,0.25,0.25,1.4,0.03,35.0,105.0,0.9912,3.3,0.44,11.1,7,0
7.5,0.27,0.36,7.0,0.036,45.0,164.0,0.9939,3.03,0.33,11.0,5,0
7.2,0.23,0.38,14.3,0.058,55.0,194.0,0.9979,3.09,0.44,9.0,6,0
7.3,0.32,0.23,13.7,0.05,49.0,197.0,0.9985,3.2,0.46,8.7,5,0
6.3,0.35,0.3,5.7,0.035,8.0,97.0,0.9927,3.27,0.41,11.0,7,0
5.8,0.36,0.38,0.9,0.037,3.0,75.0,0.9904,3.28,0.34,11.4,4,0
7.2,0.29,0.4,13.6,0.045,66.0,231.0,0.9977,3.08,0.59,9.6,6,0
5.3,0.585,0.07,7.1,0.044,34.0,145.0,0.9945,3.34,0.57,9.7,6,0
7.2,0.23,0.39,14.2,0.058,49.0,192.0,0.9979,2.98,0.48,9.0,7,0
6.2,0.28,0.22,7.3,0.041,26.0,157.0,0.9957,3.44,0.64,9.8,7,0
6.3,0.33,0.27,1.2,0.046,34.0,175.0,0.9934,3.37,0.54,9.4,6,0
8.3,0.2,0.35,0.9,0.05,12.0,74.0,0.992,3.13,0.38,10.5,6,0
7.3,0.4,0.24,6.7,0.058,41.0,166.0,0.995,3.2,0.41,9.9,6,0
6.0,0.1,0.24,1.1,0.041,15.0,65.0,0.9927,3.61,0.61,10.3,7,0
5.4,0.31,0.47,3.0,0.053,46.0,144.0,0.9931,3.29,0.76,10.0,5,0
10.0,0.2,0.39,1.4,0.05,19.0,152.0,0.994,3.0,0.42,10.4,6,0
6.4,0.24,0.32,14.9,0.047,54.0,162.0,0.9968,3.28,0.5,10.2,6,0
7.3,0.2,0.44,1.4,0.045,21.0,98.0,0.9924,3.15,0.46,10.0,7,0
7.0,0.3,0.38,14.9,0.032,60.0,181.0,0.9983,3.18,0.61,9.3,7,0
8.2,0.28,0.42,1.8,0.031,30.0,93.0,0.9917,3.09,0.39,11.4,5,0
7.1,0.27,0.31,18.2,0.046,55.0,252.0,1.0,3.07,0.56,8.7,5,0
7.2,0.19,0.39,1.2,0.036,32.0,85.0,0.9918,3.16,0.5,10.5,5,0
6.8,0.26,0.22,7.7,0.047,57.0,210.0,0.9959,3.1,0.47,9.0,5,0
7.8,0.21,0.27,1.2,0.051,20.0,89.0,0.9936,3.06,0.46,9.1,5,0
6.6,0.16,0.32,1.4,0.035,49.0,186.0,0.9906,3.35,0.64,12.4,8,1
7.4,0.155,0.34,2.3,0.045,73.5,214.0,0.9934,3.18,0.61,9.9,7,0
6.1,0.38,0.2,6.6,0.033,25.0,137.0,0.9938,3.3,0.69,10.4,6,0
6.4,0.28,0.29,1.6,0.052,34.0,127.0,0.9929,3.48,0.56,10.5,7,0
6.8,0.32,0.21,2.2,0.044,15.0,68.0,0.9932,3.17,0.39,9.4,6,0
6.0,0.16,0.37,1.5,0.025,43.0,117.0,0.9928,3.46,0.51,9.7,6,0
7.4,0.26,0.31,7.6,0.047,52.0,177.0,0.9962,3.13,0.45,8.9,6,0
5.7,0.44,0.13,7.0,0.025,28.0,173.0,0.9913,3.33,0.48,12.5,6,0
6.0,0.24,0.27,1.9,0.048,40.0,170.0,0.9938,3.64,0.54,10.0,7,0
5.2,0.36,0.02,1.6,0.031,24.0,104.0,0.9896,3.44,0.35,12.2,6,0
6.4,0.16,0.22,1.4,0.04,41.0,149.0,0.9933,3.49,0.58,10.0,6,0
7.7,0.22,0.42,1.9,0.052,10.0,87.0,0.9922,3.3,0.49,11.8,6,0
7.4,0.41,0.66,10.8,0.051,77.0,194.0,0.9976,3.05,0.46,8.7,5,0
6.9,0.28,0.27,2.1,0.036,42.0,121.0,0.9926,3.42,0.49,10.8,7,0
6.4,0.45,0.07,1.1,0.03,10.0,131.0,0.9905,2.97,0.28,10.8,5,0
5.9,0.27,0.29,11.4,0.036,31.0,115.0,0.9949,3.35,0.48,10.5,8,1
6.4,0.475,0.06,1.0,0.03,9.0,131.0,0.9904,2.97,0.29,10.8,5,0
6.5,0.36,0.28,3.2,0.037,29.0,119.0,0.9908,3.25,0.65,12.4,8,1
7.0,0.23,0.42,18.05,0.05,35.0,144.0,0.9999,3.22,0.42,8.8,5,0
5.6,0.235,0.29,1.2,0.047,33.0,127.0,0.991,3.34,0.5,11.0,7,0
6.0,0.32,0.12,5.9,0.041,34.0,190.0,0.9944,3.16,0.72,10.0,5,0
7.1,0.26,0.34,14.4,0.067,35.0,189.0,0.9986,3.07,0.53,9.1,7,0
5.9,0.24,0.26,12.3,0.053,34.0,134.0,0.9972,3.34,0.45,9.5,6,0
6.8,0.25,0.34,14.0,0.032,47.0,133.0,0.9952,3.37,0.5,12.2,7,0
5.9,0.29,0.25,12.0,0.057,48.0,224.0,0.9981,3.23,0.41,9.0,6,0
6.8,0.34,0.69,1.3,0.058,12.0,171.0,0.9931,3.06,0.47,9.7,5,0
6.8,0.22,0.35,5.5,0.043,21.0,114.0,0.9938,3.3,0.53,10.7,7,0
8.6,0.27,0.46,6.1,0.032,13.0,41.0,0.993,2.89,0.34,10.9,5,0
7.7,0.2,0.44,13.9,0.05,44.0,130.0,0.99855,3.11,0.48,10.0,6,0
8.8,0.28,0.45,6.0,0.022,14.0,49.0,0.9934,3.01,0.33,11.1,7,0
7.1,0.21,0.31,3.8,0.021,40.0,142.0,0.99215,3.17,0.39,10.8,7,0
7.4,0.38,0.27,7.5,0.041,24.0,160.0,0.99535,3.17,0.43,10.0,5,0
7.3,0.3,0.42,7.35,0.025,51.0,175.0,0.9928,3.04,0.32,11.4,6,0
6.8,0.2,0.36,1.6,0.028,7.0,46.0,0.99175,3.21,0.6,10.9,6,0
6.9,0.22,0.37,15.0,0.053,59.0,178.0,0.9992,3.37,0.82,9.5,7,0
6.0,0.395,0.0,1.4,0.042,7.0,55.0,0.99135,3.37,0.38,11.2,4,0
7.8,0.29,0.22,9.5,0.056,44.0,213.0,0.99715,3.08,0.61,9.3,6,0
7.7,0.34,0.28,11.0,0.04,31.0,117.0,0.99815,3.27,0.29,9.2,6,0
7.6,0.3,0.27,10.6,0.039,31.0,119.0,0.99815,3.27,0.3,9.3,6,0
5.4,0.18,0.24,4.8,0.041,30.0,113.0,0.99445,3.42,0.4,9.4,6,0
6.0,0.28,0.49,6.8,0.048,61.0,222.0,0.9953,3.19,0.47,9.3,5,0
6.6,0.56,0.22,8.9,0.034,27.0,133.0,0.99675,3.2,0.51,9.1,5,0
7.3,0.655,0.2,10.2,0.071,28.0,212.0,0.9971,2.96,0.58,9.2,6,0
6.8,0.18,0.21,5.4,0.053,34.0,104.0,0.99445,3.3,0.43,9.4,5,0
7.4,0.24,0.36,2.0,0.031,27.0,139.0,0.99055,3.28,0.48,12.5,9,0
7.3,0.205,0.31,1.7,0.06,34.0,110.0,0.9963,3.72,0.69,10.5,6,0
7.4,0.17,0.4,5.5,0.037,34.0,161.0,0.9935,3.05,0.62,11.5,4,0
7.5,0.34,0.35,6.0,0.034,12.0,126.0,0.9924,3.16,0.39,12.0,7,0
9.2,0.34,0.27,1.2,0.026,17.0,73.0,0.9921,3.08,0.39,10.8,5,0
6.0,0.2,0.24,1.8,0.03,30.0,105.0,0.9909,3.31,0.47,11.5,6,0
8.2,0.38,0.49,13.6,0.042,58.0,166.0,0.99855,3.1,0.54,9.4,5,0
6.6,0.3,0.3,4.8,0.17,60.0,166.0,0.9946,3.18,0.47,9.4,5,0
8.1,0.27,0.35,1.7,0.03,38.0,103.0,0.99255,3.22,0.63,10.4,8,1
7.7,0.34,0.58,11.1,0.039,41.0,151.0,0.9978,3.06,0.49,8.6,5,0
7.3,0.26,0.31,1.6,0.04,39.0,173.0,0.9918,3.19,0.51,11.4,6,0
5.9,0.26,0.3,1.0,0.036,38.0,114.0,0.9928,3.58,0.48,9.4,5,0
6.8,0.18,0.28,8.5,0.047,52.0,242.0,0.9952,3.22,0.53,10.5,6,0
6.1,0.28,0.35,12.8,0.048,63.0,229.0,0.9975,3.08,0.4,8.9,5,0
6.9,0.21,0.28,2.4,0.056,49.0,159.0,0.9944,3.02,0.47,8.8,8,1
6.3,0.27,0.46,11.75,0.037,61.0,212.0,0.9971,3.25,0.53,9.5,6,0
7.5,0.32,0.26,1.8,0.042,13.0,133.0,0.9938,3.07,0.38,9.5,5,0
8.0,0.42,0.36,5.0,0.037,34.0,101.0,0.992,3.13,0.57,12.3,7,0
5.9,0.26,0.21,12.5,0.034,36.0,152.0,0.9972,3.28,0.43,9.5,6,0
7.1,0.13,0.38,1.8,0.046,14.0,114.0,0.9925,3.32,0.9,11.7,6,0
7.7,0.28,0.33,6.7,0.037,32.0,155.0,0.9951,3.39,0.62,10.7,7,0
5.1,0.52,0.06,2.7,0.052,30.0,79.0,0.9932,3.32,0.43,9.3,5,0
6.8,0.37,0.47,11.2,0.071,44.0,136.0,0.9968,2.98,0.88,9.2,5,0
7.0,0.24,0.35,1.5,0.052,51.0,128.0,0.9941,3.41,0.59,10.4,7,0
7.3,0.24,0.34,7.5,0.048,29.0,152.0,0.9962,3.1,0.54,9.0,5,0
8.6,0.26,0.41,2.2,0.049,29.0,111.0,0.9941,2.96,0.44,10.0,5,0
7.0,0.21,0.28,7.5,0.07,45.0,185.0,0.9966,3.34,0.55,9.4,5,0
8.0,0.37,0.32,1.6,0.04,32.0,166.0,0.992,3.0,0.55,11.3,7,0
8.4,0.17,0.31,6.7,0.038,29.0,132.0,0.9945,3.1,0.32,10.6,7,0
7.9,0.29,0.39,6.7,0.036,6.0,117.0,0.9938,3.12,0.42,10.7,5,0
7.4,0.18,0.4,1.6,0.047,22.0,102.0,0.9937,3.28,0.44,10.7,5,0
5.7,0.1,0.27,1.3,0.047,21.0,100.0,0.9928,3.27,0.46,9.5,5,0
9.0,0.31,0.49,6.9,0.034,26.0,91.0,0.9937,2.99,0.34,11.5,5,0
9.2,0.28,0.46,3.2,0.058,39.0,133.0,0.996,3.14,0.58,9.5,5,0
7.2,0.24,0.3,1.6,0.048,27.0,131.0,0.9933,3.25,0.45,10.5,5,0
7.2,0.2,0.38,1.0,0.037,21.0,74.0,0.9918,3.21,0.37,11.0,5,0
6.8,0.25,0.29,2.0,0.042,19.0,189.0,0.9952,3.46,0.54,10.2,6,0
7.0,0.26,0.46,15.55,0.037,61.0,171.0,0.9986,2.94,0.35,8.8,6,0
7.3,0.27,0.39,6.7,0.064,28.0,188.0,0.9958,3.29,0.3,9.7,5,0
7.1,0.44,0.37,2.7,0.041,35.0,128.0,0.9896,3.07,0.43,13.5,7,0
10.3,0.25,0.48,2.2,0.042,28.0,164.0,0.998,3.19,0.59,9.7,5,0
8.0,0.2,0.4,5.2,0.055,41.0,167.0,0.9953,3.18,0.4,10.6,7,0
6.4,0.17,0.27,6.7,0.036,88.0,223.0,0.9948,3.28,0.35,10.2,6,0
8.1,0.5,0.47,1.1,0.037,23.0,126.0,0.9938,3.21,0.42,10.9,5,0
6.2,0.22,0.27,1.5,0.064,20.0,132.0,0.9938,3.22,0.46,9.2,6,0
8.3,0.21,0.4,1.6,0.032,35.0,110.0,0.9907,3.02,0.6,12.9,7,0
8.4,0.16,0.33,1.5,0.033,16.0,98.0,0.994,3.14,0.42,9.7,6,0
7.8,0.23,0.28,4.75,0.042,45.0,166.0,0.9928,2.96,0.4,11.5,5,0
8.2,0.2,0.36,8.1,0.035,60.0,163.0,0.9952,3.05,0.3,10.3,6,0
6.3,0.23,0.22,3.75,0.039,37.0,116.0,0.9927,3.23,0.5,10.7,6,0
6.8,0.26,0.33,1.5,0.047,44.0,167.0,0.9928,3.12,0.44,10.5,6,0
8.3,0.21,0.41,2.2,0.05,24.0,108.0,0.994,2.85,0.45,9.5,5,0
7.8,0.29,0.36,7.0,0.042,38.0,161.0,0.9941,3.26,0.37,11.2,8,1
8.2,0.35,0.4,6.3,0.039,35.0,162.0,0.9936,3.15,0.34,11.9,7,0
6.9,0.19,0.33,1.6,0.039,27.0,98.0,0.9898,3.09,0.46,12.3,7,0
7.3,0.25,0.36,13.1,0.05,35.0,200.0,0.9986,3.04,0.46,8.9,7,0
7.3,0.25,0.36,13.1,0.05,35.0,200.0,0.9986,3.04,0.46,8.9,7,0
7.4,0.4,0.29,5.4,0.044,31.0,122.0,0.994,3.3,0.5,11.1,8,1
6.6,0.23,0.26,1.3,0.045,16.0,128.0,0.9934,3.36,0.6,10.0,6,0
7.0,0.39,0.24,1.0,0.048,8.0,119.0,0.9923,3.0,0.31,10.1,4,0
6.5,0.36,0.49,2.9,0.03,16.0,94.0,0.9902,3.1,0.49,12.1,7,0
7.2,0.4,0.49,1.1,0.048,11.0,138.0,0.9929,3.01,0.42,9.3,5,0
8.3,0.21,0.49,19.8,0.054,50.0,231.0,1.0012,2.99,0.54,9.2,5,0
6.9,0.34,0.74,11.2,0.069,44.0,150.0,0.9968,3.0,0.81,9.2,5,0
8.3,0.2,0.74,4.45,0.044,33.0,130.0,0.9924,3.25,0.42,12.2,6,0
7.1,0.25,0.49,3.0,0.03,30.0,96.0,0.9903,3.13,0.39,12.3,7,0
7.8,0.21,0.49,1.35,0.052,6.0,48.0,0.9911,3.15,0.28,11.4,5,0
7.2,0.08,0.49,1.3,0.05,18.0,148.0,0.9945,3.46,0.44,10.2,6,0
8.0,0.3,0.49,9.4,0.046,47.0,188.0,0.9964,3.14,0.48,10.0,5,0
6.8,0.21,0.49,14.5,0.06,50.0,170.0,0.9991,3.55,0.44,9.8,6,0
8.0,0.18,0.49,1.8,0.061,10.0,145.0,0.9942,3.23,0.48,10.0,5,0
7.3,0.22,0.49,9.4,0.034,29.0,134.0,0.9939,2.99,0.32,11.0,7,0
7.9,0.28,0.49,7.7,0.045,48.0,195.0,0.9954,3.04,0.55,11.0,6,0
7.3,0.14,0.49,1.1,0.038,28.0,99.0,0.9928,3.2,0.72,10.6,6,0
7.3,0.21,0.49,1.8,0.038,44.0,152.0,0.9912,3.32,0.44,12.6,7,0
6.9,0.24,0.49,1.3,0.032,35.0,148.0,0.9932,3.45,0.57,10.7,7,0
7.6,0.23,0.49,10.0,0.036,45.0,182.0,0.9967,3.08,0.58,9.6,6,0
7.4,0.3,0.49,8.2,0.055,49.0,188.0,0.9974,3.52,0.58,9.7,6,0
8.4,0.24,0.49,7.4,0.039,46.0,108.0,0.9934,3.03,0.33,11.9,7,0
6.4,0.12,0.49,6.4,0.042,49.0,161.0,0.9945,3.34,0.44,10.4,6,0
8.2,0.34,0.49,8.0,0.046,55.0,223.0,0.996,3.08,0.52,10.7,6,0
8.9,0.32,0.49,1.6,0.05,17.0,131.0,0.9956,3.13,0.34,9.4,5,0
6.9,0.25,0.24,1.8,0.053,6.0,121.0,0.993,3.23,0.7,11.4,5,0
6.4,0.22,0.49,7.5,0.054,42.0,151.0,0.9948,3.27,0.52,10.1,6,0
6.8,0.22,0.29,8.9,0.046,82.0,188.0,0.9955,3.3,0.44,10.3,6,0
7.6,0.32,0.34,18.35,0.054,44.0,197.0,1.0008,3.22,0.55,9.0,5,0
7.3,0.26,0.33,17.85,0.049,41.5,195.0,1.0,3.06,0.44,9.1,7,0
8.5,0.32,0.36,14.9,0.041,47.0,190.0,0.9982,3.08,0.31,10.0,6,0
6.7,0.26,0.3,1.8,0.043,25.0,121.0,0.9944,3.44,0.61,10.2,6,0
6.5,0.27,0.19,4.2,0.046,6.0,114.0,0.9955,3.25,0.35,8.6,4,0
6.7,0.33,0.42,6.4,0.058,27.0,151.0,0.9954,3.16,0.44,9.6,5,0
6.4,0.24,0.22,1.5,0.038,38.0,157.0,0.9934,3.41,0.55,9.9,6,0
7.5,0.22,0.29,4.8,0.05,33.0,87.0,0.994,3.14,0.42,9.9,5,0
8.0,0.27,0.24,1.2,0.044,20.0,102.0,0.9929,3.28,0.42,10.9,5,0
7.4,0.23,0.25,1.4,0.049,43.0,141.0,0.9934,3.42,0.54,10.2,7,0
6.6,0.32,0.26,7.7,0.054,56.0,209.0,0.9961,3.17,0.45,8.8,5,0
8.5,0.21,0.26,9.25,0.034,73.0,142.0,0.9945,3.05,0.37,11.4,6,0
8.2,0.36,0.29,7.6,0.035,37.0,122.0,0.9939,3.16,0.34,12.0,5,0
6.6,0.37,0.24,2.0,0.064,23.0,120.0,0.9946,3.32,0.54,9.4,5,0
8.2,0.42,0.29,4.1,0.03,31.0,100.0,0.9911,3.0,0.32,12.8,7,0
6.0,0.26,0.29,1.0,0.032,27.0,96.0,0.9896,3.38,0.44,12.3,6,0
7.2,0.24,0.29,2.2,0.037,37.0,102.0,0.992,3.27,0.64,11.0,7,0
8.7,0.49,0.57,17.8,0.052,34.0,243.0,1.0007,2.98,0.82,9.0,5,0
7.8,0.2,0.28,10.2,0.054,78.0,186.0,0.997,3.14,0.46,10.0,6,0
7.6,0.36,0.44,8.3,0.255,28.0,142.0,0.9958,3.12,0.43,10.2,6,0
7.2,0.2,0.61,16.2,0.043,14.0,103.0,0.9987,3.06,0.36,9.2,6,0
7.2,0.31,0.41,8.6,0.053,15.0,89.0,0.9976,3.29,0.64,9.9,6,0
7.8,0.34,0.27,1.2,0.04,25.0,106.0,0.9932,3.01,0.55,10.4,5,0
6.8,0.43,0.3,3.5,0.033,27.0,135.0,0.9906,3.0,0.37,12.0,6,0
8.1,0.26,0.33,11.1,0.052,52.5,158.0,0.9976,3.03,0.49,10.2,7,0
7.0,0.27,0.32,6.8,0.047,47.0,193.0,0.9938,3.23,0.39,11.4,6,0
7.1,0.49,0.22,2.0,0.047,146.5,307.5,0.9924,3.24,0.37,11.0,3,1
6.4,0.22,0.32,12.0,0.066,57.0,158.0,0.9992,3.6,0.43,9.0,6,0
7.2,0.15,0.33,1.1,0.027,16.0,63.0,0.9937,3.37,0.4,9.9,5,0
8.2,0.21,0.48,1.4,0.041,11.0,99.0,0.9958,3.17,0.57,9.9,5,0
6.8,0.31,0.42,6.9,0.046,50.0,173.0,0.9958,3.19,0.46,9.0,5,0
7.0,0.12,0.28,6.3,0.057,17.0,103.0,0.9957,3.5,0.44,9.6,5,0
7.0,0.28,0.33,14.6,0.043,47.0,168.0,0.9994,3.34,0.67,8.8,6,0
6.7,0.31,0.08,1.3,0.038,58.0,147.0,0.9922,3.18,0.46,10.0,5,0
9.0,0.55,0.3,8.1,0.026,14.0,71.0,0.993,2.94,0.36,11.8,5,0
6.9,0.19,0.39,8.0,0.028,22.0,84.0,0.994,3.11,0.66,10.8,6,0
5.7,0.27,0.32,1.2,0.046,20.0,155.0,0.9934,3.8,0.41,10.2,6,0
8.7,0.24,0.35,0.6,0.042,11.0,71.0,0.9926,3.08,0.38,10.6,5,0
5.5,0.14,0.27,4.6,0.029,22.0,104.0,0.9949,3.34,0.44,9.0,5,0
11.8,0.23,0.38,11.1,0.034,15.0,123.0,0.9997,2.93,0.55,9.7,3,1
8.6,0.485,0.29,4.1,0.026,19.0,101.0,0.9918,3.01,0.38,12.4,5,0
7.3,0.29,0.37,8.3,0.044,45.0,227.0,0.9966,3.12,0.47,9.0,5,0
5.9,0.17,0.3,1.4,0.042,25.0,119.0,0.9931,3.68,0.72,10.5,6,0
6.8,0.36,0.32,1.6,0.039,10.0,124.0,0.9948,3.3,0.67,9.6,5,0
7.2,0.25,0.19,8.0,0.044,51.0,172.0,0.9964,3.16,0.44,9.2,5,0
6.0,0.16,0.3,6.7,0.043,43.0,153.0,0.9951,3.63,0.46,10.6,5,0
8.1,0.24,0.33,10.2,0.048,46.0,141.0,0.9972,3.16,0.48,10.3,6,0
7.7,0.39,0.28,4.9,0.035,36.0,109.0,0.9918,3.19,0.58,12.2,7,0
5.9,0.5,0.05,2.6,0.054,36.0,146.0,0.9948,3.43,0.5,9.2,6,0
7.0,0.22,0.33,2.1,0.052,15.0,76.0,0.993,3.2,0.41,10.6,6,0
6.3,0.24,0.37,1.8,0.031,6.0,61.0,0.9897,3.3,0.34,12.2,4,0
6.4,0.34,0.2,14.9,0.06,37.0,162.0,0.9983,3.13,0.45,9.0,4,0
6.4,0.34,0.2,14.9,0.06,37.0,162.0,0.9983,3.13,0.45,9.0,4,0
6.2,0.26,0.19,3.4,0.049,47.0,172.0,0.9924,3.14,0.43,10.4,6,0
6.3,0.2,0.3,5.9,0.034,35.0,152.0,0.99642,3.47,0.4,8.5,6,0
6.4,0.16,0.25,1.3,0.047,20.0,77.0,0.9933,3.61,0.54,10.2,6,0
7.4,0.33,0.26,15.6,0.049,67.0,210.0,0.99907,3.06,0.68,9.5,5,0
6.5,0.32,0.23,1.2,0.054,39.0,208.0,0.99272,3.18,0.46,9.9,6,0
7.3,0.3,0.33,2.3,0.043,28.0,125.0,0.99084,3.34,0.44,12.6,7,0
6.0,0.26,0.18,7.0,0.055,50.0,194.0,0.99591,3.21,0.43,9.0,5,0
7.0,0.36,0.3,5.0,0.04,40.0,143.0,0.99173,3.33,0.42,12.2,7,0
5.6,0.295,0.2,2.2,0.049,18.0,134.0,0.99378,3.21,0.68,10.0,5,0
6.8,0.21,0.55,14.6,0.053,34.0,159.0,0.99805,2.93,0.44,9.2,5,0
6.8,0.21,0.55,14.6,0.053,34.0,159.0,0.99805,2.93,0.44,9.2,5,0
7.0,0.18,0.26,1.4,0.044,46.0,89.0,0.99256,3.39,0.48,10.7,7,0
7.6,0.48,0.33,7.0,0.024,14.0,130.0,0.9918,3.25,0.45,12.5,7,0
9.4,0.23,0.56,16.45,0.063,52.5,282.0,1.00098,3.1,0.51,9.3,5,0
6.4,0.27,0.19,1.9,0.085,21.0,196.0,0.99516,3.49,0.64,9.5,4,0
6.7,0.26,0.29,5.8,0.025,26.0,74.0,0.9929,3.28,0.53,11.0,6,0
6.9,0.3,0.3,1.3,0.053,24.0,186.0,0.99361,3.29,0.54,9.9,4,0
6.5,0.24,0.29,8.2,0.043,32.0,156.0,0.99453,3.13,0.7,10.1,6,0
8.0,0.36,0.39,1.6,0.024,26.0,93.0,0.99116,3.15,0.49,11.9,6,0
7.0,0.16,0.26,7.3,0.047,30.0,220.0,0.99622,3.38,0.58,10.1,6,0
8.0,0.27,0.25,19.1,0.045,50.0,208.0,1.00051,3.05,0.5,9.2,6,0
6.2,0.38,0.18,7.4,0.095,28.0,195.0,0.99773,3.53,0.71,9.2,4,0
6.4,0.27,0.17,8.4,0.044,60.0,198.0,0.99578,3.21,0.47,9.4,5,0
6.4,0.35,0.35,5.6,0.034,9.0,148.0,0.99441,3.17,0.5,9.8,4,0
6.6,0.33,0.24,16.05,0.045,31.0,147.0,0.99822,3.08,0.52,9.2,5,0
6.6,0.33,0.24,16.05,0.045,31.0,147.0,0.99822,3.08,0.52,9.2,5,0
5.6,0.35,0.4,6.3,0.022,23.0,174.0,0.9922,3.54,0.5,11.6,7,0
6.4,0.37,0.37,4.85,0.041,39.5,216.5,0.99432,3.1,0.5,9.8,6,0
6.3,0.18,0.22,1.5,0.043,45.0,155.0,0.99238,3.19,0.48,10.2,5,0
6.8,0.21,0.36,18.1,0.046,32.0,133.0,1.0,3.27,0.48,8.8,5,0
8.0,0.27,0.57,10.4,0.053,18.0,134.0,0.99732,3.12,0.68,9.0,5,0
7.1,0.12,0.3,3.1,0.018,15.0,37.0,0.99004,3.02,0.52,11.9,7,0
6.5,0.23,0.25,17.3,0.046,15.0,110.0,0.99828,3.15,0.42,9.2,6,0
9.0,0.29,0.34,12.1,0.03,34.0,177.0,0.99706,3.13,0.47,10.6,5,0
6.7,0.5,0.38,7.5,0.046,26.0,175.0,0.99662,3.32,0.54,9.6,5,0
6.4,0.15,0.44,1.2,0.043,67.0,150.0,0.9907,3.14,0.73,11.2,7,0
6.5,0.27,0.4,10.0,0.039,74.0,227.0,0.99582,3.18,0.5,9.4,5,0
6.7,0.34,0.3,8.5,0.059,24.0,152.0,0.99615,3.46,0.64,11.0,7,0
6.9,0.32,0.27,16.0,0.034,58.0,185.0,0.99938,3.34,0.6,9.0,6,0
6.15,0.21,0.37,3.2,0.021,20.0,80.0,0.99076,3.39,0.47,12.0,5,0
7.2,0.24,0.27,11.4,0.034,40.0,174.0,0.99773,3.2,0.44,9.0,5,0
6.9,0.4,0.22,5.95,0.081,76.0,303.0,0.99705,3.4,0.57,9.4,5,0
7.2,0.19,0.27,11.2,0.061,46.0,149.0,0.99772,2.99,0.59,9.3,6,0
7.6,0.18,0.28,7.1,0.041,29.0,110.0,0.99652,3.2,0.42,9.2,6,0
6.5,0.46,0.31,5.0,0.027,15.0,72.0,0.99165,3.26,0.6,11.5,7,0
7.5,0.28,0.39,10.2,0.045,59.0,209.0,0.9972,3.16,0.63,9.6,6,0
6.5,0.23,0.36,16.3,0.038,43.0,133.0,0.99924,3.26,0.41,8.8,5,0
7.8,0.25,0.34,13.7,0.044,66.0,184.0,0.99976,3.22,0.75,8.9,5,0
5.2,0.28,0.29,1.1,0.028,18.0,69.0,0.99168,3.24,0.54,10.0,6,0
6.5,0.35,0.28,12.4,0.051,86.0,213.0,0.9962,3.16,0.51,9.9,6,0
6.8,0.3,0.22,6.2,0.06,41.0,190.0,0.99858,3.18,0.51,9.2,5,0
7.3,0.26,0.33,11.8,0.057,48.0,127.0,0.99693,3.1,0.55,10.0,6,0
6.4,0.27,0.29,10.8,0.028,17.0,118.0,0.99356,3.18,0.37,11.2,6,0
7.1,0.2,0.31,6.85,0.053,32.0,211.0,0.99587,3.31,0.59,10.4,6,0
5.6,0.15,0.31,5.3,0.038,8.0,79.0,0.9923,3.3,0.39,10.5,6,0
7.8,0.26,0.31,3.6,0.025,22.0,100.0,0.99066,2.99,0.47,12.1,7,0
6.7,0.19,0.39,1.0,0.032,14.0,71.0,0.98912,3.31,0.38,13.0,7,0
6.4,0.14,0.31,1.2,0.034,53.0,138.0,0.99084,3.38,0.35,11.5,7,0
6.6,0.17,0.3,1.1,0.031,13.0,73.0,0.99095,3.17,0.58,11.0,6,0
5.9,0.22,0.38,1.3,0.046,24.0,90.0,0.99232,3.2,0.47,10.0,6,0
7.2,0.21,0.28,2.7,0.033,38.0,94.0,0.99075,2.99,0.43,11.8,7,0
7.0,0.28,0.32,7.75,0.032,30.0,114.0,0.99158,3.12,0.64,12.8,7,0
6.9,0.4,0.3,10.6,0.033,24.0,87.0,0.99265,3.15,0.45,12.8,6,0
6.2,0.36,0.14,8.9,0.036,38.0,155.0,0.99622,3.27,0.5,9.4,5,0
6.2,0.2,0.31,1.0,0.031,22.0,73.0,0.99035,3.24,0.52,11.3,6,0
6.6,0.22,0.29,14.4,0.046,39.0,118.0,0.99834,3.05,0.5,9.1,6,0
5.6,0.21,0.4,1.3,0.041,81.0,147.0,0.9901,3.22,0.95,11.6,8,1
7.0,0.12,0.29,10.3,0.039,41.0,98.0,0.99564,3.19,0.38,9.8,8,1
6.0,0.28,0.25,1.8,0.042,8.0,108.0,0.9929,3.08,0.55,9.0,5,0
6.4,0.29,0.3,2.9,0.036,25.0,79.0,0.99037,3.29,0.6,12.4,7,0
7.2,0.2,0.22,1.6,0.044,17.0,101.0,0.99471,3.37,0.53,10.0,5,0
6.9,0.38,0.38,13.1,0.112,14.0,94.0,0.99792,3.02,0.48,9.2,5,0
5.5,0.34,0.26,2.2,0.021,31.0,119.0,0.98919,3.55,0.49,13.0,8,1
8.4,0.31,0.31,0.95,0.021,52.0,148.0,0.99038,2.93,0.32,11.5,5,0
6.3,0.22,0.22,5.6,0.039,31.0,128.0,0.99296,3.12,0.46,10.4,6,0
6.7,0.18,0.28,10.2,0.039,29.0,115.0,0.99469,3.11,0.45,10.9,7,0
5.0,0.27,0.32,4.5,0.032,58.0,178.0,0.98956,3.45,0.31,12.6,7,0
6.8,0.18,0.28,9.8,0.039,29.0,113.0,0.99406,3.11,0.45,10.9,7,0
6.6,0.28,0.34,0.8,0.037,42.0,119.0,0.9888,3.03,0.37,12.5,6,0
7.2,0.32,0.3,8.25,0.02,14.0,104.0,0.99362,2.99,0.44,11.4,6,0
8.4,0.32,0.35,11.7,0.029,3.0,46.0,0.99439,3.02,0.34,11.8,6,0
8.0,0.74,0.21,4.0,0.05,24.0,133.0,0.99418,3.06,0.38,9.7,5,0
7.0,0.45,0.34,19.8,0.04,12.0,67.0,0.9976,3.07,0.38,11.0,6,0
8.4,0.22,0.3,8.9,0.024,17.0,118.0,0.99456,2.99,0.34,10.5,6,0
6.3,0.33,0.42,17.2,0.037,57.0,170.0,0.99884,3.26,0.57,9.4,6,0
7.6,0.17,0.36,4.5,0.042,26.0,102.0,0.99427,3.09,0.47,9.5,5,0
7.4,0.21,0.8,12.3,0.038,77.0,183.0,0.99778,2.95,0.48,9.0,5,0
7.5,0.25,0.47,4.1,0.041,95.0,163.0,0.99184,2.92,0.59,11.3,6,0
6.7,0.24,0.41,2.9,0.039,48.0,122.0,0.99052,3.25,0.43,12.0,5,0
6.3,0.28,0.3,3.1,0.039,24.0,115.0,0.9942,3.05,0.43,8.6,5,0
6.8,0.13,0.39,1.4,0.034,19.0,102.0,0.99121,3.23,0.6,11.3,7,0
7.0,0.26,0.34,10.9,0.038,25.0,84.0,0.99432,3.11,0.34,10.9,6,0
5.0,0.24,0.21,2.2,0.039,31.0,100.0,0.99098,3.69,0.62,11.7,6,0
6.3,0.35,0.26,17.6,0.061,59.0,198.0,0.99918,3.11,0.49,8.8,5,0
7.3,0.2,0.39,2.3,0.048,24.0,87.0,0.99044,2.94,0.35,12.0,6,0
6.7,0.33,0.34,7.5,0.036,39.0,124.0,0.99123,2.99,0.32,12.4,8,1
6.6,0.19,0.33,1.8,0.035,42.0,148.0,0.99196,3.15,0.36,10.2,5,0
6.8,0.21,0.42,1.2,0.045,24.0,126.0,0.99234,3.09,0.87,10.9,6,0
6.5,0.29,0.25,2.5,0.142,8.0,111.0,0.9927,3.0,0.44,9.9,4,0
6.8,0.27,0.37,8.2,0.055,52.0,192.0,0.99586,3.11,0.52,9.5,6,0
5.3,0.3,0.16,4.2,0.029,37.0,100.0,0.9905,3.3,0.36,11.8,8,1
6.6,0.38,0.36,9.2,0.061,42.0,214.0,0.9976,3.31,0.56,9.4,5,0
7.4,0.16,0.32,1.4,0.065,23.0,140.0,0.99134,3.06,0.47,11.4,6,0
6.8,0.21,0.31,2.9,0.046,40.0,121.0,0.9913,3.07,0.65,10.9,7,0
6.6,0.28,0.41,7.0,0.046,59.0,194.0,0.99558,3.14,0.48,9.4,5,0
6.6,0.28,0.41,7.0,0.046,59.0,194.0,0.99558,3.14,0.48,9.4,5,0
5.8,0.18,0.37,1.2,0.036,19.0,74.0,0.98853,3.09,0.49,12.7,7,0
5.8,0.18,0.37,1.1,0.036,31.0,96.0,0.98942,3.16,0.48,12.0,6,0
6.5,0.22,0.28,3.7,0.059,29.0,151.0,0.99177,3.23,0.41,12.1,7,0
6.2,0.3,0.21,1.1,0.032,31.0,111.0,0.9889,2.97,0.42,12.2,6,0
6.2,0.3,0.21,1.1,0.032,31.0,111.0,0.9889,2.97,0.42,12.2,6,0
5.6,0.15,0.26,5.55,0.051,51.0,139.0,0.99336,3.47,0.5,11.0,6,0
5.9,0.19,0.21,1.7,0.045,57.0,135.0,0.99341,3.32,0.44,9.5,5,0
6.4,0.22,0.32,4.9,0.046,50.0,156.0,0.99316,3.38,0.55,11.2,6,0
7.6,0.36,0.49,11.3,0.046,87.0,221.0,0.9984,3.01,0.43,9.2,5,0
6.7,0.38,0.26,9.55,0.036,35.0,91.0,0.9919,2.98,0.37,12.4,6,0
6.6,0.26,0.46,7.8,0.047,48.0,186.0,0.9958,3.2,0.54,9.1,5,0
7.4,0.29,0.28,10.2,0.032,43.0,138.0,0.9951,3.1,0.47,10.6,6,0
8.9,0.3,0.35,4.6,0.032,32.0,148.0,0.99458,3.15,0.45,11.5,7,0
6.1,0.3,0.3,2.1,0.031,50.0,163.0,0.9895,3.39,0.43,12.7,7,0
7.6,0.28,0.49,20.15,0.06,30.0,145.0,1.00196,3.01,0.44,8.5,5,0
7.1,0.18,0.39,14.5,0.051,48.0,156.0,0.99947,3.35,0.78,9.1,5,0
7.1,0.17,0.4,14.55,0.047,47.0,156.0,0.99945,3.34,0.78,9.1,6,0
7.8,0.29,0.29,3.15,0.044,41.0,117.0,0.99153,3.24,0.35,11.5,5,0
6.7,0.47,0.29,4.75,0.034,29.0,134.0,0.99056,3.29,0.46,13.0,7,0
6.2,0.3,0.31,1.6,0.035,40.0,106.0,0.98914,3.26,0.39,12.9,7,0
6.8,0.19,0.34,1.9,0.04,41.0,108.0,0.99,3.25,0.45,12.9,6,0
6.8,0.17,0.34,2.0,0.04,38.0,111.0,0.99,3.24,0.45,12.9,6,0
6.6,0.16,0.36,1.1,0.031,27.0,93.0,0.98884,3.23,0.34,13.2,8,1
6.5,0.22,0.19,1.1,0.064,36.0,191.0,0.99297,3.05,0.5,9.5,6,0
5.9,0.32,0.28,4.7,0.039,34.0,94.0,0.98964,3.22,0.57,13.1,7,0
6.4,0.3,0.36,2.0,0.052,18.0,141.0,0.99273,3.38,0.53,10.5,6,0
6.1,0.33,0.3,3.0,0.036,30.0,124.0,0.98922,3.31,0.4,13.1,7,0
6.7,0.24,0.36,8.4,0.042,42.0,123.0,0.99473,3.34,0.52,10.9,6,0
6.3,0.21,0.31,1.2,0.043,30.0,117.0,0.99158,3.49,0.68,11.0,6,0
7.7,0.38,0.23,10.8,0.03,28.0,95.0,0.99164,2.93,0.41,13.6,6,0
6.8,0.19,0.33,1.3,0.031,22.0,87.0,0.98987,3.08,0.62,12.3,7,0
6.4,0.28,0.44,7.1,0.048,49.0,179.0,0.99528,3.15,0.48,9.2,5,0
6.0,0.33,0.2,1.8,0.031,49.0,159.0,0.9919,3.41,0.53,11.0,6,0
6.0,0.33,0.2,1.8,0.031,49.0,159.0,0.9919,3.41,0.53,11.0,6,0
8.1,0.2,0.28,0.9,0.023,49.0,87.0,0.99062,2.92,0.36,11.1,6,0
7.5,0.34,0.24,3.85,0.031,5.0,34.0,0.99098,3.01,0.36,11.8,4,0
6.6,0.64,0.28,4.4,0.032,19.0,78.0,0.99036,3.11,0.62,12.9,6,0
7.3,0.23,0.27,2.6,0.035,39.0,120.0,0.99138,3.04,0.59,11.3,7,0
7.7,0.24,0.3,1.4,0.041,15.0,102.0,0.9929,3.26,0.53,10.4,6,0
5.8,0.2,0.24,1.4,0.033,65.0,169.0,0.99043,3.59,0.56,12.3,7,0
7.0,0.16,0.25,14.3,0.044,27.0,149.0,0.998,2.91,0.46,9.2,6,0
6.8,0.45,0.28,26.05,0.031,27.0,122.0,1.00295,3.06,0.42,10.6,6,0
5.4,0.53,0.16,2.7,0.036,34.0,128.0,0.98856,3.2,0.53,13.2,8,1
6.5,0.26,0.31,1.3,0.034,59.0,145.0,0.98944,3.16,0.54,12.4,6,0
6.9,0.58,0.58,8.2,0.032,29.0,169.0,0.99275,3.28,0.44,12.2,6,0
7.6,0.3,0.37,1.6,0.087,27.0,177.0,0.99438,3.09,0.5,9.8,5,0
6.0,0.16,0.27,12.0,0.03,39.0,98.0,0.99402,3.15,0.34,10.8,5,0
5.6,0.21,0.24,4.4,0.027,37.0,150.0,0.991,3.3,0.31,11.5,7,0
6.7,0.34,0.43,1.6,0.041,29.0,114.0,0.99014,3.23,0.44,12.6,6,0
8.5,0.18,0.3,1.1,0.028,34.0,95.0,0.99272,2.83,0.36,10.0,4,0
6.2,0.22,0.2,20.8,0.035,58.0,184.0,1.00022,3.11,0.53,9.0,6,0
6.5,0.26,0.34,1.4,0.04,25.0,184.0,0.99216,3.29,0.46,10.7,5,0
7.8,0.19,0.32,7.4,0.015,47.0,124.0,0.99278,2.99,0.39,11.0,6,0
7.4,0.27,0.31,2.4,0.014,15.0,143.0,0.99094,3.03,0.65,12.0,4,0
6.9,0.33,0.31,7.7,0.04,29.0,135.0,0.99226,3.11,0.57,12.3,5,0
6.5,0.33,0.28,6.1,0.018,41.0,103.0,0.99122,3.24,0.32,12.2,6,0
6.6,0.26,0.52,8.2,0.047,52.0,191.0,0.99541,3.16,0.47,9.5,6,0
6.4,0.27,0.45,8.3,0.05,52.0,196.0,0.9955,3.18,0.48,9.5,5,0
7.9,0.21,0.39,2.0,0.057,21.0,138.0,0.99176,3.05,0.52,10.9,5,0
7.0,0.3,0.28,2.2,0.042,21.0,177.0,0.99166,3.2,0.57,11.4,5,0
6.7,0.26,0.49,8.1,0.052,48.0,197.0,0.99558,3.19,0.48,9.5,5,0
5.9,0.17,0.29,3.1,0.03,32.0,123.0,0.98913,3.41,0.33,13.7,7,0
6.1,0.21,0.3,6.3,0.039,47.0,136.0,0.99068,3.27,0.31,12.7,6,0
6.6,0.39,0.22,4.0,0.038,17.0,98.0,0.99018,3.25,0.53,13.0,7,0
6.8,0.73,0.2,6.6,0.054,25.0,65.0,0.99324,3.12,0.28,11.1,4,0
6.0,0.28,0.24,17.8,0.047,42.0,111.0,0.99896,3.1,0.45,8.9,6,0
6.4,0.38,0.26,8.2,0.043,28.0,98.0,0.99234,2.99,0.31,11.4,6,0
7.0,0.34,0.1,3.5,0.044,17.0,63.0,0.9937,3.01,0.39,9.2,5,0
6.1,0.22,0.38,2.8,0.144,12.0,65.0,0.9908,2.95,0.64,11.4,6,0
6.2,0.27,0.32,6.3,0.048,47.0,159.0,0.99282,3.21,0.6,11.0,6,0
6.8,0.11,0.27,8.6,0.044,45.0,104.0,0.99454,3.2,0.37,9.9,6,0
6.8,0.11,0.27,8.6,0.044,45.0,104.0,0.99454,3.2,0.37,9.9,6,0
6.4,0.24,0.49,5.8,0.053,25.0,120.0,0.9942,3.01,0.98,10.5,6,0
6.5,0.18,0.48,18.0,0.054,56.0,183.0,1.00038,2.98,0.61,8.5,6,0
6.8,0.27,0.22,17.8,0.034,16.0,116.0,0.9989,3.07,0.53,9.2,5,0
6.2,0.24,0.22,7.9,0.053,45.0,149.0,0.99545,3.23,0.52,9.3,5,0
6.8,0.3,0.27,11.6,0.028,22.0,97.0,0.99314,2.96,0.38,11.7,6,0
6.8,0.3,0.27,11.6,0.028,22.0,97.0,0.99314,2.96,0.38,11.7,6,0
6.4,0.41,0.01,6.1,0.048,20.0,70.0,0.99362,3.19,0.42,10.0,5,0
6.1,0.17,0.21,1.9,0.09,44.0,130.0,0.99255,3.07,0.41,9.7,5,0
6.6,0.5,0.26,11.3,0.029,32.0,110.0,0.99302,3.27,0.78,12.9,8,1
5.4,0.265,0.28,7.8,0.052,27.0,91.0,0.99432,3.19,0.38,10.4,6,0
7.3,0.25,0.27,3.8,0.047,16.0,79.0,0.99173,3.07,0.46,11.3,6,0
6.4,0.14,0.28,7.9,0.057,21.0,82.0,0.99425,3.26,0.36,10.0,6,0
6.4,0.5,0.2,2.4,0.059,19.0,112.0,0.99314,3.18,0.4,9.2,6,0
6.4,0.25,0.28,4.9,0.03,29.0,98.0,0.99024,3.09,0.58,12.8,7,0
8.0,0.25,0.35,1.1,0.054,13.0,136.0,0.99366,3.08,0.55,9.5,5,0
6.3,0.29,0.23,14.2,0.037,24.0,99.0,0.99528,3.08,0.38,10.6,6,0
5.7,0.31,0.28,4.1,0.03,22.0,86.0,0.99062,3.31,0.38,11.7,7,0
6.8,0.18,0.35,5.4,0.054,53.0,143.0,0.99287,3.1,0.54,11.0,7,0
6.2,0.2,0.25,15.0,0.055,8.0,120.0,0.99767,3.19,0.53,9.6,6,0
6.1,0.3,0.47,1.4,0.049,50.0,187.0,0.9927,3.19,0.45,9.5,5,0
7.4,0.16,0.3,13.7,0.056,33.0,168.0,0.99825,2.9,0.44,8.7,7,0
6.7,0.2,0.24,6.5,0.044,28.0,100.0,0.99348,3.12,0.33,10.2,6,0
8.1,0.27,0.33,1.3,0.045,26.0,100.0,0.99066,2.98,0.44,12.4,6,0
6.2,0.3,0.32,1.3,0.054,27.0,183.0,0.99266,3.3,0.43,10.1,5,0
6.7,0.41,0.27,2.6,0.033,25.0,85.0,0.99086,3.05,0.34,11.7,6,0
7.0,0.44,0.24,12.1,0.056,68.0,210.0,0.99718,3.05,0.5,9.5,5,0
6.1,0.38,0.14,3.9,0.06,27.0,113.0,0.99344,3.07,0.34,9.2,4,0
7.0,0.44,0.24,12.1,0.056,68.0,210.0,0.99718,3.05,0.5,9.5,5,0
5.3,0.47,0.1,1.3,0.036,11.0,74.0,0.99082,3.48,0.54,11.2,4,0
6.0,0.33,0.26,5.1,0.051,16.0,119.0,0.99416,3.15,0.41,9.2,5,0
6.0,0.31,0.27,2.3,0.042,19.0,120.0,0.98952,3.32,0.41,12.7,7,0
5.8,0.2,0.16,1.4,0.042,44.0,99.0,0.98912,3.23,0.37,12.2,6,0
6.0,0.2,0.26,6.8,0.049,22.0,93.0,0.9928,3.15,0.42,11.0,6,0
6.1,0.24,0.25,1.6,0.044,24.0,115.0,0.9921,3.39,0.59,10.9,6,0
5.9,0.25,0.24,7.4,0.044,21.0,113.0,0.99462,3.38,0.58,10.5,6,0
6.9,0.26,0.29,4.2,0.043,33.0,114.0,0.9902,3.16,0.31,12.5,6,0
6.4,0.24,0.26,8.2,0.054,47.0,182.0,0.99538,3.12,0.5,9.5,5,0
7.4,0.38,0.34,8.3,0.052,44.0,168.0,0.99627,3.11,0.52,9.2,5,0
7.3,0.19,0.27,13.9,0.057,45.0,155.0,0.99807,2.94,0.41,8.8,8,1
7.4,0.27,0.52,15.7,0.054,36.0,139.0,0.99788,3.04,0.62,10.0333333333333,6,0
7.6,0.31,0.52,13.2,0.042,61.0,148.0,0.99839,2.98,0.47,9.1,6,0
6.4,0.31,0.28,2.5,0.039,34.0,137.0,0.98946,3.22,0.38,12.7,6,0
7.1,0.31,0.25,11.2,0.048,32.0,136.0,0.99663,3.14,0.4,9.5,5,0
7.0,0.23,0.28,2.7,0.053,16.0,92.0,0.99372,3.18,0.56,9.3,5,0
6.3,0.28,0.22,9.5,0.04,30.0,111.0,0.99338,3.05,0.31,10.8,4,0
7.1,0.38,0.29,13.6,0.041,30.0,137.0,0.99461,3.02,0.96,12.1,6,0
6.4,0.28,0.22,12.8,0.039,51.0,150.0,0.99535,3.23,0.43,10.7,6,0
6.0,0.28,0.29,19.3,0.051,36.0,174.0,0.99911,3.14,0.5,9.0,5,0
6.4,0.32,0.26,7.9,0.05,53.0,180.0,0.99514,3.14,0.5,9.6,5,0
6.7,0.48,0.49,2.9,0.03,28.0,122.0,0.98926,3.13,0.4,13.0,6,0
6.7,0.48,0.49,2.9,0.03,28.0,122.0,0.98926,3.13,0.4,13.0,6,0
6.2,0.32,0.32,2.2,0.036,15.0,70.0,0.9899,3.16,0.48,12.7,6,0
6.9,0.22,0.32,9.3,0.04,22.0,110.0,0.9958,3.34,0.54,10.7,7,0
7.0,0.23,0.35,1.4,0.036,31.0,113.0,0.9912,3.16,0.48,10.8,7,0
5.6,0.22,0.32,1.2,0.024,29.0,97.0,0.98823,3.2,0.46,13.05,7,0
6.6,0.28,0.3,12.9,0.033,31.0,177.0,0.99479,3.12,0.39,11.2,6,0
6.1,0.44,0.28,4.25,0.032,43.0,132.0,0.9916,3.26,0.47,11.3,7,0
8.3,0.49,0.23,6.65,0.034,6.0,158.0,0.99344,3.05,0.48,11.2,5,0
6.6,0.21,0.39,2.3,0.041,31.0,102.0,0.99221,3.22,0.58,10.9,7,0
6.6,0.26,0.36,1.2,0.035,43.0,126.0,0.99094,3.01,0.63,11.4,6,0
5.9,0.18,0.28,1.0,0.037,24.0,88.0,0.99094,3.29,0.55,10.65,7,0
8.0,0.23,0.41,1.1,0.048,35.0,150.0,0.99168,3.09,0.47,11.2,5,0
4.9,0.335,0.14,1.3,0.036,69.0,168.0,0.99212,3.47,0.46,10.4666666666667,5,0
5.8,0.35,0.29,3.2,0.034,41.0,151.0,0.9912,3.35,0.58,11.6333333333333,7,0
6.9,0.19,0.31,19.25,0.043,38.0,167.0,0.99954,2.93,0.52,9.1,7,0
5.6,0.205,0.16,12.55,0.051,31.0,115.0,0.99564,3.4,0.38,10.8,6,0
6.1,0.32,0.33,10.7,0.036,27.0,98.0,0.99521,3.34,0.52,10.2,6,0
6.8,0.32,0.43,1.6,0.05,4.0,65.0,0.99346,3.27,0.47,10.7,5,0
6.7,0.3,0.5,12.1,0.045,38.0,127.0,0.9974,3.04,0.53,8.9,6,0
7.3,0.35,0.67,8.3,0.053,10.0,100.0,0.9959,3.19,0.5,10.9,5,0
5.7,0.4,0.35,5.1,0.026,17.0,113.0,0.99052,3.18,0.67,12.4,6,0
5.7,0.4,0.35,5.1,0.026,17.0,113.0,0.99052,3.18,0.67,12.4,6,0
6.5,0.28,0.34,4.6,0.054,22.0,130.0,0.99193,3.2,0.46,12.0,7,0
6.7,0.22,0.33,1.2,0.036,36.0,86.0,0.99058,3.1,0.76,11.4,6,0
6.7,0.5,0.36,11.5,0.096,18.0,92.0,0.99642,3.11,0.49,9.6,5,0
4.4,0.54,0.09,5.1,0.038,52.0,97.0,0.99022,3.41,0.4,12.2,7,0
7.1,0.23,0.39,13.7,0.058,26.0,172.0,0.99755,2.9,0.46,9.0,6,0
6.0,0.42,0.41,12.4,0.032,50.0,179.0,0.99622,3.14,0.6,9.7,5,0
4.9,0.235,0.27,11.75,0.03,34.0,118.0,0.9954,3.07,0.5,9.4,6,0
6.6,0.32,0.36,8.0,0.047,57.0,168.0,0.9949,3.15,0.46,9.6,5,0
