8.1,0.28,0.4,6.9,0.05,30.0,97.0,0.9951,3.26,0.44,10.1,6,0
7.9,0.18,0.37,1.2,0.04,16.0,75.0,0.992,3.18,0.63,10.8,5,0
6.9,0.24,0.35,1.0,0.052,35.0,146.0,0.993,3.45,0.44,10.0,6,0
7.4,0.27,0.48,1.1,0.047,17.0,132.0,0.9914,3.19,0.49,11.6,6,0
6.9,0.19,0.35,5.0,0.067,32.0,150.0,0.995,3.36,0.48,9.8,5,0
6.0,0.19,0.26,12.4,0.048,50.0,147.0,0.9972,3.3,0.36,8.9,6,0
7.4,0.24,0.29,10.1,0.05,21.0,105.0,0.9962,3.13,0.35,9.5,5,0
7.4,0.24,0.29,10.1,0.05,21.0,105.0,0.9962,3.13,0.35,9.5,5,0
7.1,0.43,0.61,11.8,0.045,54.0,155.0,0.9974,3.11,0.45,8.7,5,0
7.2,0.39,0.63,11.0,0.044,55.0,156.0,0.9974,3.09,0.44,8.7,6,0
6.9,0.21,0.33,1.8,0.034,48.0,136.0,0.9899,3.25,0.41,12.6,7,0
9.8,0.36,0.46,10.5,0.038,4.0,83.0,0.9956,2.89,0.3,10.1,4,0
7.5,0.305,0.4,18.9,0.059,44.0,170.0,1.0,2.99,0.46,9.0,5,0
6.1,0.3,0.56,2.7,0.046,46.0,184.0,0.9924,3.31,0.57,10.9,6,0
6.5,0.24,0.32,7.6,0.038,48.0,203.0,0.9958,3.45,0.54,9.7,7,0
6.5,0.425,0.4,13.1,0.038,59.0,241.0,0.9979,3.23,0.57,9.0,5,0
6.8,0.19,0.36,1.9,0.035,30.0,96.0,0.9917,3.15,0.54,10.8,7,0
8.1,0.28,0.39,1.9,0.029,18.0,79.0,0.9923,3.23,0.52,11.8,6,0
7.1,0.37,0.67,10.5,0.045,49.0,155.0,0.9975,3.16,0.44,8.7,5,0
6.9,0.25,0.3,4.1,0.054,23.0,116.0,0.994,2.99,0.38,9.4,6,0
6.7,0.24,0.41,9.4,0.04,49.0,166.0,0.9954,3.12,0.61,9.9,6,0
6.8,0.26,0.24,7.8,0.052,54.0,214.0,0.9961,3.13,0.47,8.9,5,0
7.1,0.32,0.24,13.1,0.05,52.0,204.0,0.998,3.1,0.49,8.8,5,0
5.7,0.28,0.24,17.5,0.044,60.0,167.0,0.9989,3.31,0.44,9.4,5,0
7.2,0.23,0.38,14.3,0.058,55.0,194.0,0.9979,3.09,0.44,9.0,6,0
5.8,0.2,0.27,1.4,0.031,12.0,77.0,0.9905,3.25,0.36,10.9,7,0
5.4,0.59,0.07,7.0,0.045,36.0,147.0,0.9944,3.34,0.57,9.7,6,0
7.0,0.29,0.54,10.7,0.046,59.0,234.0,0.9966,3.05,0.61,9.5,5,0
6.8,0.32,0.34,1.2,0.044,14.0,67.0,0.9919,3.05,0.47,10.6,4,0
6.7,0.34,0.3,15.6,0.054,51.0,196.0,0.9982,3.19,0.49,9.3,5,0
7.1,0.35,0.24,15.4,0.055,46.0,198.0,0.9988,3.12,0.49,8.8,5,0
7.4,0.28,0.42,19.8,0.066,53.0,195.0,1.0,2.96,0.44,9.1,5,0
6.1,0.41,0.0,1.6,0.063,36.0,87.0,0.9914,3.27,0.67,10.8,6,0
7.8,0.25,0.41,3.7,0.042,37.0,149.0,0.9954,3.36,0.45,10.0,6,0
6.8,0.28,0.6,1.1,0.132,42.0,127.0,0.9934,3.09,0.44,9.1,6,0
6.1,0.125,0.25,3.3,0.04,10.0,69.0,0.9934,3.54,0.59,10.1,6,0
6.3,0.23,0.3,1.8,0.033,16.0,91.0,0.9906,3.28,0.4,11.8,6,0
5.8,0.27,0.27,12.3,0.045,55.0,170.0,0.9972,3.28,0.42,9.3,6,0
7.1,0.145,0.33,4.6,0.05,33.0,131.0,0.9942,3.28,0.4,9.6,6,0
7.6,0.17,0.45,11.2,0.054,56.0,137.0,0.997,3.15,0.47,10.0,5,0
6.8,0.16,0.4,2.3,0.037,18.0,102.0,0.9923,3.49,0.42,11.4,7,0
7.7,0.29,0.48,2.3,0.049,36.0,178.0,0.9931,3.17,0.64,10.6,6,0
6.4,0.31,0.28,1.5,0.037,12.0,119.0,0.9919,3.32,0.51,10.4,7,0
6.5,0.36,0.32,1.1,0.031,13.0,66.0,0.9916,3.1,0.46,10.6,5,0
7.4,0.21,0.27,1.2,0.041,27.0,99.0,0.9927,3.19,0.33,9.8,6,0
7.0,0.21,0.28,8.6,0.045,37.0,221.0,0.9954,3.25,0.54,10.4,6,0
6.4,0.34,0.1,1.1,0.048,19.0,84.0,0.9927,3.21,0.38,9.8,5,0
6.7,0.22,0.37,1.6,0.028,24.0,102.0,0.9913,3.29,0.59,11.6,7,0
7.1,0.32,0.32,11.0,0.038,16.0,66.0,0.9937,3.24,0.4,11.5,3,1
6.5,0.41,0.24,14.0,0.048,24.0,113.0,0.9982,3.44,0.53,9.8,6,0
6.4,0.41,0.24,14.0,0.048,24.0,113.0,0.9982,3.44,0.53,9.8,6,0
6.3,0.23,0.31,1.5,0.022,11.0,82.0,0.9892,3.3,0.4,12.9,7,0
7.1,0.21,0.27,8.6,0.056,26.0,111.0,0.9956,2.95,0.52,9.5,5,0
6.1,0.43,0.35,9.1,0.059,83.0,249.0,0.9971,3.37,0.5,8.5,5,0
7.2,0.29,0.53,18.15,0.047,59.0,182.0,0.9992,3.09,0.52,9.6,5,0
7.0,0.24,0.51,11.0,0.029,55.0,227.0,0.9965,3.03,0.61,9.5,5,0
7.4,0.28,0.36,1.1,0.028,42.0,105.0,0.9893,2.99,0.39,12.4,7,0
7.1,0.55,0.13,1.7,0.073,21.0,165.0,0.994,2.97,0.58,9.2,6,0
7.2,0.4,0.62,10.8,0.041,70.0,189.0,0.9976,3.08,0.49,8.6,4,0
7.8,0.18,0.31,12.2,0.053,46.0,140.0,0.998,3.06,0.53,8.9,6,0
6.7,0.27,0.12,1.3,0.041,62.0,138.0,0.9921,3.21,0.42,10.0,6,0
6.1,0.31,0.26,2.2,0.051,28.0,167.0,0.9926,3.37,0.47,10.4,6,0
7.2,0.46,0.65,10.4,0.05,76.0,192.0,0.9976,3.16,0.42,8.7,5,0
6.1,0.26,0.51,2.2,0.05,61.0,154.0,0.9929,3.08,0.6,9.8,6,0
7.4,0.26,0.3,7.9,0.049,38.0,157.0,0.9963,3.13,0.48,8.9,6,0
6.1,0.32,0.25,1.7,0.034,37.0,136.0,0.992,3.47,0.5,10.8,7,0
7.4,0.19,0.3,1.4,0.057,33.0,135.0,0.993,3.12,0.5,9.6,6,0
7.0,0.23,0.42,18.05,0.05,35.0,144.0,0.9999,3.22,0.42,8.8,5,0
7.3,0.34,0.21,3.2,0.05,14.0,136.0,0.9936,3.25,0.44,10.2,5,0
7.1,0.28,0.26,1.9,0.049,12.0,86.0,0.9934,3.15,0.38,9.4,5,0
6.2,0.36,0.26,13.2,0.051,54.0,201.0,0.9976,3.25,0.46,9.0,5,0
6.8,0.67,0.3,13.0,0.29,22.0,193.0,0.9984,3.08,0.67,9.0,4,0
6.3,0.34,0.28,14.7,0.047,49.0,198.0,0.9977,3.23,0.46,9.5,5,0
7.2,0.18,0.45,4.4,0.046,57.0,166.0,0.9943,3.13,0.62,11.2,6,0
6.1,0.25,0.24,12.1,0.046,51.0,172.0,0.998,3.35,0.45,9.5,5,0
6.4,0.31,0.39,7.5,0.04,57.0,213.0,0.99475,3.32,0.43,10.0,5,0
6.7,0.2,0.42,14.0,0.038,83.0,160.0,0.9987,3.16,0.5,9.4,6,0
6.8,0.24,0.49,19.3,0.057,55.0,247.0,1.00055,3.0,0.56,8.7,5,0
6.8,0.39,0.35,11.6,0.044,57.0,220.0,0.99775,3.07,0.53,9.3,5,0
6.0,0.39,0.17,12.0,0.046,65.0,246.0,0.9976,3.15,0.38,9.0,6,0
7.9,0.35,0.24,15.6,0.072,44.0,229.0,0.99785,3.03,0.59,10.5,6,0
8.4,0.18,0.42,5.1,0.036,7.0,77.0,0.9939,3.16,0.52,11.7,5,0
7.3,0.25,0.36,2.1,0.034,30.0,177.0,0.99085,3.25,0.4,11.9,8,1
7.6,0.33,0.35,6.3,0.036,12.0,126.0,0.9924,3.16,0.39,12.0,7,0
6.6,0.22,0.37,15.4,0.035,62.0,153.0,0.99845,3.02,0.4,9.3,5,0
7.8,0.18,0.46,12.6,0.042,41.0,143.0,1.0,3.24,0.76,8.5,8,1
7.1,0.21,0.32,2.2,0.037,28.0,141.0,0.993,3.2,0.57,10.0,7,0
7.1,0.21,0.32,2.2,0.037,28.0,141.0,0.993,3.2,0.57,10.0,7,0
7.4,0.26,0.43,6.0,0.022,22.0,125.0,0.9928,3.13,0.55,11.5,6,0
5.8,0.26,0.18,1.2,0.031,40.0,114.0,0.9908,3.42,0.4,11.0,7,0
5.6,0.19,0.39,1.1,0.043,17.0,67.0,0.9918,3.23,0.53,10.3,6,0
6.8,0.18,0.28,8.7,0.047,52.0,242.0,0.9952,3.22,0.53,10.5,6,0
8.4,0.19,0.42,1.6,0.047,9.0,101.0,0.994,3.06,0.65,11.1,4,0
6.2,0.33,0.19,5.6,0.042,22.0,143.0,0.99425,3.15,0.63,9.9,5,0
6.4,0.26,0.43,12.6,0.033,64.0,230.0,0.9974,3.08,0.38,8.9,5,0
6.2,0.35,0.29,7.3,0.044,56.0,244.0,0.9956,3.36,0.55,10.0,6,0
6.5,0.18,0.33,8.0,0.051,16.0,131.0,0.9965,3.28,0.44,8.7,7,0
6.5,0.08,0.33,1.9,0.028,23.0,93.0,0.991,3.34,0.7,12.0,7,0
5.1,0.39,0.21,1.7,0.027,15.0,72.0,0.9894,3.5,0.45,12.5,6,0
5.7,0.36,0.34,4.2,0.026,21.0,77.0,0.9907,3.41,0.45,11.9,6,0
7.4,0.28,0.3,5.3,0.054,44.0,161.0,0.9941,3.12,0.48,10.3,6,0
7.8,0.27,0.34,1.6,0.046,27.0,154.0,0.9927,3.05,0.45,10.5,6,0
8.0,0.19,0.36,1.8,0.05,16.0,84.0,0.9936,3.15,0.45,9.8,7,0
6.9,0.24,0.39,1.3,0.063,18.0,136.0,0.9928,3.31,0.48,10.4,7,0
8.3,0.16,0.48,1.7,0.057,31.0,98.0,0.9943,3.15,0.41,10.3,6,0
6.1,0.16,0.27,12.6,0.064,63.0,162.0,0.9994,3.66,0.43,8.9,5,0
7.3,0.49,0.32,5.2,0.043,18.0,104.0,0.9952,3.24,0.45,10.7,4,0
7.6,0.29,0.42,1.3,0.035,18.0,86.0,0.9908,2.99,0.39,11.3,5,0
8.3,0.22,0.38,14.8,0.054,32.0,126.0,1.0002,3.22,0.5,9.7,5,0
6.5,0.26,0.34,16.3,0.051,56.0,197.0,1.0004,3.49,0.42,9.8,5,0
5.3,0.24,0.33,1.3,0.033,25.0,97.0,0.9906,3.59,0.38,11.0,8,1
6.3,0.16,0.4,1.6,0.033,59.0,148.0,0.9914,3.44,0.53,11.4,5,0
9.8,0.36,0.45,1.6,0.042,11.0,124.0,0.9944,2.93,0.46,10.8,5,0
9.6,0.23,0.4,1.5,0.044,19.0,135.0,0.9937,2.96,0.49,10.9,5,0
6.0,0.26,0.42,5.2,0.027,70.0,178.0,0.9914,3.4,0.4,12.3,8,1
6.1,0.31,0.37,8.4,0.031,70.0,170.0,0.9934,3.42,0.4,11.7,8,1
6.1,0.6,0.0,1.3,0.042,24.0,79.0,0.9937,3.31,0.38,9.4,4,0
7.8,0.3,0.29,16.85,0.054,23.0,135.0,0.9998,3.16,0.38,9.0,6,0
9.8,0.44,0.4,2.8,0.036,35.0,167.0,0.9956,2.97,0.39,9.2,5,0
7.4,0.22,0.33,2.0,0.045,31.0,101.0,0.9931,3.42,0.55,11.4,5,0
6.4,0.26,0.3,2.2,0.025,33.0,134.0,0.992,3.21,0.47,10.6,6,0
8.9,0.33,0.32,1.5,0.047,11.0,200.0,0.9954,3.19,0.46,9.4,5,0
7.0,0.16,0.73,1.0,0.138,58.0,150.0,0.9936,3.08,0.3,9.2,5,0
8.4,0.35,0.56,13.8,0.048,55.0,190.0,0.9993,3.07,0.58,9.4,6,0
7.0,0.24,0.36,4.9,0.083,10.0,133.0,0.9942,3.33,0.37,10.8,6,0
8.4,0.58,0.27,12.15,0.033,37.0,116.0,0.9959,2.99,0.39,10.8,6,0
7.0,0.46,0.39,6.2,0.039,46.0,163.0,0.9928,3.21,0.35,12.2,7,0
9.2,0.35,0.39,0.9,0.042,15.0,61.0,0.9924,2.96,0.28,10.4,4,0
7.6,0.27,0.24,3.8,0.058,19.0,115.0,0.9958,3.15,0.45,8.9,5,0
7.3,0.22,0.41,15.4,0.05,55.0,191.0,1.0,3.32,0.59,8.9,6,0
6.9,0.46,0.2,0.9,0.054,5.0,126.0,0.992,3.1,0.42,10.4,6,0
6.6,0.56,0.16,3.1,0.045,28.0,92.0,0.994,3.12,0.35,9.1,6,0
5.7,0.135,0.3,4.6,0.042,19.0,101.0,0.9946,3.31,0.42,9.3,6,0
8.2,0.22,0.36,6.8,0.034,12.0,90.0,0.9944,3.01,0.38,10.5,8,1
7.1,0.19,0.28,3.6,0.033,16.0,78.0,0.993,2.91,0.78,11.4,6,0
5.8,0.17,0.3,1.4,0.037,55.0,130.0,0.9909,3.29,0.38,11.3,6,0
5.3,0.165,0.24,1.1,0.051,25.0,105.0,0.9925,3.32,0.47,9.1,5,0
7.0,0.18,0.49,5.3,0.04,34.0,125.0,0.9914,3.24,0.4,12.2,6,0
7.8,0.43,0.49,13.0,0.033,37.0,158.0,0.9955,3.14,0.35,11.3,6,0
6.7,0.25,0.74,19.4,0.054,44.0,169.0,1.0004,3.51,0.45,9.8,6,0
6.5,0.26,0.74,13.3,0.044,68.0,224.0,0.9972,3.18,0.54,9.5,6,0
8.4,0.23,0.49,7.8,0.035,22.0,95.0,0.9935,3.04,0.34,12.0,6,0
6.6,0.3,0.24,1.2,0.034,17.0,121.0,0.9933,3.13,0.36,9.2,5,0
7.1,0.18,0.74,15.6,0.044,44.0,176.0,0.9996,3.38,0.67,9.0,6,0
7.9,0.12,0.49,5.2,0.049,33.0,152.0,0.9952,3.18,0.47,10.6,6,0
7.3,0.3,0.74,13.5,0.039,46.0,165.0,0.9982,3.02,0.4,8.7,5,0
6.8,0.21,0.74,1.2,0.047,25.0,111.0,0.9916,3.13,0.41,10.7,6,0
6.4,0.27,0.49,7.3,0.046,53.0,206.0,0.9956,3.24,0.43,9.2,6,0
6.7,0.33,0.49,1.6,0.167,20.0,94.0,0.9914,3.11,0.5,11.4,6,0
7.5,0.32,0.49,1.7,0.031,44.0,109.0,0.9906,3.07,0.46,12.5,6,0
5.8,0.19,0.49,4.9,0.04,44.0,118.0,0.9935,3.34,0.38,9.5,7,0
6.9,0.27,0.49,23.5,0.057,59.0,235.0,1.0024,2.98,0.47,8.6,5,0
7.0,0.14,0.49,5.9,0.053,22.0,118.0,0.9954,3.36,0.36,9.4,6,0
9.0,0.22,0.49,10.4,0.048,52.0,195.0,0.9987,3.31,0.44,10.2,6,0
7.8,0.15,0.24,7.7,0.047,21.0,98.0,0.9951,2.94,0.31,9.6,6,0
7.9,0.22,0.49,3.8,0.042,26.0,105.0,0.993,3.1,0.39,10.5,5,0
7.8,0.49,0.49,7.0,0.043,29.0,149.0,0.9952,3.21,0.33,10.0,5,0
7.1,0.3,0.49,1.6,0.045,31.0,100.0,0.9942,3.4,0.59,10.2,5,0
6.7,0.26,0.49,8.3,0.047,54.0,191.0,0.9954,3.23,0.4,10.3,6,0
6.2,0.3,0.2,6.6,0.045,42.0,170.0,0.9944,3.36,0.45,10.4,6,0
7.2,0.25,0.28,14.4,0.055,55.0,205.0,0.9986,3.12,0.38,9.0,7,0
6.7,0.265,0.22,8.6,0.048,54.0,198.0,0.9955,3.25,0.41,10.2,5,0
7.0,0.24,0.3,4.2,0.04,41.0,213.0,0.9927,3.28,0.49,11.8,6,0
6.8,0.3,0.24,6.6,0.123,35.0,116.0,0.9953,3.07,0.48,9.4,5,0
7.5,0.4,1.0,19.5,0.041,33.0,148.0,0.9977,3.24,0.38,12.0,6,0
6.5,0.18,0.34,1.6,0.04,43.0,148.0,0.9912,3.32,0.59,11.5,8,1
6.9,0.16,0.3,9.6,0.057,50.0,185.0,0.9978,3.39,0.38,9.6,6,0
8.4,0.29,0.29,1.05,0.032,4.0,55.0,0.9908,2.91,0.32,11.4,4,0
7.7,0.38,0.4,2.0,0.038,28.0,152.0,0.9906,3.18,0.32,12.9,6,0
8.3,0.3,0.36,10.0,0.042,33.0,169.0,0.9982,3.23,0.51,9.3,6,0
6.6,0.62,0.2,8.7,0.046,81.0,224.0,0.99605,3.17,0.44,9.3,5,0
6.4,0.17,0.27,1.5,0.037,20.0,98.0,0.9916,3.46,0.42,11.0,7,0
6.9,0.19,0.28,3.0,0.054,33.0,99.0,0.9924,3.16,0.4,10.8,6,0
6.4,0.33,0.24,1.6,0.054,25.0,117.0,0.9943,3.36,0.5,9.3,5,0
7.1,0.37,0.32,1.4,0.037,27.0,126.0,0.9918,3.19,0.62,12.0,5,0
7.1,0.32,0.4,1.5,0.034,13.0,84.0,0.9944,3.42,0.6,10.4,5,0
7.7,0.44,0.24,11.2,0.031,41.0,167.0,0.9948,3.12,0.43,11.3,7,0
7.0,0.19,0.23,5.7,0.123,27.0,104.0,0.9954,3.04,0.54,9.4,6,0
6.1,0.34,0.46,4.7,0.029,21.0,94.0,0.991,3.29,0.62,12.3,6,0
6.7,0.18,0.19,4.7,0.046,57.0,161.0,0.9946,3.32,0.66,10.5,6,0
7.3,0.13,0.31,2.3,0.054,22.0,104.0,0.9924,3.24,0.92,11.5,7,0
7.1,0.25,0.3,2.4,0.042,25.0,122.0,0.994,3.43,0.61,10.5,6,0
5.8,0.33,0.2,16.05,0.047,26.0,166.0,0.9976,3.09,0.46,8.9,5,0
8.0,0.19,0.3,2.0,0.053,48.0,140.0,0.994,3.18,0.49,9.6,6,0
7.9,0.26,0.33,10.3,0.039,73.0,212.0,0.9969,2.93,0.49,9.5,6,0
7.6,0.13,0.34,9.3,0.062,40.0,126.0,0.9966,3.21,0.39,9.6,5,0
8.3,0.23,0.3,2.1,0.049,21.0,153.0,0.9953,3.09,0.5,9.6,6,0
7.3,0.22,0.5,13.7,0.049,56.0,189.0,0.9994,3.24,0.66,9.0,6,0
7.6,0.13,0.34,9.3,0.062,40.0,126.0,0.9966,3.21,0.39,9.6,5,0
8.2,0.37,0.27,1.7,0.028,10.0,59.0,0.9923,2.97,0.48,10.4,5,0
6.8,0.31,0.32,7.6,0.052,35.0,143.0,0.9959,3.14,0.38,9.0,5,0
6.3,0.41,0.3,3.2,0.03,49.0,164.0,0.9927,3.53,0.79,11.7,7,0
6.8,0.28,0.37,7.0,0.057,35.0,208.0,0.9973,3.57,0.55,10.2,5,0
7.6,0.16,0.41,1.9,0.047,27.0,151.0,0.9937,3.2,0.53,10.1,6,0
5.6,0.18,0.31,1.5,0.038,16.0,84.0,0.9924,3.34,0.58,10.1,6,0
7.0,0.2,0.34,2.1,0.049,12.0,136.0,0.9922,3.25,0.46,11.6,7,0
7.6,0.34,0.39,7.6,0.04,45.0,215.0,0.9965,3.11,0.53,9.2,6,0
5.6,0.13,0.27,4.8,0.028,22.0,104.0,0.9948,3.34,0.45,9.2,6,0
6.8,0.21,0.27,18.15,0.042,41.0,146.0,1.0001,3.3,0.36,8.7,5,0
6.8,0.28,0.44,11.5,0.04,58.0,223.0,0.9969,3.22,0.56,9.5,5,0
6.6,0.23,0.27,5.6,0.043,43.0,164.0,0.9953,3.27,0.76,9.5,5,0
9.4,0.3,0.32,10.7,0.029,14.0,111.0,0.9958,2.85,0.42,10.6,5,0
7.9,0.17,0.32,1.6,0.053,47.0,150.0,0.9948,3.29,0.76,9.6,6,0
8.3,0.17,0.31,1.5,0.049,48.0,153.0,0.9942,3.12,0.58,9.4,6,0
7.4,0.18,0.36,13.1,0.056,72.0,163.0,1.0,3.42,0.35,9.1,6,0
7.7,0.23,0.31,10.7,0.038,59.0,186.0,0.9969,3.12,0.55,9.5,6,0
6.5,0.22,0.25,17.1,0.05,44.0,138.0,1.0001,3.3,0.37,8.8,5,0
6.9,0.26,0.33,12.6,0.051,59.0,173.0,0.998,3.39,0.38,9.9,5,0
9.1,0.33,0.38,1.7,0.062,50.5,344.0,0.9958,3.1,0.7,9.5,5,0
7.0,0.35,0.24,1.9,0.04,21.0,144.0,0.9923,3.35,0.38,11.0,5,0
7.1,0.22,0.32,16.9,0.056,49.0,158.0,0.9998,3.37,0.38,9.6,6,0
7.7,0.28,0.35,15.3,0.056,31.0,117.0,0.9998,3.27,0.5,9.6,5,0
7.5,0.26,0.52,13.2,0.047,64.0,179.0,0.9982,3.1,0.46,9.0,5,0
6.8,0.37,0.28,4.0,0.03,29.0,79.0,0.99,3.23,0.46,12.4,7,0
7.4,0.19,0.3,12.8,0.053,48.5,229.0,0.9986,3.14,0.49,9.1,7,0
7.7,0.24,0.31,1.3,0.047,33.0,106.0,0.993,3.22,0.55,10.8,6,0
6.3,0.3,0.24,6.6,0.04,38.0,141.0,0.995,3.22,0.47,9.5,5,0
7.9,0.28,0.41,4.9,0.058,31.0,153.0,0.9966,3.27,0.51,9.7,6,0
7.3,0.18,0.29,1.0,0.036,26.0,101.0,0.99,3.09,0.37,11.7,6,0
6.6,0.23,0.24,3.9,0.045,36.0,138.0,0.9922,3.15,0.64,11.3,7,0
7.4,0.24,0.26,1.6,0.058,53.0,150.0,0.9936,3.18,0.5,9.9,7,0
7.7,0.28,0.58,12.1,0.046,60.0,177.0,0.9983,3.08,0.46,8.9,5,0
7.2,0.29,0.18,8.2,0.042,41.0,180.0,0.99644,3.16,0.49,9.1,5,0
6.1,0.23,0.45,10.6,0.094,49.0,169.0,0.99699,3.05,0.54,8.8,5,0
6.3,0.27,0.18,7.7,0.048,45.0,186.0,0.9962,3.23,0.47,9.0,5,0
7.3,0.21,0.21,1.6,0.046,35.0,133.0,0.99466,3.38,0.46,10.0,6,0
7.2,0.39,0.54,1.4,0.157,34.0,132.0,0.99449,3.11,0.53,9.0,6,0
6.9,0.3,0.21,15.7,0.056,49.0,159.0,0.99827,3.11,0.48,9.0,5,0
7.4,0.14,0.3,1.3,0.033,25.0,91.0,0.99268,3.53,0.39,10.6,6,0
7.4,0.33,0.26,15.6,0.049,67.0,210.0,0.99907,3.06,0.68,9.5,5,0
6.9,0.28,0.31,7.2,0.04,47.0,168.0,0.9946,3.29,0.57,10.6,7,0
7.4,0.2,0.31,1.6,0.038,34.0,116.0,0.9912,3.25,0.39,12.0,7,0
7.5,0.24,0.62,10.6,0.045,51.0,153.0,0.99779,3.16,0.44,8.8,5,0
6.9,0.35,0.55,11.95,0.038,22.0,111.0,0.99687,3.11,0.29,9.7,5,0
6.5,0.28,0.35,9.8,0.067,61.0,180.0,0.9972,3.15,0.57,9.0,4,0
6.6,0.32,0.24,1.3,0.06,42.5,204.0,0.99512,3.59,0.51,9.2,5,0
7.6,0.32,0.35,1.6,0.092,24.0,138.0,0.99438,3.19,0.44,9.8,5,0
7.4,0.33,0.44,7.6,0.05,40.0,227.0,0.99679,3.12,0.52,9.0,5,0
7.2,0.2,0.3,2.0,0.039,43.0,188.0,0.9911,3.3,0.41,12.0,6,0
9.2,0.19,0.42,2.0,0.047,16.0,104.0,0.99517,3.09,0.66,10.0,4,0
8.8,0.33,0.36,2.1,0.034,19.0,125.0,0.99166,2.96,0.98,12.7,6,0
7.6,0.31,0.27,5.8,0.036,23.0,109.0,0.99399,3.34,0.54,11.0,6,0
6.3,0.38,0.17,8.8,0.08,50.0,212.0,0.99803,3.47,0.66,9.4,4,0
6.8,0.26,0.43,11.75,0.045,53.0,198.0,0.9969,3.26,0.55,9.5,5,0
7.2,0.24,0.29,3.0,0.036,17.0,117.0,0.99411,3.36,0.68,10.1,6,0
6.4,0.28,0.17,8.3,0.042,61.0,195.0,0.99577,3.22,0.46,9.4,5,0
8.1,0.33,0.36,7.4,0.037,36.0,156.0,0.99592,3.19,0.54,10.6,6,0
7.6,0.25,0.34,1.3,0.056,34.0,176.0,0.99434,3.1,0.51,9.5,5,0
6.1,0.27,0.31,1.5,0.035,17.0,83.0,0.99076,3.32,0.44,11.1,7,0
6.3,0.27,0.37,7.9,0.047,58.0,215.0,0.99542,3.19,0.48,9.5,6,0
6.1,0.28,0.24,19.95,0.074,32.0,174.0,0.99922,3.19,0.44,9.3,6,0
7.3,0.51,0.29,11.3,0.034,61.0,224.0,0.99683,3.14,0.56,9.5,6,0
8.2,0.2,0.38,3.5,0.053,41.0,174.0,0.99306,3.22,0.41,11.6,5,0
6.6,0.42,0.13,12.8,0.044,26.0,158.0,0.99772,3.24,0.47,9.0,5,0
6.7,0.54,0.27,7.1,0.049,8.0,178.0,0.99502,3.16,0.38,9.4,4,0
6.2,0.27,0.18,1.5,0.028,20.0,111.0,0.99228,3.41,0.5,10.0,5,0
6.3,0.13,0.42,1.1,0.043,63.0,146.0,0.99066,3.13,0.72,11.2,7,0
6.9,0.32,0.26,2.3,0.03,11.0,103.0,0.99106,3.06,0.42,11.1,6,0
6.9,0.28,0.22,10.0,0.052,36.0,131.0,0.99696,3.08,0.46,9.6,5,0
6.8,0.28,0.36,7.0,0.043,60.0,207.0,0.99556,3.16,0.49,9.6,6,0
6.6,0.24,0.24,8.6,0.034,25.0,135.0,0.99582,3.33,0.59,10.3,6,0
6.6,0.24,0.28,1.8,0.028,39.0,132.0,0.99182,3.34,0.46,11.4,5,0
6.8,0.26,0.24,1.9,0.043,70.0,154.0,0.99273,3.18,0.52,10.5,5,0
5.8,0.3,0.27,1.7,0.014,45.0,104.0,0.98914,3.4,0.56,12.6,7,0
6.4,0.28,0.56,1.7,0.156,49.0,106.0,0.99354,3.1,0.37,9.2,6,0
6.4,0.22,0.34,1.4,0.023,56.0,115.0,0.98958,3.18,0.7,11.7,6,0
6.7,0.28,0.28,2.4,0.012,36.0,100.0,0.99064,3.26,0.39,11.7,7,0
7.2,0.24,0.27,11.4,0.034,40.0,174.0,0.99773,3.2,0.44,9.0,5,0
8.7,0.31,0.73,14.35,0.044,27.0,191.0,1.00013,2.96,0.88,8.7,5,0
6.1,0.15,0.35,15.8,0.042,55.0,158.0,0.99642,3.24,0.37,10.6,5,0
7.15,0.17,0.24,9.6,0.119,56.0,178.0,0.99578,3.15,0.44,10.2,6,0
6.6,0.12,0.25,1.4,0.039,21.0,131.0,0.99114,3.2,0.45,11.2,7,0
5.9,0.34,0.31,2.0,0.03,38.0,142.0,0.98892,3.4,0.41,12.9,7,0
8.0,0.17,0.29,2.4,0.029,52.0,119.0,0.98944,3.03,0.33,12.9,6,0
6.6,0.21,0.29,1.8,0.026,35.0,128.0,0.99183,3.37,0.48,11.2,6,0
6.6,0.24,0.38,8.0,0.042,56.0,187.0,0.99577,3.21,0.46,9.2,5,0
6.5,0.22,0.5,16.4,0.048,36.0,182.0,0.99904,3.02,0.49,8.8,6,0
6.8,0.24,0.37,7.45,0.043,59.0,188.0,0.99579,3.2,0.5,9.4,6,0
7.8,0.25,0.34,13.7,0.044,66.0,184.0,0.99976,3.22,0.75,8.9,5,0
7.9,0.51,0.36,6.2,0.051,30.0,173.0,0.9984,3.09,0.53,9.7,5,0
6.0,0.26,0.15,1.3,0.06,51.0,154.0,0.99354,3.14,0.51,8.7,5,0
6.3,0.2,0.24,1.7,0.052,36.0,135.0,0.99374,3.8,0.66,10.8,6,0
6.2,0.29,0.32,3.6,0.026,39.0,138.0,0.9892,3.31,0.37,13.1,7,0
6.6,0.36,0.24,0.9,0.038,15.0,72.0,0.99066,3.23,0.39,11.0,5,0
6.7,0.325,0.82,1.2,0.152,49.0,120.0,0.99312,2.99,0.38,9.2,5,0
7.1,0.26,0.32,16.2,0.044,31.0,170.0,0.99644,3.17,0.37,11.2,5,0
6.9,0.15,0.29,2.3,0.033,14.0,82.0,0.99132,3.1,0.58,11.2,7,0
5.3,0.16,0.39,1.0,0.028,40.0,101.0,0.99156,3.57,0.59,10.6,6,0
4.2,0.17,0.36,1.8,0.029,93.0,161.0,0.98999,3.65,0.89,12.0,7,0
8.6,0.18,0.28,0.8,0.032,25.0,78.0,0.99104,2.99,0.38,11.1,5,0
5.3,0.21,0.29,0.7,0.028,11.0,66.0,0.99215,3.3,0.4,9.8,5,0
6.1,0.27,0.25,1.8,0.041,9.0,109.0,0.9929,3.08,0.54,9.0,5,0
7.7,0.11,0.34,14.05,0.04,41.0,114.0,0.99634,3.07,0.59,11.0,7,0
7.5,0.38,0.29,4.9,0.021,38.0,113.0,0.99026,3.08,0.48,13.0,7,0
6.6,0.23,0.3,14.9,0.051,33.0,118.0,0.99835,3.04,0.54,9.0,6,0
6.8,0.18,0.28,9.8,0.039,29.0,113.0,0.99406,3.11,0.45,10.9,7,0
6.7,0.18,0.28,10.2,0.039,29.0,115.0,0.99469,3.11,0.45,10.9,7,0
6.6,0.22,0.36,5.5,0.029,30.0,105.0,0.99206,3.2,0.47,11.8,6,0
7.0,0.45,0.34,19.8,0.04,12.0,67.0,0.9976,3.07,0.38,11.0,6,0
7.0,0.13,0.37,12.85,0.042,36.0,105.0,0.99581,3.05,0.55,10.7,6,0
5.9,0.34,0.3,3.8,0.035,57.0,135.0,0.99016,3.09,0.34,12.0,6,0
6.3,0.27,0.29,12.2,0.044,59.0,196.0,0.99782,3.14,0.4,8.8,6,0
6.3,0.33,0.42,17.2,0.037,57.0,170.0,0.99884,3.26,0.57,9.4,6,0
8.5,0.19,0.48,1.1,0.026,23.0,58.0,0.99184,2.9,0.5,10.5,6,0
7.0,0.15,0.38,15.3,0.045,54.0,120.0,0.9975,3.18,0.42,9.8,6,0
7.3,0.28,0.42,1.2,0.033,29.0,142.0,0.99205,3.17,0.43,10.7,4,0
6.6,0.35,0.34,4.9,0.032,9.0,125.0,0.99253,3.32,0.81,12.0,5,0
5.8,0.31,0.32,4.5,0.024,28.0,94.0,0.98906,3.25,0.52,13.7,7,0
6.6,0.17,0.35,2.6,0.03,33.0,78.0,0.99146,3.22,0.72,11.3,6,0
6.3,0.28,0.47,11.2,0.04,61.0,183.0,0.99592,3.12,0.51,9.5,6,0
6.7,0.14,0.51,4.3,0.028,57.0,124.0,0.99176,2.91,0.54,10.7,7,0
6.3,0.17,0.32,4.2,0.04,37.0,117.0,0.99182,3.24,0.43,11.3,6,0
6.3,0.17,0.32,4.2,0.04,37.0,117.0,0.99182,3.24,0.43,11.3,6,0
7.6,0.3,0.38,2.1,0.043,10.0,98.0,0.99296,3.17,0.65,11.0,5,0
6.5,0.16,0.33,4.8,0.043,45.0,114.0,0.992,3.18,0.44,11.2,6,0
6.2,0.19,0.29,4.3,0.045,33.0,126.0,0.99658,3.18,0.42,9.3,6,0
5.9,0.33,0.32,8.1,0.038,9.0,34.0,0.9911,3.22,0.36,12.7,7,0
6.2,0.23,0.36,17.2,0.039,37.0,130.0,0.99946,3.23,0.43,8.8,6,0
6.2,0.23,0.36,17.2,0.039,37.0,130.0,0.99946,3.23,0.43,8.8,6,0
6.9,0.36,0.35,8.6,0.038,37.0,125.0,0.9916,3.0,0.32,12.4,8,1
8.5,0.2,0.4,1.1,0.046,31.0,106.0,0.99194,3.0,0.35,10.5,4,0
6.5,0.24,0.38,1.0,0.027,31.0,90.0,0.98926,3.24,0.36,12.3,6,0
6.5,0.21,0.4,7.3,0.041,49.0,115.0,0.99268,3.21,0.43,11.0,6,0
6.8,0.21,0.37,7.0,0.038,27.0,107.0,0.99206,2.98,0.82,11.5,6,0
5.7,0.15,0.28,3.7,0.045,57.0,151.0,0.9913,3.22,0.27,11.2,6,0
6.4,0.23,0.35,4.6,0.039,43.0,147.0,0.99216,3.18,0.4,11.0,7,0
6.5,0.26,0.31,3.6,0.03,36.0,92.0,0.99026,3.22,0.62,12.6,8,1
4.2,0.215,0.23,5.1,0.041,64.0,157.0,0.99688,3.42,0.44,8.0,3,1
6.8,0.32,0.32,8.7,0.029,31.0,105.0,0.99146,3.0,0.34,12.3,7,0
5.6,0.12,0.33,2.9,0.044,21.0,73.0,0.98896,3.17,0.32,12.9,8,1
6.3,0.3,0.29,2.1,0.048,33.0,142.0,0.98956,3.22,0.46,12.9,7,0
5.7,0.26,0.3,1.8,0.039,30.0,105.0,0.98995,3.48,0.52,12.5,7,0
5.8,0.17,0.36,1.3,0.036,11.0,70.0,0.99202,3.43,0.68,10.4,7,0
6.7,0.23,0.33,8.1,0.048,45.0,176.0,0.99472,3.11,0.52,10.1,6,0
6.8,0.23,0.32,8.6,0.046,47.0,159.0,0.99452,3.08,0.52,10.5,6,0
7.2,0.27,0.28,15.2,0.046,6.0,41.0,0.99665,3.17,0.39,10.9,6,0
7.6,0.17,0.27,4.6,0.05,23.0,98.0,0.99422,3.08,0.47,9.5,6,0
6.4,0.17,0.27,9.9,0.047,26.0,101.0,0.99596,3.34,0.5,9.9,6,0
6.6,0.18,0.28,1.7,0.041,53.0,161.0,0.99207,3.13,0.45,10.2,6,0
6.9,0.28,0.24,2.1,0.034,49.0,121.0,0.98882,2.98,0.43,13.2,7,0
7.8,0.22,0.26,9.0,0.047,38.0,132.0,0.997,3.25,0.53,10.2,6,0
5.8,0.18,0.28,1.3,0.034,9.0,94.0,0.99092,3.21,0.52,11.2,6,0
6.1,0.3,0.3,2.1,0.031,50.0,163.0,0.9895,3.39,0.43,12.7,7,0
6.3,0.29,0.28,4.7,0.059,28.0,81.0,0.99036,3.24,0.56,12.7,8,1
6.2,0.28,0.28,4.3,0.026,22.0,105.0,0.989,2.98,0.64,13.1,8,1
5.8,0.54,0.0,1.4,0.033,40.0,107.0,0.98918,3.26,0.35,12.4,5,0
6.8,0.19,0.4,9.85,0.055,41.0,103.0,0.99532,2.98,0.56,10.5,6,0
6.6,0.24,0.27,10.3,0.047,54.0,219.0,0.99742,3.04,0.45,8.8,5,0
7.6,0.22,0.28,12.0,0.056,68.0,143.0,0.9983,2.99,0.3,9.2,6,0
6.1,0.36,0.26,8.15,0.035,14.0,88.0,0.99031,3.06,0.27,13.0,7,0
7.5,0.21,0.32,4.8,0.056,39.0,113.0,0.99393,3.11,0.52,10.2,7,0
6.7,0.28,0.31,7.4,0.041,7.0,81.0,0.99254,3.04,0.47,11.4,8,1
6.3,0.22,0.28,2.4,0.042,38.0,102.0,0.98998,3.14,0.37,11.6,7,0
6.6,0.29,0.29,1.8,0.036,38.0,102.0,0.98819,3.08,0.42,13.7,7,0
5.3,0.36,0.27,6.3,0.028,40.0,132.0,0.99186,3.37,0.4,11.6,6,0
7.2,0.27,0.31,1.2,0.031,27.0,80.0,0.98892,3.03,0.33,12.7,6,0
6.6,0.23,0.37,8.5,0.036,46.0,153.0,0.99576,3.2,0.48,9.4,6,0
7.8,0.15,0.34,1.1,0.035,31.0,93.0,0.99096,3.07,0.72,11.3,7,0
7.0,0.32,0.27,7.1,0.027,37.0,122.0,0.99165,3.15,0.6,12.6,7,0
7.7,0.32,0.61,11.8,0.041,66.0,188.0,0.99794,3.0,0.54,9.3,5,0
6.4,0.37,0.2,5.6,0.117,61.0,183.0,0.99459,3.24,0.43,9.5,5,0
5.8,0.58,0.0,1.5,0.02,33.0,96.0,0.98918,3.29,0.38,12.4,6,0
8.7,0.3,0.34,4.8,0.018,23.0,127.0,0.99474,3.12,0.49,11.2,7,0
6.7,0.13,0.32,3.7,0.017,32.0,99.0,0.99348,3.12,0.44,10.0,6,0
6.0,0.25,0.4,5.7,0.052,56.0,152.0,0.99398,3.16,0.88,10.5,6,0
5.9,0.18,0.28,5.1,0.039,50.0,139.0,0.99165,3.16,0.44,11.3,6,0
7.3,0.31,0.25,6.65,0.032,30.0,138.0,0.99244,2.9,0.37,11.1,5,0
6.6,0.085,0.33,1.4,0.036,17.0,109.0,0.99306,3.27,0.61,9.5,6,0
5.8,0.32,0.28,4.3,0.032,46.0,115.0,0.98946,3.16,0.57,13.0,8,1
5.4,0.53,0.16,2.7,0.036,34.0,128.0,0.98856,3.2,0.53,13.2,8,1
6.8,0.21,0.26,11.7,0.038,61.0,152.0,0.99523,3.02,0.56,10.5,7,0
5.9,0.37,0.32,1.6,0.029,41.0,102.0,0.98916,3.41,0.55,12.7,7,0
5.4,0.3,0.3,1.2,0.029,25.0,93.0,0.98742,3.31,0.4,13.6,7,0
6.8,0.15,0.41,12.9,0.044,79.5,183.0,0.99742,3.24,0.78,10.2,6,0
6.8,0.31,0.3,8.0,0.028,33.0,122.0,0.99164,3.13,0.63,12.6,7,0
6.8,0.15,0.41,12.9,0.044,79.5,182.0,0.99742,3.24,0.78,10.2,6,0
7.5,0.24,0.31,13.1,0.05,26.0,180.0,0.99884,3.05,0.53,9.1,6,0
6.6,0.28,0.23,10.4,0.049,45.0,190.0,0.99754,3.12,0.51,8.8,5,0
6.3,0.18,0.24,3.4,0.053,20.0,119.0,0.99373,3.11,0.52,9.2,6,0
6.0,0.21,0.29,13.1,0.042,28.0,125.0,0.99936,3.39,0.45,8.6,5,0
6.2,0.24,0.25,12.5,0.055,47.0,134.0,0.99758,3.3,0.51,9.0,5,0
6.6,0.27,0.33,1.4,0.042,24.0,183.0,0.99215,3.29,0.46,10.7,5,0
6.4,0.27,0.45,8.3,0.05,52.0,196.0,0.9955,3.18,0.48,9.5,5,0
7.4,0.29,0.48,12.8,0.037,61.5,182.0,0.99808,3.02,0.34,8.8,5,0
6.8,0.25,0.3,11.8,0.043,53.0,133.0,0.99524,3.03,0.58,10.4,6,0
6.5,0.25,0.27,17.4,0.064,29.0,140.0,0.99776,3.2,0.49,10.1,6,0
7.0,0.3,0.28,2.2,0.042,21.0,177.0,0.99166,3.2,0.57,11.4,5,0
8.1,0.2,0.3,1.3,0.036,7.0,49.0,0.99242,2.99,0.73,10.3,5,0
7.2,0.17,0.34,6.4,0.042,16.0,111.0,0.99278,2.99,0.4,10.8,6,0
7.2,0.28,0.38,2.0,0.052,23.0,156.0,0.9912,3.13,0.52,11.1,5,0
6.3,0.43,0.32,8.8,0.042,18.0,106.0,0.99172,3.28,0.33,12.9,7,0
6.3,0.3,0.2,3.7,0.039,34.0,132.0,0.99158,3.0,0.38,10.7,5,0
6.0,0.31,0.38,4.8,0.04,41.0,101.0,0.98968,3.24,0.56,13.1,6,0
6.7,0.26,0.51,8.0,0.062,50.0,194.0,0.99545,3.13,0.5,9.6,5,0
7.1,0.28,0.31,1.5,0.053,20.0,98.0,0.99069,3.15,0.5,11.4,5,0
6.8,0.33,0.31,7.4,0.045,34.0,143.0,0.99226,3.06,0.55,12.2,6,0
7.2,0.24,0.36,2.0,0.029,21.0,63.0,0.99076,3.13,0.63,12.5,6,0
7.0,0.34,0.1,3.5,0.044,17.0,63.0,0.9937,3.01,0.39,9.2,5,0
7.0,0.24,0.3,12.3,0.035,72.0,172.0,0.9954,2.99,0.57,10.4,6,0
6.5,0.33,0.3,3.8,0.036,34.0,88.0,0.99028,3.25,0.63,12.5,7,0
7.1,0.37,0.3,6.2,0.04,49.0,139.0,0.99021,3.17,0.27,13.6,6,0
5.7,0.23,0.25,7.95,0.042,16.0,108.0,0.99486,3.44,0.61,10.3,6,0
4.9,0.345,0.34,1.0,0.068,32.0,143.0,0.99138,3.24,0.4,10.1,5,0
7.0,0.16,0.3,2.6,0.043,34.0,90.0,0.99047,2.88,0.47,11.2,6,0
7.2,0.58,0.27,5.8,0.032,40.0,118.0,0.99088,3.17,0.53,13.0,7,0
7.3,0.38,0.23,6.5,0.05,18.0,102.0,0.99304,3.1,0.55,11.2,4,0
6.4,0.17,0.3,2.8,0.034,33.0,125.0,0.99152,3.03,0.49,10.4,6,0
6.8,0.11,0.27,8.6,0.044,45.0,104.0,0.99454,3.2,0.37,9.9,6,0
6.7,0.28,0.34,8.9,0.048,32.0,111.0,0.99455,3.25,0.54,11.0,7,0
6.8,0.14,0.35,1.5,0.047,40.0,117.0,0.99111,3.07,0.72,11.1,6,0
6.1,0.25,0.48,15.8,0.052,25.0,94.0,0.99782,3.07,0.45,9.2,6,0
7.2,0.4,0.24,8.5,0.055,45.0,151.0,0.99626,3.2,0.52,9.2,5,0
6.4,0.26,0.26,1.1,0.052,22.0,176.0,0.99304,3.09,0.54,9.3,5,0
6.9,0.19,0.38,1.15,0.023,30.0,105.0,0.99047,3.11,0.38,11.4,5,0
6.4,0.2,0.22,7.4,0.032,53.0,172.0,0.99404,3.24,0.58,11.0,6,0
7.4,0.16,0.27,15.5,0.05,25.0,135.0,0.9984,2.9,0.43,8.7,7,0
7.6,0.26,0.32,1.3,0.048,23.0,76.0,0.9903,2.96,0.46,12.0,6,0
7.4,0.28,0.5,12.1,0.049,48.0,122.0,0.9973,3.01,0.44,9.0,5,0
6.6,0.33,0.32,15.6,0.054,62.0,227.0,0.99734,3.25,0.56,10.4,5,0
7.4,0.31,0.26,8.6,0.048,47.0,206.0,0.9964,3.26,0.36,9.1,5,0
6.1,0.25,0.28,10.0,0.055,56.0,131.0,0.994,3.22,0.35,10.9,6,0
7.4,0.26,0.32,3.7,0.032,29.0,193.0,0.99134,3.1,0.67,12.5,6,0
6.2,0.32,0.5,6.5,0.048,61.0,186.0,0.9948,3.19,0.45,9.6,5,0
6.7,0.21,0.34,1.5,0.035,45.0,123.0,0.98949,3.24,0.36,12.6,7,0
6.4,0.25,0.33,1.7,0.037,35.0,113.0,0.99164,3.23,0.66,10.6,6,0
6.9,0.24,0.4,15.4,0.052,81.0,198.0,0.9986,3.2,0.69,9.4,5,0
5.8,0.22,0.29,1.3,0.036,25.0,68.0,0.98865,3.24,0.35,12.6,6,0
6.1,0.25,0.3,1.2,0.036,42.0,107.0,0.991,3.34,0.56,10.8,7,0
5.9,0.14,0.2,1.6,0.04,26.0,114.0,0.99105,3.25,0.45,11.4,6,0
6.7,0.11,0.26,14.8,0.053,44.0,95.0,0.99676,3.2,0.35,9.8,6,0
6.7,0.11,0.26,14.8,0.053,44.0,95.0,0.99676,3.2,0.35,9.8,6,0
5.7,0.22,0.29,3.5,0.04,27.0,146.0,0.98999,3.17,0.36,12.1,6,0
6.4,0.26,0.35,7.7,0.056,45.0,191.0,0.99527,3.16,0.5,9.5,5,0
6.4,0.24,0.26,8.2,0.054,47.0,182.0,0.99538,3.12,0.5,9.5,5,0
7.1,0.2,0.35,3.2,0.034,21.0,107.0,0.99195,3.11,0.54,11.1,6,0
7.3,0.28,0.35,1.6,0.054,31.0,148.0,0.99178,3.18,0.47,10.7,5,0
6.2,0.29,0.29,5.6,0.046,35.0,178.0,0.99313,3.25,0.51,10.5333333333333,5,0
7.1,0.31,0.25,11.2,0.048,32.0,136.0,0.99663,3.14,0.4,9.5,5,0
7.0,0.24,0.26,1.7,0.041,31.0,110.0,0.99142,3.2,0.53,11.0,6,0
7.1,0.21,0.33,1.2,0.039,34.0,97.0,0.99112,3.11,0.75,11.2,6,0
6.2,0.25,0.44,15.8,0.057,39.0,167.0,0.99804,3.14,0.51,9.2,5,0
6.8,0.43,0.26,5.2,0.043,40.0,176.0,0.99116,3.17,0.41,12.3,6,0
5.9,0.29,0.16,7.9,0.044,48.0,197.0,0.99512,3.21,0.36,9.4,5,0
6.6,0.22,0.23,17.3,0.047,37.0,118.0,0.99906,3.08,0.46,8.8,6,0
6.0,0.28,0.29,19.3,0.051,36.0,174.0,0.99911,3.14,0.5,9.0,5,0
5.9,0.22,0.18,6.4,0.041,28.0,120.0,0.99403,3.27,0.5,9.9,5,0
6.2,0.21,0.24,1.2,0.051,31.0,95.0,0.99036,3.24,0.57,11.3,6,0
6.0,0.19,0.37,9.7,0.032,17.0,50.0,0.9932,3.08,0.66,12.0,6,0
6.8,0.23,0.39,16.1,0.053,71.0,194.0,0.9988,3.18,0.64,10.2,6,0
6.1,0.27,0.32,1.1,0.034,24.0,110.0,0.9898,3.36,0.4,12.5,6,0
5.8,0.27,0.22,12.7,0.058,42.0,206.0,0.9946,3.32,0.38,12.3,6,0
6.4,0.37,0.19,3.5,0.068,18.0,101.0,0.9934,3.03,0.38,9.0,6,0
7.3,0.28,0.54,12.9,0.049,62.0,152.0,0.9984,3.06,0.45,9.1,6,0
6.9,0.28,0.37,9.1,0.037,16.0,76.0,0.9948,3.05,0.54,11.1,5,0
6.0,0.26,0.26,2.2,0.035,10.0,72.0,0.989465,3.11,0.48,12.15,6,0
5.8,0.28,0.66,9.1,0.039,26.0,159.0,0.9965,3.66,0.55,10.8,5,0
8.6,0.36,0.26,11.1,0.03,43.5,171.0,0.9948,3.03,0.49,12.0,5,0
6.4,0.3,0.27,4.4,0.055,17.0,135.0,0.9925,3.23,0.44,12.2,6,0
6.9,0.23,0.35,6.9,0.03,45.0,116.0,0.99244,2.8,0.54,11.0,6,0
5.9,0.42,0.36,2.4,0.034,19.0,77.0,0.99184,3.25,0.48,10.9,5,0
7.5,0.305,0.38,1.4,0.047,30.0,95.0,0.99158,3.22,0.52,11.5,7,0
6.1,0.19,0.37,2.6,0.041,24.0,99.0,0.99153,3.18,0.5,10.9,6,0
5.7,0.25,0.32,12.2,0.041,43.0,127.0,0.99524,3.23,0.53,10.4,7,0
6.2,0.28,0.41,5.0,0.043,50.0,188.0,0.99318,3.23,0.64,10.8,6,0
6.5,0.51,0.25,1.7,0.048,39.0,177.0,0.99212,3.28,0.57,10.5666666666667,5,0
6.0,0.29,0.41,10.8,0.048,55.0,149.0,0.9937,3.09,0.59,10.9666666666667,7,0
6.0,0.17,0.33,6.0,0.036,30.0,111.0,0.99362,3.32,0.58,10.15,7,0
6.0,0.36,0.32,1.1,0.053,26.0,173.0,0.99414,3.38,0.54,8.8,5,0
7.0,0.27,0.74,1.3,0.173,34.0,121.0,0.99334,3.04,0.46,9.2,6,0
6.7,0.15,0.32,7.9,0.034,17.0,81.0,0.99512,3.29,0.31,10.0,6,0
6.1,0.32,0.33,10.7,0.036,27.0,98.0,0.99521,3.34,0.52,10.2,6,0
6.3,0.48,0.48,1.8,0.035,35.0,96.0,0.99121,3.49,0.74,12.2,6,0
5.5,0.16,0.31,1.2,0.026,31.0,68.0,0.9898,3.33,0.44,11.65,6,0
6.0,0.14,0.37,1.2,0.032,63.0,148.0,0.99185,3.32,0.44,11.2,5,0
6.0,0.38,0.26,3.5,0.035,38.0,111.0,0.98872,3.18,0.47,13.6,7,0
5.2,0.3,0.34,1.5,0.038,18.0,96.0,0.98942,3.56,0.48,13.0,8,1
6.8,0.27,0.3,13.0,0.047,69.0,160.0,0.99705,3.16,0.5,9.6,6,0
6.8,0.27,0.3,13.0,0.047,69.0,160.0,0.99705,3.16,0.5,9.6,6,0
4.4,0.32,0.39,4.3,0.03,31.0,127.0,0.98904,3.46,0.36,12.8,8,1
4.7,0.785,0.0,3.4,0.036,23.0,134.0,0.98981,3.53,0.92,13.8,6,0
6.0,0.32,0.3,7.3,0.174,46.0,159.0,0.99519,3.18,0.49,9.4,5,0
6.6,0.28,0.09,10.9,0.051,37.0,131.0,0.99566,2.93,0.62,9.5,6,0
5.1,0.26,0.33,1.1,0.027,46.0,113.0,0.98946,3.35,0.43,11.4,7,0
5.8,0.36,0.5,1.0,0.127,63.0,178.0,0.99212,3.1,0.45,9.7,5,0
5.8,0.38,0.26,1.1,0.058,20.0,140.0,0.99271,3.27,0.43,9.7,6,0
5.6,0.295,0.26,1.1,0.035,40.0,102.0,0.99154,3.47,0.56,10.6,6,0
6.6,0.24,0.33,10.1,0.032,8.0,81.0,0.99626,3.19,0.51,9.8,6,0
4.9,0.47,0.17,1.9,0.035,60.0,148.0,0.98964,3.27,0.35,11.5,6,0
6.2,0.21,0.29,1.6,0.039,24.0,92.0,0.99114,3.27,0.5,11.2,6,0
